rs_school_emis_code,sc_total_exp_current_year,sc_balance,total_funds_available
31110001,276183,1624878,1901061
31110002,269962,1226920,1496882
31110003,123640,1576831,1700471
31110004,148000,828761,976761
31110005,0,2450946,2450946
31110006,381076,832477,1213553
31110007,0,1360501,1360501
31110008,0,951223,951223
31110009,0,0,0
31110010,138220,1639602,1777822
31110011,210998,391832,602830
31110012,0,1284418,1284418
31110013,106812,1418053,1524865
31110014,415707,822856,1238563
31110015,890000,1184941,2074941
31110017,7096,339617,346713
31110018,255158,1096624,1351782
31110019,0,919220,919220
31110020,0,0,0
31110021,363715,1052803,1416518
31110022,117526,782465,899991
31110023,189292,964085,1153377
31110024,552752,822727,1375479
31110025,194868,1026315,1221183
31110026,100031,1147084,1247115
31110027,177000,1003750,1180750
31110028,271075,923176,1194251
31110029,0,8437,8437
31110030,161050,1162025,1323075
31110031,339225,2075012,2414237
31110032,11000,1655066,1666066
31110033,0,0,0
31110034,0,1388867,1388867
31110035,195915,1221313,1417228
31110036,333487,1204552,1538039
31110037,140790,2192349,2333139
31110038,615363,821966,1437329
31110039,0,1176258,1176258
31110040,163230,1021350,1184580
31110041,0,1196145,1196145
31110042,145750,1123753,1269503
31110043,111000,1097468,1208468
31110044,50000,422759,472759
31110045,54297,1145311,1199608
31110046,0,503388,503388
31110047,100000,232287,332287
31110048,100035,17389,117424
31110049,350267,1013817,1364084
31110050,144035,86968,231003
31110051,100000,176819,276819
31110052,167941,42547,210488
31110054,70000,51998,121998
31110055,140000,287720,427720
31110056,230000,136178,366178
31110057,197800,50574,248374
31110058,48000,1205170,1253170
31110059,0,368231,368231
31110060,200000,115226,315226
31110061,0,1440075,1440075
31110062,250000,1020280,1270280
31110063,28371,1160425,1188796
31110064,558422,753554,1311976
31110065,80000,172778,252778
31110066,50000,950247,1000247
31110067,140000,61000,201000
31110068,237000,973152,1210152
31110069,150000,2408086,2558086
31110070,0,0,0
31110071,0,142559,142559
31110072,0,180,180
31110073,150035,32835,182870
31110074,150000,73820,223820
31110075,140000,73001,213001
31110076,161470,268534,430004
31110078,8903,226717,235620
31110079,120105,935429,1055534
31110080,45000,1099234,1144234
31110081,291001,1130482,1421483
31110082,0,22467,22467
31110083,0,584604,584604
31110084,210000,943398,1153398
31110085,0,961143,961143
31110086,70000,1121782,1191782
31110087,46600,61236,107836
31110088,0,660002,660002
31110090,50000,5020,55020
31110093,0,885428,885428
31110097,75450,448396,523846
31110098,0,492376,492376
31110103,25000,75568,100568
31110104,0,963888,963888
31110105,55000,511106,566106
31110107,0,0,0
31110108,60300,821016,881316
31110109,20000,436307,456307
31110110,110000,432532,542532
31110111,0,698899,698899
31110114,95600,533700,629300
31110116,82000,469516,551516
31110117,12000,567528,579528
31110118,13000,722804,735804
31110119,105000,969752,1074752
31110120,0,1160811,1160811
31110121,0,0,0
31110122,80000,515640,595640
31110124,50000,69657,119657
31110127,0,1313831,1313831
31110130,80035,419481,499516
31110131,30000,763139,793139
31110132,0,0,0
31110133,80000,411013,491013
31110134,40070,1104622,1144692
31110136,90000,945346,1035346
31110139,65000,70854,135854
31110140,50000,1659,51659
31110143,55000,494257,549257
31110144,130070,418019,548089
31110146,0,557217,557217
31110147,0,78380,78380
31110148,32000,160480,192480
31110149,50000,1049100,1099100
31110150,45000,145872,190872
31110152,0,0,0
31110154,25000,63878,88878
31110155,0,956570,956570
31110156,12116,20345,32461
31110157,0,951756,951756
31110158,0,745360,745360
31110162,50000,149664,199664
31110164,30000,139051,169051
31110167,35,1079934,1079969
31110168,61471,86113,147584
31110169,0,163684,163684
31110177,140058,3664,143722
31110180,63413,4819,68232
31110181,35,627165,627200
31110185,160000,516573,676573
31110189,100000,934291,1034291
31110190,98690,1044026,1142716
31110191,0,1279793,1279793
31110193,0,205006,205006
31110194,0,971293,971293
31110195,0,72998,72998
31110196,20000,476449,496449
31110199,0,1047089,1047089
31110202,90070,63697,153767
31110205,8000,116176,124176
31110207,25105,45768,70873
31110208,98000,45535,143535
31110209,10000,59019,69019
31110211,48000,21578,69578
31110213,25000,166333,191333
31110214,78000,922714,1000714
31110215,35000,94969,129969
31110216,0,245924,245924
31110217,0,0,0
31110218,100000,172939,272939
31110219,30000,51580,81580
31110222,0,46654,46654
31110223,50000,191877,241877
31110226,0,987686,987686
31110227,100000,1279393,1379393
31110228,0,882575,882575
31110232,0,57808,57808
31110233,100000,27234,127234
31110234,0,480601,480601
31110235,35535,1238,36773
31110236,0,20642,20642
31110238,0,646672,646672
31110239,95070,996536,1091606
31110240,0,703923,703923
31110241,49000,659,49659
31110243,155000,72502,227502
31110244,70105,8735,78840
31110245,68035,566726,634761
31110246,98000,411916,509916
31110249,0,923956,923956
31110250,90000,231672,321672
31110251,65928,30879,96807
31110253,0,903546,903546
31110254,45850,108566,154416
31110256,0,1054909,1054909
31110257,0,55630,55630
31110258,100635,698733,799368
31110259,0,136468,136468
31110261,0,292346,292346
31110263,81581,70,81651
31110266,0,574562,574562
31110267,38894,25675,64569
31110268,90035,43003,133038
31110269,40035,48535,88570
31110270,0,170791,170791
31110271,0,442017,442017
31110272,107000,452299,559299
31110274,15000,508865,523865
31110275,100000,500087,600087
31110278,0,0,0
31110279,100425,21189,121614
31110280,180000,88801,268801
31110281,0,1251648,1251648
31110284,70000,33162,103162
31110285,0,66815,66815
31110286,123000,2577,125577
31110287,0,519246,519246
31110289,50000,59029,109029
31110290,158000,858892,1016892
31110291,0,88785,88785
31110292,118000,95016,213016
31110293,0,168246,168246
31110294,25000,97031,122031
31110295,60000,1086769,1146769
31110296,20000,128424,148424
31110298,0,112799,112799
31110299,178750,23389,202139
31110300,139535,822236,961771
31110301,130000,492721,622721
31110302,4900,444499,449399
31110303,100000,1191960,1291960
31110305,54000,2288,56288
31110306,0,0,0
31110307,52000,895928,947928
31110308,40000,159663,199663
31110309,0,85882,85882
31110311,35000,223328,258328
31110313,70480,1043341,1113821
31110315,62820,1023,63843
31110316,57000,887780,944780
31110317,50000,204766,254766
31110318,45000,49902,94902
31110319,0,238133,238133
31110320,0,31740,31740
31110322,120000,963380,1083380
31110323,0,169010,169010
31110324,0,580902,580902
31110325,0,80936,80936
31110326,30000,12305,42305
31110336,0,137984,137984
31110344,0,95194,95194
31110347,35,328856,328891
31110348,111076,465,111541
31110349,0,0,0
31110350,48000,33380,81380
31110352,100000,61029,161029
31110353,50000,48654,98654
31110357,0,864853,864853
31110358,0,52392,52392
31110359,90000,240,90240
31110360,103290,157187,260477
31110362,48000,73774,121774
31110363,50000,61969,111969
31110364,227161,897,228058
31110365,200000,947663,1147663
31110366,145106,1249559,1394665
31110367,139000,769,139769
31110368,139000,1851,140851
31110370,100070,1002438,1102508
31110371,50000,271823,321823
31110372,135917,0,135917
31110373,50000,64983,114983
31110374,0,0,0
31110375,0,111252,111252
31110376,90000,905476,995476
31110377,0,160525,160525
31110378,89200,870197,959397
31110379,50000,77371,127371
31110380,63000,102,63102
31110381,120035,432454,552489
31110382,214535,1327,215862
31110383,35,252363,252398
31110384,62000,862175,924175
31110385,0,159453,159453
31110386,50000,872682,922682
31110391,50000,75487,125487
31110392,0,0,137425
31110395,0,87174,87174
31110396,70000,1154878,1224878
31110398,30000,33424,63424
31110400,91800,76117,167917
31110401,0,1082654,1082654
31110403,0,0,0
31110405,25000,561,25561
31110416,0,1482337,1482337
31110417,100070,28584,128654
31110418,60070,31864,91934
31110419,76536,121217,197753
31110420,0,164973,164973
31110432,60000,1011243,1071243
31110433,90000,1913,91913
31110434,200000,17669,217669
31110438,150000,686223,836223
31110439,76000,1829,77829
31110440,65035,367,65402
31110442,104000,1377,105377
31110443,80000,45009,125009
31110444,359534,86629,446163
31110445,88600,858065,946665
31110446,105035,428,105463
31110447,123200,62228,185428
31110448,40000,17551,57551
31110450,65000,823548,888548
31110451,0,135709,135709
31110452,50000,65014,115014
31110453,124000,462,124462
31110455,0,1023587,1023587
31110456,100000,71183,171183
31110457,233000,2490,235490
31110459,0,43438,43438
31110460,175000,300,175300
31110461,85035,4804,89839
31110464,120000,92999,212999
31110465,50000,1061,51061
31110466,85105,1749,86854
31110467,0,95135,95135
31110468,78000,661,78661
31110469,0,239071,239071
31110470,46000,78999,124999
31110471,98000,250512,348512
31110472,55000,670,55670
31110473,0,96154,96154
31110474,157820,958335,1116155
31110476,0,0,0
31110477,32000,138845,170845
31110480,150440,92015,242455
31110481,0,0,0
31110482,125000,5359,130359
31110483,135000,5430,140430
31110484,94500,225734,320234
31110486,0,0,0
31110487,110000,897678,1007678
31110488,72250,264072,336322
31110490,80000,966704,1046704
31110491,0,54287,54287
31110492,93105,535,93640
31110493,54500,762,55262
31110494,0,228417,228417
31110495,0,0,0
31110496,107100,100466,207566
31110498,0,0,0
31110499,145000,979400,1124400
31110501,95000,32,95032
31110503,0,1627946,1627946
31110505,30000,47439,77439
31110506,150000,1124799,1274799
31110507,0,201940,201940
31110508,100000,995145,1095145
31110510,0,1066965,1066965
31110511,0,10350,10350
31110512,0,569346,569346
31110513,0,582754,582754
31110514,12000,429524,441524
31110516,0,0,0
31110518,0,0,0
31110520,0,0,0
31110521,0,0,0
31110522,0,0,0
31110523,0,0,0
31110524,0,0,0
31110525,0,0,0
31110526,0,0,0
31110527,75000,411932,486932
31110528,82500,493675,576175
31110529,0,1022175,1022175
31110531,0,0,0
31110533,64500,58107,122607
31110536,42405,48171,90576
31110537,28000,648,28648
31110538,104690,47661,152351
31110540,50000,482462,532462
31110541,58,106,164
31110546,32000,95,32095
31110550,40000,29199,69199
31110554,0,0,0
31110559,0,0,0
31110561,20070,521356,541426
31110563,6000,92705,98705
31110569,69952,48,70000
31110570,50070,59712,109782
31110571,0,83681,83681
31110572,0,217811,217811
31110575,25000,30468,55468
31110578,0,0,0
31110580,0,0,0
31110581,0,331826,331826
31110583,0,33701,33701
31110585,145687,450480,596167
31110586,246505,175965,422470
31110587,0,0,0
31110620,100000,157601,257601
31110621,0,0,0
31110623,68035,29144,97179
31110624,35,486831,486866
31110625,0,0,0
31110626,49980,321244,371224
31110628,0,1248304,1248304
31110629,60000,51110,111110
31110650,0,287445,287445
31110652,80122,0,80122
31110653,40000,82019,122019
31110655,93000,100983,193983
31110658,20000,502697,522697
31110659,0,82609,82609
31110660,0,308952,308952
31110661,46140,873641,919781
31110662,251250,913558,1164808
31110663,64000,1115663,1179663
31110664,0,709969,709969
31110665,78468,545,79013
31110667,0,0,0
31110668,0,0,0
31110671,0,49867,49867
31110672,28000,53187,81187
31110677,0,0,0
31110680,0,0,0
31120001,368130,1212315,1580445
31120002,0,234194,234194
31120003,230629,885441,1116070
31120004,294037,1813911,2107948
31120005,240886,889575,1130461
31120006,703160,1261425,1964585
31120007,147436,975275,1122711
31120008,417769,1209365,1627134
31120009,175951,1002579,1178530
31120010,76334,900466,976800
31120011,201544,925879,1127423
31120012,164001,1304902,1468903
31120013,0,0,0
31120014,302557,1003583,1306140
31120015,191910,1080270,1272180
31120016,100000,926244,1026244
31120017,139000,413,139413
31120018,151982,908801,1060783
31120019,172658,935038,1107696
31120020,69668,1123669,1193337
31120021,35,1212241,1212276
31120022,114704,936612,1051316
31120023,235568,877616,1113184
31120024,63301,1198653,1261954
31120025,57861,923092,980953
31120026,83181,905783,988964
31120027,111568,931086,1042654
31120028,874634,1497132,2371766
31120029,136575,343371,479946
31120030,177455,1697146,1874601
31120031,95163,500089,595252
31120032,259365,819854,1079219
31120033,558952,955592,1514544
31120034,294412,909650,1204062
31120035,35,1250227,1250262
31120036,200387,969548,1169935
31120037,76687,1207695,1284382
31120038,0,256172,256172
31120039,83883,1001288,1085171
31120040,0,0,0
31120041,0,1075925,1075925
31120042,339924,985260,1325184
31120043,101244,849293,950537
31120044,59280,985275,1044555
31120045,157868,984571,1142439
31120046,0,1003852,1003852
31120047,140347,573863,714210
31120048,193781,262255,456036
31120049,48940,997253,1046193
31120050,228500,225220,453720
31120051,50000,871895,921895
31120052,696653,6192,702845
31120053,50035,911742,961777
31120054,35,1156541,1156576
31120055,40070,1116163,1156233
31120056,166000,446352,612352
31120057,98070,802157,900227
31120058,216605,871326,1087931
31120059,124888,1150173,1275061
31120060,5000,68935,73935
31120061,110641,274656,385297
31120062,85000,1479268,1564268
31120063,0,1152238,1152238
31120064,35,1234716,1234751
31120065,187470,934721,1122191
31120066,0,1041626,1041626
31120067,70203,1067093,1137296
31120068,50000,1110979,1160979
31120069,904745,846330,1751075
31120070,45070,823889,868959
31120072,45000,96624,141624
31120074,462973,1006875,1469848
31120075,48232,973640,1021872
31120077,204090,37462,241552
31120078,45000,247123,292123
31120079,185000,95007,280007
31120080,150303,540098,690401
31120081,100000,139885,239885
31120082,71845,907,72752
31120083,200000,146972,346972
31120084,121233,40778,162011
31120085,200325,1174924,1375249
31120086,203500,349943,553443
31120087,150000,198466,348466
31120088,61000,513638,574638
31120089,24000,70633,94633
31120090,50000,1031822,1081822
31120091,70035,13086,83121
31120092,0,91382,91382
31120093,19000,113728,132728
31120094,46108,48664,94772
31120095,50000,126399,176399
31120096,9300,214094,223394
31120097,94000,102327,196327
31120098,40000,1004940,1044940
31120099,120000,877685,997685
31120100,50000,1016697,1066697
31120101,0,212048,212048
31120102,0,192692,192692
31120103,70035,208663,278698
31120104,0,102634,102634
31120105,55000,114338,169338
31120106,81902,904927,986829
31120107,0,0,0
31120108,90000,901343,991343
31120109,30000,104217,134217
31120110,0,1206028,1206028
31120111,100000,1119315,1219315
31120112,124000,1302,125302
31120113,0,1000608,1000608
31120114,140350,44526,184876
31120115,57739,878990,936729
31120116,70,187699,187769
31120117,50000,1007716,1057716
31120118,80000,54622,134622
31120119,149230,861272,1010502
31120120,170878,85211,256089
31120121,13581,1003841,1017422
31120122,0,136911,136911
31120123,50000,986326,1036326
31120124,488217,154749,642966
31120125,158967,1113624,1272591
31120126,567175,159522,726697
31120127,0,901924,901924
31120128,50290,186781,237071
31120129,0,209995,209995
31120130,50000,166780,216780
31120131,100000,85127,185127
31120132,89430,181602,271032
31120133,59591,823083,882674
31120134,45000,873780,918780
31120135,37000,67862,104862
31120137,0,90147,90147
31120138,150000,79520,229520
31120139,289084,210651,499735
31120140,0,306869,306869
31120141,120000,51406,171406
31120142,0,137863,137863
31120143,15725,1223906,1239631
31120144,60000,1026409,1086409
31120145,0,59400,59400
31120146,55000,76998,131998
31120147,30105,89821,119926
31120149,225745,3229079,3454824
31120152,0,1748,1748
31120153,0,0,0
31120154,50000,183602,233602
31120155,0,156920,156920
31120156,93974,1018960,1112934
31120157,50035,439981,490016
31120158,185000,153963,338963
31120159,287192,852971,1140163
31120161,50035,848423,898458
31120162,15000,872417,887417
31120163,502325,423442,925767
31120169,532326,353754,886080
31120171,302620,829881,1132501
31120172,70420,1064229,1134649
31120175,35,107814,107849
31120176,41070,47819,88889
31120177,86700,983,87683
31120180,158000,864027,1022027
31120185,45000,945625,990625
31120187,0,0,0
31120188,15035,894083,909118
31120190,0,1796,1796
31120192,0,0,0
31120193,30035,955400,985435
31120194,100035,868564,968599
31120195,60035,147940,207975
31120196,80070,844140,924210
31120197,39608,972917,1012525
31120198,20035,927800,947835
31120199,55035,1107822,1162857
31120202,11470,1088100,1099570
31120203,0,0,0
31120205,10000,968990,978990
31120206,22035,830250,852285
31120207,50035,1081086,1131121
31120209,100035,890733,990768
31120210,78070,841027,919097
31120211,52000,821651,873651
31120212,45035,856779,901814
31120213,35070,860628,895698
31120217,35690,81655,117345
31120219,65035,44361,109396
31120220,75070,90034,165104
31120221,50035,929178,979213
31120223,125000,530466,655466
31120224,150070,866452,1016522
31120225,40070,917725,957795
31120226,290,79877,80167
31120227,40000,865598,905598
31120230,73035,48473,121508
31120231,108093,935269,1043362
31120234,314304,49279,363583
31120235,1123941,506,1124447
31120239,381480,1018480,1399960
31120241,0,0,0
31120243,398394,1088547,1486941
31120246,110105,1074664,1184769
31120247,0,945401,945401
31120248,182922,982323,1165245
31120251,35,1028219,1028254
31120252,115000,934919,1049919
31120253,96611,899984,996595
31120254,20000,939592,959592
31120264,0,975768,975768
31120265,40000,1041841,1081841
31120267,116000,831005,947005
31120268,0,1066337,1066337
31120269,10000,956004,966004
31120270,0,954409,954409
31120271,60000,905688,965688
31120273,75000,966392,1041392
31120276,0,951841,951841
31120278,62000,918037,980037
31120281,114939,935207,1050146
31120287,45000,918556,963556
31120291,45000,879927,924927
31120292,0,879173,879173
31120293,0,981019,981019
31120294,45000,924712,969712
31120296,90000,869487,959487
31120297,75000,917867,992867
31120298,24616,942128,966744
31120300,80070,913728,993798
31120301,50035,549453,599488
31120304,0,1080514,1080514
31120306,100070,863762,963832
31120307,15000,1256837,1271837
31120308,60000,896296,956296
31120309,0,1139406,1139406
31120311,0,0,0
31120312,146035,822176,968211
31120313,0,141,141
31120314,0,244600,244600
31120315,20000,872563,892563
31120317,44000,891078,935078
31120320,95070,993230,1088300
31120321,80106,166937,247043
31120323,70105,1005322,1075427
31120329,35,1070577,1070612
31120330,0,729164,729164
31120331,80035,831219,911254
31120332,700000,313573,1013573
31120333,488175,890747,1378922
31120334,48035,821194,869229
31120339,262390,22320,284710
31120340,35035,948241,983276
31120347,55070,871907,926977
31120348,412382,872686,1285068
31120350,40000,931241,971241
31120352,50035,851382,901417
31120354,35,1000890,1000925
31120358,70000,928254,998254
31120360,50035,78188,128223
31120362,40035,891086,931121
31120365,76128,835168,911296
31120369,43070,820985,864055
31120371,35035,954874,989909
31120372,15000,960374,975374
31120374,17535,983399,1000934
31120375,160365,863888,1024253
31120376,76140,890345,966485
31120378,35,954932,954967
31120383,15035,1065890,1080925
31120385,0,0,0
31120386,0,102285,102285
31120387,54442,876909,931351
31120388,160218,72096,232314
31120391,30000,108432,138432
31120397,70000,892049,962049
31120398,60000,503999,563999
31120399,0,173991,173991
31120400,60000,33373,93373
31120401,70000,908890,978890
31120402,40000,45104,85104
31120403,72000,60441,132441
31120404,18035,2260,20295
31120406,35000,64320,99320
31120407,70000,74629,144629
31120408,292175,124621,416796
31120409,111000,27297,138297
31120411,295175,950368,1245543
31120414,200316,134970,335286
31120416,185000,79416,264416
31120418,0,1265335,1265335
31120419,302325,301572,603897
31120421,280475,83969,364444
31120422,28000,26716,54716
31120423,49000,49969,98969
31120424,120470,26752,147222
31120425,0,0,0
31120426,189900,60,189960
31120427,150000,43667,193667
31120430,10000,79948,89948
31120433,100000,467036,567036
31120435,112203,66865,179068
31120437,0,0,0
31120438,265000,44577,309577
31120439,50000,88643,138643
31120440,40000,879064,919064
31120441,35,994031,994066
31120442,184667,22395,207062
31120444,165000,861361,1026361
31120445,100720,95631,196351
31120446,74000,77401,151401
31120447,39035,65659,104694
31120448,21392,70601,91993
31120449,78035,28376,106411
31120450,105035,451706,556741
31120451,20335,89793,110128
31120452,109628,258,109886
31120453,216337,179,216516
31120454,48000,1428671,1476671
31120455,35035,449121,484156
31120456,54000,26400,80400
31120457,57069,80050,137119
31120458,0,0,0
31120459,159596,75826,235422
31120460,25000,976575,1001575
31120461,55000,523642,578642
31120462,158800,65128,223928
31120464,0,0,0
31120466,45290,54397,99687
31120467,0,0,0
31120469,22035,1007971,1030006
31120470,123585,663994,787579
31120471,75000,104676,179676
31120473,0,189685,189685
31120474,61000,55469,116469
31120476,33000,77040,110040
31120477,36035,78984,115019
31120479,115105,1969,117074
31120480,70,278291,278361
31120482,28000,23354,51354
31120483,75000,111357,186357
31120484,126000,80239,206239
31120485,48800,28618,77418
31120486,94000,732,94732
31120487,0,509353,509353
31120488,0,0,0
31120489,100000,954996,1054996
31120490,44376,865569,909945
31120491,35,286523,286558
31120492,0,992340,992340
31120493,49000,1002091,1051091
31120495,0,166233,166233
31120496,0,114792,114792
31120497,72000,941,72941
31120498,0,85984,85984
31120499,70000,1053470,1123470
31120500,50000,981863,1031863
31120501,40000,889077,929077
31120502,64764,455075,519839
31120503,100000,25340,125340
31120504,57171,887090,944261
31120505,30000,951274,981274
31120506,30000,894041,924041
31120507,0,0,0
31120508,36000,39636,75636
31120509,0,239998,239998
31120510,0,119396,119396
31120511,75000,92274,167274
31120512,0,891124,891124
31120513,0,54081,54081
31120516,250000,875933,1125933
31120517,40000,93894,133894
31120518,0,1066163,1066163
31120519,38500,38478,76978
31120520,0,76144,76144
31120522,74000,165196,239196
31120523,60000,958065,1018065
31120524,50035,65092,115127
31120525,0,1197885,1197885
31120527,115430,100532,215962
31120528,30000,73919,103919
31120529,34000,82887,116887
31120530,0,63705,63705
31120531,0,965848,965848
31120532,30035,90186,120221
31120534,50035,313090,363125
31120535,100105,113102,213207
31120536,30000,86619,116619
31120537,0,1283176,1283176
31120540,26000,27792,53792
31120541,70,246160,246230
31120542,70972,1071520,1142492
31120543,23000,115462,138462
31120544,35,91155,91190
31120545,298044,238223,536267
31120546,30070,969547,999617
31120547,30000,97294,127294
31120548,70,977720,977790
31120549,30070,113883,143953
31120550,0,1370131,1370131
31120551,35,1299077,1299112
31120552,58000,59291,117291
31120553,0,995523,995523
31120554,50070,511961,562031
31120555,152799,0,152799
31120556,129000,391,129391
31120557,30070,167623,197693
31120558,120000,255728,375728
31120559,51000,78010,129010
31120560,200000,238658,438658
31120561,105335,410450,515785
31120562,0,0,0
31120563,123038,334620,457658
31120565,45000,102251,147251
31120566,75000,41391,116391
31120567,140000,488731,628731
31120568,29000,94061,123061
31120569,65035,68726,133761
31120570,20000,543191,563191
31120571,44035,103436,147471
31120572,50000,128738,178738
31120573,20000,83707,103707
31120574,59280,6620,65900
31120575,40000,674784,714784
31120576,70000,223969,293969
31120577,100000,150408,250408
31120580,87000,120598,207598
31120581,50000,245530,295530
31120582,0,295072,295072
31120583,105000,961715,1066715
31120584,35,1101485,1101520
31120585,50000,421039,471039
31120586,29334,87520,116854
31120588,140000,135828,275828
31120589,100000,103268,203268
31120590,186070,2746,188816
31120593,50105,238811,288916
31120594,320672,1306255,1626927
31120595,0,1104338,1104338
31120596,0,236186,236186
31120598,15000,970496,985496
31120599,1084525,3276,1087801
31120600,0,106970,106970
31120601,50000,112849,162849
31120603,30000,75673,105673
31120604,42000,119469,161469
31120605,71205,848067,919272
31120606,0,0,0
31120607,0,0,0
31120608,0,0,0
31120609,0,1000,1000
31120610,0,0,0
31120611,0,0,0
31120612,0,0,0
31120614,0,0,0
31120615,0,0,0
31120616,0,0,0
31120617,0,0,0
31120618,0,0,0
31120619,0,0,0
31120620,0,0,0
31120621,0,0,0
31120622,0,0,0
31120623,0,0,0
31120626,0,0,0
31120627,0,0,0
31120628,0,0,0
31120629,0,0,0
31120631,79000,858523,937523
31120634,0,0,0
31120635,0,0,0
31120636,0,0,0
31120641,0,0,0
31120643,0,0,0
31120644,35,205179,205214
31120645,19300,23490,42790
31120646,33000,936509,969509
31120647,96450,881673,978123
31120648,0,0,0
31120649,0,0,0
31120650,0,0,0
31120651,6035,18612,24647
31120652,5729,199745,205474
31120700,50000,65931,115931
31120702,25000,56638,81638
31120704,0,0,0
31120706,0,159572,159572
31120707,130625,39186,169811
31120708,100070,856436,956506
31120709,75072,1018050,1093122
31120710,70,1031084,1031154
31130001,294083,1556365,1850448
31130002,100000,1046542,1146542
31130003,402323,839780,1242103
31130004,106000,112264,218264
31130005,134253,1315590,1449843
31130006,90229,910631,1000860
31130007,31000,1007224,1038224
31130008,186432,1006030,1192462
31130009,24380,1058826,1083206
31130010,42193,861452,903645
31130011,196929,1376101,1573030
31130012,69221,921157,990378
31130013,125531,888978,1014509
31130014,90306,1007261,1097567
31130015,120069,1389860,1509929
31130016,220000,802637,1022637
31130017,431105,985078,1416183
31130018,106802,1027385,1134187
31130019,383437,1202448,1585885
31130020,381801,1616926,1998727
31130021,47000,216577,263577
31130022,139969,934607,1074576
31130023,209615,851337,1060952
31130024,543585,911788,1455373
31130025,68100,1043353,1111453
31130026,150000,1178108,1328108
31130027,100000,190789,290789
31130028,0,0,0
31130031,400000,1079821,1479821
31130032,199035,35887,234922
31130034,50070,512725,562795
31130035,26070,792723,818793
31130036,50000,999363,1049363
31130037,150035,100686,250721
31130038,225000,115307,340307
31130039,30000,65439,95439
31130040,57000,984887,1041887
31130041,298208,1122266,1420474
31130042,10000,156643,166643
31130043,0,937483,937483
31130044,23660,110261,133921
31130045,45000,74277,119277
31130046,54000,148608,202608
31130047,50000,300997,350997
31130048,0,1122515,1122515
31130049,40000,210303,250303
31130050,84623,294613,379236
31130051,120000,266474,386474
31130052,65000,247544,312544
31130053,0,219057,219057
31130054,90000,92103,182103
31130055,110000,89544,199544
31130056,50000,205778,255778
31130057,0,212281,212281
31130058,349999,11911,361910
31130059,180000,142103,322103
31130060,214880,846387,1061267
31130061,0,139719,139719
31130062,43500,238370,281870
31130063,55931,113872,169803
31130064,32000,165635,197635
31130065,0,130098,130098
31130066,0,587821,587821
31130067,75592,159377,234969
31130068,180000,857660,1037660
31130069,108270,177485,285755
31130070,5997,776140,782137
31130071,54377,173958,228335
31130072,50000,341252,391252
31130073,49500,127275,176775
31130074,100830,887423,988253
31130075,120000,220735,340735
31130076,140000,345446,485446
31130077,25000,135489,160489
31130078,122870,114176,237046
31130079,0,957577,957577
31130081,0,242196,242196
31130082,50000,95765,145765
31130083,13343,102293,115636
31130084,0,148827,148827
31130085,50000,615184,665184
31130088,75000,1030784,1105784
31130091,130000,1042630,1172630
31130093,150000,645502,795502
31130094,15000,717282,732282
31130095,59000,29308,88308
31130096,25000,507835,532835
31130099,12000,159799,171799
31130100,25000,637888,662888
31130101,50000,147080,197080
31130102,0,1266943,1266943
31130103,50000,634227,684227
31130104,70070,9710,79780
31130105,26000,2545,28545
31130106,60000,953986,1013986
31130107,40105,39218,79323
31130108,182785,577,183362
31130110,20000,457825,477825
31130112,99000,44262,143262
31130114,0,966693,966693
31130116,75000,972756,1047756
31130118,29270,934007,963277
31130120,125000,402059,527059
31130121,0,0,0
31130122,50000,1028969,1078969
31130125,100000,566021,666021
31130126,59000,6181,65181
31130128,154500,818071,972571
31130132,35,180395,180430
31130136,60070,512081,572151
31130137,140000,88621,228621
31130140,200000,1098852,1298852
31130141,100140,83586,183726
31130142,150000,48647,198647
31130143,35,651842,651877
31130144,60324,51679,112003
31130145,150000,2693,152693
31130146,189695,19959,209654
31130150,0,984944,984944
31130151,50035,492600,542635
31130152,200000,833383,1033383
31130153,70,333721,333791
31130154,35,978316,978351
31130155,0,310962,310962
31130156,25000,492486,517486
31130157,85000,841752,926752
31130158,46950,892329,939279
31130159,40000,900273,940273
31130161,68500,410527,479027
31130166,0,563318,563318
31130168,50035,987414,1037449
31130169,25000,564078,589078
31130170,60000,400742,460742
31130173,40000,75655,115655
31130174,90000,488129,578129
31130176,100000,879082,979082
31130178,50000,58715,108715
31130179,100000,954179,1054179
31130180,0,1111208,1111208
31130181,94129,630,94759
31130183,50000,109531,159531
31130184,70,155945,156015
31130187,100000,30544,130544
31130189,80000,456059,536059
31130191,50000,1089924,1139924
31130192,0,0,0
31130193,0,478757,478757
31130194,132070,2734,134804
31130195,100000,850340,950340
31130196,60000,799124,859124
31130197,88000,1483,89483
31130198,120143,40456,160599
31130199,20105,112964,133069
31130200,202720,979602,1182322
31130201,118700,466089,584789
31130202,241793,850492,1092285
31130207,0,987324,987324
31130208,20105,135176,155281
31130209,35050,53129,88179
31130210,70000,411331,481331
31130212,35,123298,123333
31130213,14767,974418,989185
31130215,20035,436822,456857
31130216,50035,956091,1006126
31130217,50000,914872,964872
31130219,65000,703130,768130
31130220,35,1017538,1017573
31130221,52909,728587,781496
31130222,40000,452705,492705
31130223,40000,73300,113300
31130224,70000,75819,145819
31130225,0,980104,980104
31130228,100000,865792,965792
31130229,50000,116873,166873
31130230,34000,512179,546179
31130231,75000,454518,529518
31130232,70,995587,995657
31130234,35,877609,877644
31130235,0,150153,150153
31130236,40000,1069039,1109039
31130237,30000,503216,533216
31130239,17321,947850,965171
31130240,75000,74906,149906
31130241,154000,860089,1014089
31130242,74035,115285,189320
31130243,50000,54198,104198
31130244,40000,123553,163553
31130245,30000,161186,191186
31130246,134000,411499,545499
31130247,65000,50264,115264
31130248,0,1029920,1029920
31130249,83000,50364,133364
31130250,125000,16594,141594
31130251,34035,64140,98175
31130252,65460,591,66051
31130253,60070,43756,103826
31130254,30000,52484,82484
31130255,45000,40715,85715
31130256,25000,98032,123032
31130257,98000,162488,260488
31130258,0,98875,98875
31130259,90105,94229,184334
31130260,30000,1147200,1177200
31130262,0,85293,85293
31130263,157000,211589,368589
31130264,75035,70867,145902
31130265,40000,107547,147547
31130266,0,86793,86793
31130267,26000,289,26289
31130268,0,204791,204791
31130270,0,0,0
31130271,120035,876612,996647
31130272,41000,80569,121569
31130273,47000,114824,161824
31130274,85000,923617,1008617
31130275,70000,111727,181727
31130276,75000,102136,177136
31130277,100000,88897,188897
31130278,0,21146,21146
31130279,50000,658799,708799
31130280,25000,554361,579361
31130281,114000,60419,174419
31130283,0,160638,160638
31130284,0,386661,386661
31130286,0,117719,117719
31130287,60000,112809,172809
31130288,0,694899,694899
31130289,0,275674,275674
31130290,45000,716190,761190
31130291,100000,258285,358285
31130292,0,153124,153124
31130293,20000,602724,622724
31130294,50000,83455,133455
31130295,25000,156543,181543
31130296,0,126256,126256
31130297,77900,38863,116763
31130298,0,59963,59963
31130299,40000,73746,113746
31130300,25000,116207,141207
31130301,0,72470,72470
31130302,60035,68427,128462
31130303,15000,78503,93503
31130305,0,222222,222222
31130306,35000,112182,147182
31130308,100000,96671,196671
31130310,0,259269,259269
31130311,0,92105,92105
31130313,50274,1007222,1057496
31130314,30548,46126,76674
31130316,0,122959,122959
31130317,71700,513394,585094
31130318,0,137651,137651
31130319,0,129012,129012
31130320,0,157694,157694
31130321,50000,207230,257230
31130322,40274,246939,287213
31130323,35,109193,109228
31130324,50000,159241,209241
31130325,110000,64167,174167
31130326,50000,174369,224369
31130328,30000,987377,1017377
31130329,0,365965,365965
31130330,160000,72162,232162
31130332,0,303202,303202
31130333,50000,689280,739280
31130336,20000,108878,128878
31130337,89940,0,89940
31130338,35,265339,265374
31130340,114000,289,114289
31130341,0,182192,182192
31130342,0,1097152,1097152
31130343,50000,9317,59317
31130344,0,414146,414146
31130345,7500,573219,580719
31130346,0,1087167,1087167
31130347,50000,603928,653928
31130348,0,0,0
31130350,0,203831,203831
31130351,45000,200588,245588
31130352,46000,123573,169573
31130353,48000,12777,60777
31130354,40000,64335,104335
31130356,85017,52995,138012
31130357,100000,25209,125209
31130360,50000,548083,598083
31130361,70035,59439,129474
31130362,0,53547,53547
31130363,0,260199,260199
31130364,190647,74179,264826
31130365,0,519168,519168
31130366,50000,53278,103278
31130367,50000,528820,578820
31130369,70000,35929,105929
31130370,0,114831,114831
31130372,110000,62261,172261
31130373,60000,79138,139138
31130374,146513,188458,334971
31130375,70000,105978,175978
31130376,0,41723,41723
31130377,30000,33924,63924
31130378,50000,37802,87802
31130379,37000,81246,118246
31130380,0,80978,80978
31130381,43000,75592,118592
31130382,25000,117856,142856
31130383,45000,24904,69904
31130384,50000,37898,87898
31130385,90000,85558,175558
31130386,0,214402,214402
31130387,100000,26475,126475
31130389,38633,98312,136945
31130390,40094,629,40723
31130391,0,188139,188139
31130392,0,130668,130668
31130393,50000,66693,116693
31130394,0,168972,168972
31130395,50000,110623,160623
31130396,35200,31203,66403
31130397,50000,147468,197468
31130398,70000,36307,106307
31130399,70000,119267,189267
31130400,0,147759,147759
31130401,110000,73728,183728
31130402,0,152975,152975
31130403,0,130553,130553
31130404,0,0,0
31130405,0,0,0
31130406,0,0,0
31130407,0,0,0
31130408,0,0,0
31130410,0,0,0
31130411,0,0,0
31130412,0,0,0
31130413,0,0,0
31130414,0,0,0
31130416,0,0,0
31130417,0,0,0
31130418,0,0,0
31130419,0,144221,144221
31130420,0,4284,4284
31130422,195500,68499,263999
31130425,0,0,0
31130426,0,0,0
31130427,0,0,0
31130428,0,0,0
31130429,115500,489,115989
31130431,0,0,0
31130432,0,0,0
31130433,0,0,0
31130434,0,0,0
31130436,0,0,0
31130437,0,22858,22858
31130439,0,0,0
31130443,0,0,0
31130444,0,0,0
31130446,0,0,0
31130448,15000,1708,16708
31130449,25000,912670,937670
31130450,0,0,0
31130451,45000,438917,483917
31130452,100035,414712,514747
31130453,50500,27507,78007
31130455,0,0,0
31130456,0,0,0
31130457,0,1000,1000
31130458,0,0,0
31130459,0,0,0
31130460,0,0,0
31130462,0,0,0
31130463,0,0,0
31130464,0,0,0
31130465,0,0,0
31130467,0,0,0
31130468,65000,939879,1004879
31130471,0,0,0
31130472,50000,83510,133510
31130475,0,0,0
31130476,0,0,0
31130477,0,0,0
31130478,0,0,0
31130479,0,0,0
31130480,0,0,0
31130481,0,0,0
31130483,0,0,0
31130484,0,0,0
31130485,0,0,0
31130488,0,0,0
31130489,0,0,0
31130493,0,224191,224191
31130494,144500,74167,218667
31130501,40000,247111,287111
31140001,400000,1591467,1991467
31140002,23525,1437075,1460600
31140003,672066,1260298,1932364
31140004,139063,2327966,2467029
31140005,106114,1217313,1323427
31140006,403506,861610,1265116
31140007,99898,901917,1001815
31140008,35000,794217,829217
31140009,286625,911143,1197768
31140010,203075,903960,1107035
31140011,135577,8064,143641
31140012,246631,1264608,1511239
31140013,149990,68525,218515
31140014,173176,2462497,2635673
31140015,998743,0,998743
31140016,86408,1242452,1328860
31140017,165287,922846,1088133
31140018,64681,1396688,1461369
31140019,0,1164091,1164091
31140020,146996,72212,219208
31140021,87825,913618,1001443
31140022,0,1859774,1859774
31140023,426098,2047059,2473157
31140025,0,0,0
31140026,183000,981112,1164112
31140027,0,1058465,1058465
31140028,149144,1150267,1299411
31140029,313583,1189416,1502999
31140030,0,0,0
31140031,184410,1013726,1198136
31140032,92663,925049,1017712
31140033,0,0,0
31140034,20000,1360348,1380348
31140035,149498,1040730,1190228
31140036,73671,1257965,1331636
31140037,215932,1077510,1293442
31140038,35,542899,542934
31140039,418395,1112382,1530777
31140040,190630,430,191060
31140041,35,396356,396391
31140042,49575,899905,949480
31140043,49500,133145,182645
31140044,35,1058217,1058252
31140045,12035,52493,64528
31140046,90161,958541,1048702
31140047,40535,186385,226920
31140048,0,253392,253392
31140049,88000,47891,135891
31140050,75035,200867,275902
31140051,48035,199631,247666
31140052,0,690064,690064
31140053,35,86712,86747
31140054,91634,143522,235156
31140055,32390,9700,42090
31140056,70490,117303,187793
31140057,0,160107,160107
31140058,50035,69179,119214
31140059,0,0,0
31140060,0,145759,145759
31140061,48500,156168,204668
31140062,107124,121557,228681
31140063,46867,1374294,1421161
31140064,40000,360550,400550
31140065,100273,280249,380522
31140066,20105,269528,289633
31140067,120000,158771,278771
31140068,25000,331649,356649
31140069,99360,300599,399959
31140070,122000,230513,352513
31140071,60000,353487,413487
31140072,24500,706484,730984
31140073,117035,217761,334796
31140075,0,287422,287422
31140076,0,1075706,1075706
31140077,100000,1111455,1211455
31140078,50000,234880,284880
31140079,0,324061,324061
31140080,0,545597,545597
31140081,108611,917967,1026578
31140082,0,298105,298105
31140083,74008,140491,214499
31140084,0,445330,445330
31140085,55000,204597,259597
31140086,223626,1339977,1563603
31140087,0,211050,211050
31140088,125000,110338,235338
31140089,112035,1026229,1138264
31140090,99800,45490,145290
31140091,30000,208240,238240
31140092,53465,91748,145213
31140093,0,410828,410828
31140094,185000,938718,1123718
31140095,0,454011,454011
31140096,109096,151693,260789
31140097,96835,199974,296809
31140098,148044,231850,379894
31140099,34174,82836,117010
31140100,58781,194762,253543
31140101,0,276521,276521
31140102,0,126784,126784
31140103,0,403448,403448
31140104,60000,222068,282068
31140105,0,326752,326752
31140106,0,296240,296240
31140107,100000,299439,399439
31140108,40000,179356,219356
31140109,0,0,0
31140110,70035,1264860,1334895
31140111,80000,942899,1022899
31140112,35,662437,662472
31140115,57412,1017170,1074582
31140117,28794,22246,51040
31140118,50035,6344,56379
31140119,0,0,0
31140120,0,1023,1023
31140122,20035,564045,584080
31140123,0,92596,92596
31140125,0,0,0
31140127,85000,53739,138739
31140128,0,0,0
31140131,12035,85483,97518
31140132,35,663589,663624
31140133,124574,58579,183153
31140135,35,527334,527369
31140136,176660,862493,1039153
31140138,46209,35623,81832
31140140,144000,41973,185973
31140141,121400,117271,238671
31140142,80550,682864,763414
31140143,35,924376,924411
31140144,0,0,90
31140145,0,0,0
31140146,54535,8246,62781
31140147,68035,38584,106619
31140148,175022,89,175111
31140150,26253,1004537,1030790
31140151,163254,825297,988551
31140152,35,63465,63500
31140153,35,949177,949212
31140154,41945,64377,106322
31140156,8,60185,60193
31140157,84985,4638,89623
31140158,35,74835,74870
31140159,0,884210,884210
31140160,0,0,0
31140162,35,145589,145624
31140165,0,0,0
31140166,46674,18153,64827
31140167,50000,522041,572041
31140168,35,1163962,1163997
31140169,47035,546,47581
31140170,58838,57447,116285
31140171,0,64771,64771
31140172,0,206350,206350
31140173,12000,433825,445825
31140174,50000,31855,81855
31140175,42070,24489,66559
31140176,23800,1005295,1029095
31140177,50000,24426,74426
31140178,46097,975575,1021672
31140181,0,560606,560606
31140183,28000,29526,57526
31140184,72035,35893,107928
31140185,58300,25630,83930
31140186,0,1124220,1124220
31140187,0,0,818481
31140188,0,57929,57929
31140192,35,1046739,1046774
31140194,35,181516,181551
31140197,0,39380,39380
31140198,74307,18250,92557
31140200,0,124668,124668
31140201,0,54066,54066
31140202,25549,491825,517374
31140203,75879,80953,156832
31140204,59535,411717,471252
31140205,0,522201,522201
31140206,0,61188,61188
31140207,35,1059721,1059756
31140208,107377,830330,937707
31140209,50035,38732,88767
31140211,92000,909793,1001793
31140212,80000,453136,533136
31140215,75520,120021,195541
31140217,47000,448,47448
31140218,45705,506090,551795
31140222,0,790129,790129
31140225,60360,931893,992253
31140226,21500,23943,45443
31140227,49470,526594,576064
31140228,70,75966,76036
31140229,35,214371,214406
31140230,0,107392,107392
31140231,45000,88499,133499
31140233,85130,46214,131344
31140235,47475,823411,870886
31140236,0,876241,876241
31140240,22684,39516,62200
31140241,75835,10751,86586
31140242,49935,111677,161612
31140244,32525,197713,230238
31140245,60131,21728,81859
31140246,0,178388,178388
31140248,69070,24439,93509
31140250,98035,497454,595489
31140252,0,84206,84206
31140254,45035,12242,57277
31140256,35,57826,57861
31140257,100035,479444,579479
31140258,70000,18765,88765
31140259,0,515097,515097
31140260,50000,150366,200366
31140261,50000,681079,731079
31140262,0,86967,86967
31140263,50000,587488,637488
31140265,65035,103989,169024
31140268,35,20437,20472
31140269,35,543821,543856
31140270,35,582145,582180
31140272,40070,29703,69773
31140273,0,1060727,1060727
31140275,69335,61750,131085
31140276,35,71800,71835
31140277,0,100000,100000
31140278,105,1001446,1001551
31140279,26703,27579,54282
31140280,15093,47073,62166
31140282,49550,44529,94079
31140283,20000,59577,79577
31140284,0,89930,89930
31140285,50000,104411,154411
31140286,0,60560,60560
31140287,43150,130742,173892
31140288,45000,866669,911669
31140290,0,66179,66179
31140291,3960,714752,718712
31140292,80000,126662,206662
31140293,50000,1025572,1075572
31140294,0,100251,100251
31140295,0,0,0
31140296,52662,83802,136464
31140297,0,0,0
31140298,0,1019662,1019662
31140299,20000,555724,575724
31140300,10035,628969,639004
31140301,0,1029650,1029650
31140302,25000,346658,371658
31140303,0,67385,67385
31140304,20000,61051,81051
31140305,0,172944,172944
31140307,75075,185359,260434
31140308,0,141296,141296
31140309,0,125295,125295
31140310,105077,960225,1065302
31140311,0,1024572,1024572
31140312,40000,482695,522695
31140313,50000,548856,598856
31140314,25000,129427,154427
31140315,62000,48578,110578
31140316,28600,265925,294525
31140317,99000,127191,226191
31140318,161307,86271,247578
31140319,0,88953,88953
31140320,30000,37862,67862
31140321,25000,120686,145686
31140322,25000,102570,127570
31140324,0,0,0
31140326,20070,518917,538987
31140327,35,877045,877080
31140328,105000,836009,941009
31140329,25000,291675,316675
31140330,25000,148555,173555
31140331,61160,42228,103388
31140332,15000,651250,666250
31140333,0,0,0
31140334,20035,258701,278736
31140335,60000,288484,348484
31140336,50000,702694,752694
31140337,35,476831,476866
31140338,75070,216561,291631
31140339,20000,84214,104214
31140340,75000,246611,321611
31140341,0,255520,255520
31140342,40000,62942,102942
31140343,5825,131152,136977
31140344,0,168762,168762
31140345,20035,70072,90107
31140347,70,98498,98568
31140348,0,129238,129238
31140349,0,155341,155341
31140351,127646,307312,434958
31140352,157316,594967,752283
31140353,0,0,0
31140354,75025,534995,610020
31140355,0,0,0
31140356,0,287505,287505
31140358,0,578689,578689
31140359,35035,1103736,1138771
31140360,150000,158912,308912
31140361,20000,82041,102041
31140362,30000,71645,101645
31140363,25000,267142,292142
31140364,50000,113070,163070
31140365,0,209791,209791
31140366,25000,594373,619373
31140367,35,111534,111569
31140369,25035,52083,77118
31140372,0,518272,518272
31140373,0,867118,867118
31140374,88672,531438,620110
31140375,12000,265224,277224
31140376,0,1029720,1029720
31140377,15000,988625,1003625
31140378,0,1072171,1072171
31140379,40000,532657,572657
31140380,0,1027505,1027505
31140381,176000,151155,327155
31140382,115000,66376,181376
31140383,75000,1152009,1227009
31140384,100000,1211224,1311224
31140385,40189,235269,275458
31140386,30000,193683,223683
31140387,70035,130818,200853
31140389,51156,128912,180068
31140390,20000,914633,934633
31140391,25000,561230,586230
31140392,0,0,0
31140394,70035,217270,287305
31140396,80035,563539,643574
31140398,0,538009,538009
31140399,20000,66037,86037
31140400,25000,73217,98217
31140402,60000,76658,136658
31140403,105000,69045,174045
31140404,49900,681471,731371
31140405,50035,545343,595378
31140406,50000,548616,598616
31140407,25000,993777,1018777
31140408,24530,267179,291709
31140409,0,567162,567162
31140410,25000,244458,269458
31140411,0,892428,892428
31140412,0,77704,77704
31140413,0,119173,119173
31140414,23165,114002,137167
31140415,0,556248,556248
31140416,25000,1139640,1164640
31140417,0,1097887,1097887
31140419,115035,268168,383203
31140420,77840,1042406,1120246
31140421,70000,879193,949193
31140422,67585,65619,133204
31140423,0,32582,32582
31140424,0,609988,609988
31140425,0,103657,103657
31140426,25050,180868,205918
31140427,0,99868,99868
31140428,0,0,0
31140430,0,496857,496857
31140431,0,537956,537956
31140432,74000,119874,193874
31140433,35,984207,984242
31140434,0,96573,96573
31140438,25070,75416,100486
31140439,0,84000,84000
31140440,50000,218603,268603
31140441,30070,94752,124822
31140442,30000,105370,135370
31140443,75000,46424,121424
31140444,0,599189,599189
31140445,0,105091,105091
31140446,40070,550867,590937
31140447,25000,373428,398428
31140448,0,565210,565210
31140449,0,0,0
31140450,0,87217,87217
31140452,0,109245,109245
31140453,75105,8024,83129
31140454,0,0,0
31140455,0,321877,321877
31140456,0,187169,187169
31140457,0,127413,127413
31140458,50000,655574,705574
31140459,0,586425,586425
31140460,0,0,0
31140462,16070,406031,422101
31140463,30000,98586,128586
31140464,58159,1043459,1101618
31140467,40000,970899,1010899
31140468,20035,596941,616976
31140469,101160,501483,602643
31140470,0,75614,75614
31140471,0,69125,69125
31140472,50000,497313,547313
31140473,112449,930153,1042602
31140474,25035,1014711,1039746
31140475,0,1192503,1192503
31140476,72755,524153,596908
31140477,104776,1131457,1236233
31140479,25000,1074211,1099211
31140480,25070,64107,89177
31140483,65000,55685,120685
31140485,101857,1031451,1133308
31140486,30000,32342,62342
31140487,0,0,0
31140488,0,0,0
31140489,0,0,0
31140491,0,0,0
31140492,35,68972,69007
31140493,50000,101676,151676
31140494,48035,21850,69885
31140495,70490,59248,129738
31140497,82093,1733,83826
31140498,0,0,0
31140499,0,0,0
31140500,0,989845,989845
31140501,53416,49631,103047
31140502,15000,94255,109255
31140503,0,922499,922499
31140506,35,176826,176861
31140507,0,0,0
31140508,0,0,0
31140511,35,112108,112143
31140513,0,120407,120407
31140514,13670,885782,899452
31140515,0,0,0
31140518,0,0,0
31140520,0,89172,89172
31140521,0,0,0
31140522,0,0,0
31140523,0,0,0
31140524,97254,1248,98502
31140527,0,0,0
31140528,0,0,0
31140529,0,0,0
31140531,0,480435,480435
31140533,0,0,0
31140534,0,0,0
31140535,0,0,0
31140536,18300,107608,125908
31140537,79000,553044,632044
31140538,25000,145426,170426
31140539,105,586087,586192
31140542,40035,573926,613961
31140543,0,436691,436691
31140544,35,164848,164883
31140545,0,0,0
31140548,0,0,0
31140600,0,71685,71685
31140601,0,981413,981413
31140602,44867,313868,358735
31140603,159129,1025590,1184719
31140604,40035,583175,623210
31140605,40000,1030738,1070738
31140606,0,1039268,1039268
31140607,0,0,0
31140700,0,209432,209432
31150001,97923,1148367,1246290
31150002,253332,4112,257444
31150003,90116,1295788,1385904
31150004,0,1022618,1022618
31150005,0,981380,981380
31150006,27021,1202535,1229556
31150007,496374,1075813,1572187
31150008,441068,821530,1262598
31150009,200000,6543,206543
31150010,48859,1243157,1292016
31150012,243137,1152099,1395236
31150013,296083,824618,1120701
31150014,77583,664849,742432
31150015,35004,817820,852824
31150016,180486,775462,955948
31150017,350000,1019792,1369792
31150018,4491,1241915,1246406
31150019,145408,947222,1092630
31150020,98881,1278414,1377295
31150021,66900,22174,89074
31150022,42070,126763,168833
31150023,10000,166307,176307
31150024,20000,1077560,1097560
31150025,13500,895470,908970
31150026,100580,1017721,1118301
31150027,50000,615458,665458
31150028,150000,14977,164977
31150029,200000,74267,274267
31150030,479494,4084,483578
31150031,0,456560,456560
31150032,120000,4509,124509
31150033,160000,774369,934369
31150034,0,1087281,1087281
31150035,54931,445649,500580
31150036,15000,173476,188476
31150037,0,106492,106492
31150038,100000,233150,333150
31150040,49745,982795,1032540
31150041,65000,69373,134373
31150042,0,59835,59835
31150043,35,683644,683679
31150045,60035,1112259,1172294
31150046,45000,320347,365347
31150047,155580,993286,1148866
31150048,50000,803983,853983
31150049,121600,821508,943108
31150050,50000,1011306,1061306
31150051,50000,869137,919137
31150052,78000,1807,79807
31150053,20000,418940,438940
31150054,0,942326,942326
31150055,100000,1041092,1141092
31150056,0,1117233,1117233
31150057,0,456425,456425
31150058,110000,412131,522131
31150059,43500,21755,65255
31150060,0,1081755,1081755
31150063,60360,87068,147428
31150065,35678,1019891,1055569
31150067,0,48925,48925
31150068,0,30264,30264
31150070,64790,882243,947033
31150071,0,61402,61402
31150072,0,973880,973880
31150073,0,964836,964836
31150074,70000,410167,480167
31150075,50000,919105,969105
31150076,57000,164396,221396
31150077,89572,458087,547659
31150078,55615,477572,533187
31150079,15093,491764,506857
31150081,25000,12755,37755
31150082,80000,829556,909556
31150083,46000,1843,47843
31150084,60000,82705,142705
31150086,0,463403,463403
31150087,50000,1139569,1189569
31150088,127230,887041,1014271
31150089,15000,66617,81617
31150090,0,78018,78018
31150094,54000,456470,510470
31150096,60580,420417,480997
31150097,0,62347,62347
31150099,0,934524,934524
31150100,85000,3953,88953
31150102,100000,865340,965340
31150103,100000,825270,925270
31150105,600000,81388,681388
31150106,34000,1595,35595
31150107,0,31463,31463
31150108,0,0,0
31150109,0,952039,952039
31150110,63000,412084,475084
31150111,69500,12929,82429
31150112,50000,4270,54270
31150113,35000,795,35795
31150114,40000,209528,249528
31150115,0,29094,29094
31150117,73000,354093,427093
31150118,20000,2906,22906
31150119,66160,52179,118339
31150120,0,934695,934695
31150121,100000,1061749,1161749
31150123,0,29908,29908
31150124,150035,891286,1041321
31150126,125000,863775,988775
31150128,50000,984589,1034589
31150129,0,31107,31107
31150130,24000,371,24371
31150131,0,61848,61848
31150132,188160,851878,1040038
31150133,121000,841974,962974
31150134,185000,21341,206341
31150135,33000,450082,483082
31150136,120000,476052,596052
31150138,50000,67557,117557
31150139,50000,893668,943668
31150140,0,53783,53783
31150142,80000,987251,1067251
31150143,95000,991624,1086624
31150144,0,986575,986575
31150149,0,76714,76714
31150150,50000,498284,548284
31150151,145210,943297,1088507
31150152,190000,598814,788814
31150154,103580,929380,1032960
31150155,0,128327,128327
31150156,0,0,0
31150157,0,67585,67585
31150158,25000,966418,991418
31150160,155000,8813,163813
31150161,150000,1066000,1216000
31150162,50000,1060383,1110383
31150163,130000,38271,168271
31150164,0,449886,449886
31150165,50000,462471,512471
31150166,26000,27646,53646
31150167,0,74088,74088
31150168,110000,855410,965410
31150169,175000,824565,999565
31150170,25000,38791,63791
31150171,241260,409568,650828
31150172,72000,73452,145452
31150173,35397,37867,73264
31150176,89690,97821,187511
31150177,135580,495652,631232
31150178,50000,11099,61099
31150179,60000,7863,67863
31150180,145000,449782,594782
31150181,55000,928443,983443
31150182,0,30137,30137
31150183,0,50974,50974
31150185,99000,845272,944272
31150186,170480,822653,993133
31150187,100000,818911,918911
31150192,133000,411261,544261
31150193,80000,10199,90199
31150195,95000,416326,511326
31150197,50000,66178,116178
31150198,50000,3672,53672
31150199,20000,897736,917736
31150200,220000,829488,1049488
31150201,93000,963603,1056603
31150202,245000,805556,1050556
31150204,0,1094745,1094745
31150206,60000,53926,113926
31150207,0,142062,142062
31150208,40000,451623,491623
31150209,0,0,0
31150211,50000,73244,123244
31150212,50000,269475,319475
31150213,120000,1283030,1403030
31150214,0,1046126,1046126
31150215,9500,1258747,1268247
31150216,83246,452300,535546
31150217,0,0,0
31150218,0,922795,922795
31150219,40000,19637,59637
31150220,0,1275,1275
31150221,0,260468,260468
31150222,15000,963813,978813
31150223,0,190569,190569
31150224,0,894141,894141
31150225,74651,291339,365990
31150226,0,25593,25593
31150233,45000,7223,52223
31150234,50000,31163,81163
31150235,45000,111264,156264
31150236,29000,353,29353
31150237,80000,102859,182859
31150238,20000,528157,548157
31150240,38000,42543,80543
31150241,30000,156375,186375
31150242,0,808185,808185
31150243,0,0,0
31150244,37000,575840,612840
31150245,0,203258,203258
31150247,0,18254,18254
31150248,0,46335,46335
31150249,67000,1825,68825
31150250,30000,26156,56156
31150251,60000,879841,939841
31150253,80480,131485,211965
31150254,0,999591,999591
31150255,76000,2898,78898
31150256,60000,437281,497281
31150257,50000,891031,941031
31150258,50000,82303,132303
31150259,0,46179,46179
31150261,0,346083,346083
31150262,0,920066,920066
31150263,100000,81836,181836
31150264,75000,39807,114807
31150265,1160,654433,655593
31150266,20000,96163,116163
31150267,50000,253488,303488
31150268,39000,1069,40069
31150269,190000,6758,196758
31150271,0,70149,70149
31150272,0,104831,104831
31150273,0,191315,191315
31150274,35000,145073,180073
31150276,0,84572,84572
31150277,0,27673,27673
31150278,216002,771349,987351
31150279,0,0,0
31150280,40000,252038,292038
31150281,80000,45348,125348
31150282,73438,17386,90824
31150283,80000,46840,126840
31150289,64000,197,64197
31150290,50000,396,50396
31150291,30000,163884,193884
31150292,20000,837591,857591
31150293,10000,26335,36335
31150294,90000,17498,107498
31150295,80000,60004,140004
31150297,25000,94637,119637
31150298,160160,22170,182330
31150299,45580,948140,993720
31150300,15990,61743,77733
31150301,30000,34871,64871
31150302,40000,4315,44315
31150303,40000,447142,487142
31150304,0,154116,154116
31150305,75000,450841,525841
31150306,30000,111730,141730
31150307,0,0,0
31150308,75000,2621,77621
31150309,114000,33104,147104
31150310,100035,310687,410722
31150311,50000,933877,983877
31150312,40000,155992,195992
31150315,60000,42380,102380
31150316,55000,62975,117975
31150317,0,103252,103252
31150318,100000,167935,267935
31150319,0,0,0
31150320,40000,65275,105275
31150321,75000,200499,275499
31150322,74000,705,74705
31150323,0,56942,56942
31150324,51000,1041238,1092238
31150325,0,49181,49181
31150327,79000,1410,80410
31150329,0,0,0
31150331,0,0,0
31150332,35000,2805,37805
31150333,45000,940385,985385
31150334,263459,1120974,1384433
31150335,44000,47212,91212
31150337,50070,246185,296255
31150339,100070,113581,213651
31150340,30140,126285,156425
31150342,45000,771999,816999
31150343,43000,1080060,1123060
31150344,29000,448,29448
31150346,150000,71328,221328
31150347,0,0,0
31150348,0,849226,849226
31150351,0,31626,31626
31150353,48035,145953,193988
31150355,25000,68479,93479
31150356,60000,17033,77033
31150357,50000,825263,875263
31150358,0,485210,485210
31150360,30000,32550,62550
31150362,30000,69385,99385
31150363,222812,789790,1012602
31150365,0,0,0
31150366,81000,493624,574624
31150367,44000,346,44346
31150368,144000,842336,986336
31150369,47580,835,48415
31150370,60000,68674,128674
31150371,22000,1761,23761
31150373,50000,28706,78706
31150374,88430,919055,1007485
31150375,85000,13596,98596
31150376,91580,908396,999976
31150377,110000,18612,128612
31150378,45000,11055,56055
31150379,60000,85030,145030
31150381,0,0,0
31150382,91000,117458,208458
31150383,20000,152833,172833
31150384,50000,115832,165832
31150385,50000,49259,99259
31150386,100000,173704,273704
31150387,93000,856376,949376
31150388,100000,879982,979982
31150389,39000,1012851,1051851
31150390,30000,38973,68973
31150391,61380,9042,70422
31150392,20000,59028,79028
31150393,0,0,0
31150394,60000,925097,985097
31150397,90000,434635,524635
31150398,24000,100658,124658
31150399,0,0,0
31150400,0,0,0
31150401,40000,924741,964741
31150402,0,0,0
31150404,12000,551801,563801
31150405,0,439000,439000
31150406,50000,993854,1043854
31150407,0,0,0
31150409,0,1000,1000
31150412,0,0,0
31150413,0,0,0
31150415,0,0,0
31150416,52000,50684,102684
31150417,0,471457,471457
31150418,0,0,0
31150419,0,880027,880027
31150420,0,0,0
31150421,35000,459304,494304
31150422,10000,41041,51041
31150425,46361,1013461,1059822
31150427,15000,886985,901985
31150430,7000,859745,866745
31150432,38000,34670,72670
31150433,0,935700,935700
31150434,0,530103,530103
31150435,0,928198,928198
31150436,40000,518492,558492
31150437,0,0,0
31150438,0,0,0
31150439,0,512159,512159
31150440,0,0,0
31150445,0,856687,856687
31150446,0,62245,62245
31150447,0,0,0
31150450,30000,920869,950869
31150453,17000,834108,851108
31150454,0,0,0
31150455,0,23230,23230
31150457,55000,413729,468729
31150458,0,0,0
31150459,35000,444517,479517
31150460,0,0,0
31150461,0,0,0
31150462,0,0,0
31150463,0,1000,1000
31150464,25000,895100,920100
31150465,80000,519309,599309
31150466,50000,9896911,9946911
31150468,50000,451694,501694
31150469,0,0,0
31150500,0,893809,893809
31150501,0,38684,38684
31150502,70000,857892,927892
31150503,0,615571,615571
31150504,0,78462,78462
31150509,0,0,0
31150511,205000,1047665,1252665
31150513,100000,467875,567875
31150514,35000,74870,109870
31150515,0,250598,250598
31150522,30000,3595,33595
31150523,65000,414093,479093
31150524,0,33338,33338
31150526,100035,422503,522538
31150527,31000,646,31646
31210001,163631,376535,540166
31210002,0,0,0
31210003,7000,148051,155051
31210004,0,0,0
31210005,0,0,0
31210006,0,0,0
31210007,0,161791,161791
31210008,38639,104025,142664
31210009,447215,165361,612576
31210010,0,76,76
31210011,266289,129328,395617
31210012,131354,6948,138302
31210013,50000,56596,106596
31210014,200000,36000,236000
31210015,91875,8340,100215
31210016,0,3450,3450
31210017,0,0,0
31210018,54929,35071,90000
31210019,45405,366218,411623
31210020,0,0,0
31210021,0,578,578
31210022,58939,81123,140062
31210023,2010409,0,2010409
31210024,12133,91537,103670
31210025,196370,261659,458029
31210026,0,0,0
31210027,146468,273967,420435
31210028,0,179291,179291
31210029,285666,0,285666
31210030,49893,199075,248968
31210032,10000,966921,976921
31210033,0,529653,529653
31210034,0,0,0
31210035,78407,92627,171034
31210036,120000,395,120395
31210037,25000,871416,896416
31210038,12000,24218,36218
31210039,80000,57161,137161
31210040,80290,3541,83831
31210041,26000,415664,441664
31210042,140075,988554,1128629
31210043,75000,389760,464760
31210044,0,0,0
31210045,59003,87299,146302
31210046,100000,1090111,1190111
31210047,0,607222,607222
31210048,6415,745855,752270
31210049,11236,241075,252311
31210050,0,200178,200178
31210051,0,1465,1465
31210052,30075,106275,136350
31210053,24445,120837,145282
31210054,100000,30465,130465
31210055,71597,414359,485956
31210056,90000,195,90195
31210057,0,1790638,1790638
31210058,13895,1097267,1111162
31210059,0,412083,412083
31210060,0,311,311
31210061,70000,8861,78861
31210062,26755,65734,92489
31210063,0,0,0
31210064,0,125315,125315
31210065,0,183213,183213
31210066,283686,418354,702040
31210067,38000,47529,85529
31210068,42000,132393,174393
31210069,60000,559,60559
31210070,7050,260891,267941
31210071,72925,79573,152498
31210072,0,72885,72885
31210073,51794,190752,242546
31210074,50000,32739,82739
31210075,63630,331763,395393
31210076,0,61229,61229
31210077,27000,1102,28102
31210079,14000,889872,903872
31210082,75,42180,42255
31210084,25075,867798,892873
31210086,45000,973918,1018918
31210087,43000,99195,142195
31210088,18000,5950,23950
31210089,0,75759,75759
31210093,0,806566,806566
31210094,0,0,0
31210095,120000,613113,733113
31210096,63075,805820,868895
31210097,83675,822089,905764
31210099,39015,822103,861118
31210100,0,1138972,1138972
31210101,25000,862150,887150
31210103,5000,974708,979708
31210104,0,0,0
31210107,51300,1039794,1091094
31210108,0,0,0
31210109,79000,13205,92205
31210110,56000,816,56816
31210111,0,0,0
31210113,47000,506674,553674
31210114,63000,499053,562053
31210117,17075,932345,949420
31210118,76000,868545,944545
31210119,0,606223,606223
31210120,0,883716,883716
31210121,10000,840227,850227
31210124,0,101563,101563
31210131,0,0,0
31210133,0,0,0
31210134,36500,821141,857641
31210135,0,0,0
31210136,0,0,0
31210137,51037,822182,873219
31210138,39214,857464,896678
31210141,0,912814,912814
31210143,20000,911634,931634
31210145,115000,1005600,1120600
31210146,5000,858052,863052
31210147,0,933263,933263
31210150,0,0,0
31210151,25000,3947,28947
31210153,35000,29824,64824
31210154,165000,410306,575306
31210155,20000,842197,862197
31210156,18423,852065,870488
31210157,14000,838728,852728
31210158,20000,85569,105569
31210159,15000,873989,888989
31210162,24800,48000,72800
31210163,9687,840259,849946
31210164,0,903936,903936
31210165,133000,821317,954317
31210166,0,0,0
31210167,0,895368,895368
31210168,25000,833908,858908
31210169,143849,942001,1085850
31210170,35000,1132767,1167767
31210171,50000,980396,1030396
31210172,0,84388,84388
31210173,14700,832988,847688
31210174,50075,3507,53582
31210176,0,0,0
31210178,30000,875233,905233
31210179,15000,31361,46361
31210180,0,1020283,1020283
31210181,30000,831817,861817
31210182,50000,823501,873501
31210183,25000,1160345,1185345
31210185,35075,22415,57490
31210186,49000,973526,1022526
31210187,0,822721,822721
31210188,60000,844232,904232
31210189,16500,589228,605728
31210190,49000,845854,894854
31210191,0,0,0
31210192,2000,974996,976996
31210193,0,890668,890668
31210195,500000,376747,876747
31210197,42000,440755,482755
31210198,35000,877117,912117
31210199,50000,298200,348200
31210200,15000,821336,836336
31210201,50000,912199,962199
31210202,0,955592,955592
31210204,0,0,0
31210206,46000,886363,932363
31210209,30000,880146,910146
31210211,100500,821106,921606
31210212,0,0,0
31210213,0,34232,34232
31210214,30000,548550,578550
31210215,0,920203,920203
31210216,10000,924365,934365
31210217,30000,883160,913160
31210219,0,410208,410208
31210220,25000,489537,514537
31210221,25000,838140,863140
31210224,0,0,0
31210225,29000,830108,859108
31210226,35000,855077,890077
31210227,30000,861938,891938
31210229,35000,837897,872897
31210231,40000,843519,883519
31210232,0,26880,26880
31210233,0,954930,954930
31210235,0,954836,954836
31210238,65290,121457,186747
31210239,25000,301602,326602
31210241,60271,1817,62088
31210242,0,223812,223812
31210244,17075,19182,36257
31210246,0,34223,34223
31210247,0,822020,822020
31210250,7632,114136,121768
31210251,0,903457,903457
31210252,30500,446,30946
31210253,0,162976,162976
31210254,0,1096829,1096829
31210255,0,522159,522159
31210256,100000,837396,937396
31210257,25000,8055689,8080689
31210258,0,0,0
31210260,0,0,0
31210261,30290,860096,890386
31210262,0,486595,486595
31210263,0,922866,922866
31210264,30000,38107,68107
31210265,0,949552,949552
31210266,0,993725,993725
31210267,40000,857030,897030
31210268,0,898934,898934
31210269,0,61642,61642
31210272,10325,20484,30809
31210273,0,0,0
31210274,24000,905023,929023
31210275,80000,169801,249801
31210277,0,945531,945531
31210280,0,856021,856021
31210281,50000,5325,55325
31210282,37967,272032,309999
31210285,25000,1074477,1099477
31210286,0,0,0
31210290,0,450749,450749
31210291,0,1054891,1054891
31210292,35082,862517,897599
31210293,0,887380,887380
31210294,8000,966444,974444
31210295,0,0,0
31210296,0,896081,896081
31210297,0,931322,931322
31210298,0,913269,913269
31210299,0,433929,433929
31210300,0,0,0
31210301,100000,169413,269413
31210302,121000,234940,355940
31210305,0,98798,98798
31210306,5000,1122606,1127606
31210307,123000,5488,128488
31210308,13000,1004426,1017426
31210312,0,0,0
31210313,25000,1056,26056
31210315,0,0,0
31210316,0,0,0
31210317,0,0,0
31210321,22900,17,22917
31210323,60000,286,60286
31210324,30000,152209,182209
31210325,0,0,0
31210327,26800,89,26889
31210330,30075,47999,78074
31210331,0,46207,46207
31210333,82000,28011,110011
31210335,25532,25531,51063
31210336,25200,8695,33895
31210337,0,107248,107248
31210338,0,182606,182606
31210339,14500,265,14765
31210341,1160,41687,42847
31210342,0,0,0
31210344,31180,2303,33483
31210345,0,0,0
31210347,72000,517,72517
31210348,28000,478,28478
31210349,25000,12206,37206
31210350,22000,135,22135
31210353,74290,572,74862
31210355,63476,8817,72293
31210356,34000,64,34064
31210359,0,0,0
31210360,5000,106876,111876
31210361,0,24179,24179
31210363,0,33965,33965
31210364,36000,414,36414
31210365,10000,16165,26165
31210366,29775,21908,51683
31210368,0,105386,105386
31210369,4000,96575,100575
31210370,44000,4918,48918
31210372,104225,45081,149306
31210373,66355,3788,70143
31210376,0,0,0
31210378,0,0,0
31210379,30000,70167,100167
31210380,50000,6420,56420
31210381,20000,775,20775
31210382,0,0,0
31210386,30000,22790,52790
31210387,0,92605,92605
31210390,58000,501,58501
31210391,24000,2212,26212
31210392,0,0,0
31210393,0,0,0
31210394,79000,9952,88952
31210396,123178,417,123595
31210397,45000,1601,46601
31210398,0,0,0
31210399,25000,219,25219
31210400,29700,31540,61240
31210401,0,0,0
31210403,0,0,0
31210404,0,134075,134075
31210405,21000,45126,66126
31210406,27000,46,27046
31210407,40000,263,40263
31210408,123000,70,123070
31210409,65000,213,65213
31210411,0,0,0
31210414,0,0,0
31210415,61859,18456,80315
31210416,50000,38874,88874
31210417,0,0,0
31210419,26000,643,26643
31210421,100000,22036,122036
31210422,0,0,0
31210423,12000,63232,75232
31210424,66000,782,66782
31210426,40000,137373,177373
31210428,45000,56940,101940
31210430,0,35836,35836
31210431,0,23195,23195
31210436,0,57501,57501
31210437,35500,357,35857
31210438,0,0,0
31210440,30000,831,30831
31210441,40000,51681,91681
31210442,0,0,0
31210443,0,0,0
31210444,0,0,0
31210446,20000,2899,22899
31210447,25000,9003,34003
31210449,45000,21040,66040
31210450,27000,900,27900
31210453,39000,805,39805
31210454,96000,26848,122848
31210455,0,27558,27558
31210456,27933,26019,53952
31210457,4991,32634,37625
31210458,0,35405,35405
31210459,27000,17290,44290
31210460,40000,127729,167729
31210462,65000,1302,66302
31210463,40000,8869,48869
31210464,24500,79,24579
31210465,0,61525,61525
31210466,30000,14125,44125
31210467,0,0,0
31210469,92000,608,92608
31210471,0,0,0
31210472,63300,33,63333
31210474,0,0,0
31210476,0,32326,32326
31210477,60075,65935,126010
31210479,37000,379,37379
31210481,0,46507,46507
31210483,81039,1771,82810
31210484,0,84092,84092
31210485,0,43154,43154
31210486,0,0,0
31210487,120000,1256,121256
31210488,20500,74,20574
31210489,0,0,0
31210490,150000,129616,279616
31210491,22000,413,22413
31210492,0,21874,21874
31210493,8,73783,73791
31210494,30000,5453,35453
31210495,30000,22228,52228
31210498,0,0,0
31210500,0,199,199
31210501,13235,2961,16196
31210502,9753,72820,82573
31210504,43000,22737,65737
31210505,35000,64272,99272
31210507,22000,24000,46000
31210510,6000,100699,106699
31210512,50000,89071,139071
31210513,0,38016,38016
31210514,0,0,0
31210516,40000,23451,63451
31210517,0,55176,55176
31210518,25000,24196,49196
31210519,0,147223,147223
31210520,0,86,86
31210521,50000,64726,114726
31210522,0,11555,11555
31210523,5000,111298,116298
31210525,21000,6159,27159
31210526,0,99449,99449
31210527,0,195600,195600
31210531,0,83482,83482
31210532,0,114723,114723
31210535,0,55791,55791
31210537,185075,95765,280840
31210539,0,0,0
31210540,44000,3169,47169
31210541,0,49660,49660
31210542,14160,91481,105641
31210544,0,80369,80369
31210545,47000,638,47638
31210546,6500,994,7494
31210547,45000,649,45649
31210548,0,125479,125479
31210549,0,0,0
31210550,0,25667,25667
31210551,0,0,0
31210552,0,52292,52292
31210553,29500,489,29989
31210554,0,131680,131680
31210556,0,22115,22115
31210557,50000,134207,184207
31210558,90000,125340,215340
31210565,75,855125,855200
31210567,46500,854497,900997
31210568,23000,845909,868909
31210569,15290,863125,878415
31210570,0,18752,18752
31210574,0,84500,84500
31210575,11000,902819,913819
31210577,15000,1021643,1036643
31210582,0,300,300
31210585,41315,821086,862401
31210586,45154,861945,907099
31210594,45000,821414,866414
31210596,0,25780,25780
31210597,60000,862024,922024
31210604,0,21115,21115
31210606,0,998151,998151
31210607,36000,840730,876730
31210609,0,77929,77929
31210610,0,179075,179075
31210614,12000,56096,68096
31210616,2215,967825,970040
31210619,90000,836112,926112
31210620,25000,29567,54567
31210622,57422,877067,934489
31210625,80000,9271,89271
31210636,80000,855960,935960
31210640,0,853588,853588
31210642,30000,126233,156233
31210647,34800,152,34952
31210653,20000,91037,111037
31210656,0,112878,112878
31210657,0,20295,20295
31210658,24000,50829,74829
31210660,0,93910,93910
31210662,0,83,83
31210663,150,96797,96947
31210664,40000,89817,129817
31210666,32000,39350,71350
31210675,0,78486,78486
31210676,0,889374,889374
31210678,50000,987669,1037669
31210698,20075,4675,24750
31210699,61113,9,61122
31210700,35000,310,35310
31210701,0,0,0
31210707,0,100057,100057
31210708,0,135653,135653
31210713,20000,24908,44908
31210714,3000,20452,23452
31210715,48000,4020,52020
31210716,34000,269,34269
31210717,50000,27827,77827
31210718,0,83787,83787
31210719,0,33179,33179
31210721,22000,1321,23321
31210722,0,58474,58474
31210723,25308,0,25308
31210724,35000,22488,57488
31210725,16000,327,16327
31210726,29500,12017,41517
31210727,0,0,0
31210728,25900,61,25961
31210729,40000,802,40802
31210730,42000,829788,871788
31220001,783527,116924,900451
31220002,330265,90323,420588
31220003,118658,1929,120587
31220004,241824,312212,554036
31220005,219666,72437,292103
31220006,0,419,419
31220007,0,283920,283920
31220008,8536,262818,271354
31220009,0,206582,206582
31220010,98861,88585,187446
31220011,14534,5676,20210
31220012,0,0,0
31220013,0,0,0
31220015,0,0,0
31220019,101420,612282,713702
31220029,87103,234565,321668
31220030,70796,260569,331365
31220031,526627,40658,567285
31220032,295929,35871,331800
31220033,196545,127584,324129
31220034,982301,67890,1050191
31220035,0,2219,2219
31220036,167877,87522,255399
31220037,145508,148412,293920
31220045,0,471,471
31220046,201774,802096,1003870
31220047,186000,51939,237939
31220048,87504,64207,151711
31220049,69917,821590,891507
31220052,60000,7773,67773
31220062,8916,4120,13036
31220064,0,0,0
31220065,116954,11192,128146
31220066,168109,27149,195258
31220067,201000,13031,214031
31220068,0,0,0
31220069,128137,653,128790
31220070,124222,49969,174191
31220077,19326,34052,53378
31220078,116864,63327,180191
31220082,10000,101905,111905
31220083,30000,28597,58597
31220103,84900,113785,198685
31220104,20000,85095,105095
31220105,0,117167,117167
31220106,6000,27680,33680
31220107,25000,8136,33136
31220108,20000,84896,104896
31220112,31000,50251,81251
31220116,13000,100597,113597
31220118,28000,48476,76476
31220119,27705,0,27705
31220120,0,37893,37893
31220123,0,0,0
31220125,50000,2594,52594
31220126,0,200,200
31220127,67000,77442,144442
31220129,66000,13219,79219
31220131,46000,70995,116995
31220133,95000,451214,546214
31220136,45071,28439,73510
31220138,69000,119,69119
31220141,20049,75762,95811
31220142,72000,380,72380
31220144,0,20438,20438
31220146,0,0,0
31220147,25000,93640,118640
31220150,100600,700979,801579
31220151,0,43188,43188
31220174,47000,745,47745
31220175,12000,44113,56113
31220197,30000,13358,43358
31220202,45000,25141,70141
31220203,47000,1663,48663
31220204,92000,453593,545593
31220207,20000,345,20345
31220208,191366,8067,199433
31220273,23500,265,23765
31220282,0,0,0
31220300,58000,425584,483584
31220304,44000,147,44147
31220305,0,0,0
31220320,12000,42027,54027
31220321,18000,14338,32338
31220322,0,257401,257401
31220323,85000,12,85012
31220324,17618,51179,68797
31220327,44000,59552,103552
31220328,50000,44162,94162
31220329,0,122655,122655
31220330,36558,980,37538
31220332,35000,12651,47651
31220334,32000,443,32443
31220335,0,0,0
31220336,64635,86108,150743
31220337,37000,483,37483
31220338,32596,0,32596
31220340,10000,23656,33656
31220341,52200,13176,65376
31220347,44044,884,44928
31220348,0,62914,62914
31220350,58507,7616,66123
31220351,6000,113380,119380
31220352,0,301072,301072
31220354,32000,836,32836
31220355,20000,84710,104710
31220356,0,28979,28979
31220357,0,70629,70629
31220358,10000,39584,49584
31220359,50000,45435,95435
31220360,0,79220,79220
31220361,21700,20,21720
31220364,35000,992,35992
31220366,20000,27052,47052
31220367,0,105237,105237
31220368,0,132423,132423
31220370,0,32486,32486
31220371,32838,8427,41265
31220372,0,0,0
31220373,24000,140893,164893
31220374,0,0,0
31220376,0,0,0
31220377,15000,61472,76472
31220378,30000,24894,54894
31220380,40000,18762,58762
31220382,28000,47874,75874
31220383,68617,52116,120733
31220384,8760,106346,115106
31220386,63974,32648,96622
31220387,47000,540,47540
31220400,175000,91718,266718
31220401,85000,6520,91520
31220402,0,56342,56342
31220403,58000,1150,59150
31220404,0,143767,143767
31220413,40971,3480,44451
31220423,30000,59427,89427
31220433,47400,98,47498
31220435,38000,24939,62939
31220442,40000,25046,65046
31220454,45290,980,46270
31220456,60000,1689,61689
31220458,0,197406,197406
31220501,32000,200118,232118
31220503,16000,73683,89683
31220519,75000,47216,122216
31220522,0,0,0
31220523,21000,945,21945
31220534,0,0,0
31220538,0,0,0
31220543,73000,2738,75738
31220554,24000,2028,26028
31220556,41000,195,41195
31220560,30000,2321,32321
31220584,0,20868,20868
31220614,0,39733,39733
31220615,30000,356921,386921
31220629,49000,485,49485
31220643,29900,67855,97755
31220699,56581,5822,62403
31220700,25000,907483,932483
31220704,47000,558,47558
31220709,0,653195,653195
31220711,0,63981,63981
31220715,52729,1219,53948
31220716,0,29000,29000
31220717,0,0,0
31230001,213357,14091,227448
31230002,0,296,296
31230003,153516,9875,163391
31230004,0,3302,3302
31230005,0,55056,55056
31230006,41000,525,41525
31230007,548923,7380,556303
31230008,388162,1926,390088
31230009,0,288019,288019
31230010,57435,63926,121361
31230011,0,198,198
31230012,0,133,133
31230013,21433,115722,137155
31230014,196636,525356,721992
31230015,165881,585035,750916
31230016,96365,151245,247610
31230017,55598,173054,228652
31230018,95899,101,96000
31230019,59696,6779,66475
31230020,40674,4363,45037
31230021,53100,6854,59954
31230022,0,2199,2199
31230023,51496,78,51574
31230024,26380,26281,52661
31230025,115919,142741,258660
31230026,75000,5598,80598
31230027,14600,51820,66420
31230028,42000,442499,484499
31230029,61000,2057,63057
31230030,97200,101233,198433
31230031,70000,271614,341614
31230032,103023,154139,257162
31230033,8762,12697,21459
31230034,49500,412557,462057
31230037,44224,8573,52797
31230038,148500,111075,259575
31230039,125951,1196,127147
31230040,25004,140351,165355
31230041,164862,28062,192924
31230042,24845,68972,93817
31230043,25000,78347,103347
31230044,69000,57,69057
31230045,55000,26644,81644
31230046,0,106650,106650
31230047,27000,28415,55415
31230048,214304,24701,239005
31230049,10785,60848,71633
31230050,0,1051,1051
31230051,100062,2775,102837
31230052,77700,39,77739
31230053,18527,51743,70270
31230054,25580,22074,47654
31230055,55052,252,55304
31230056,40500,9202,49702
31230057,96000,134064,230064
31230058,43136,156843,199979
31230059,57700,163,57863
31230060,72000,14412,86412
31230061,71881,170690,242571
31230062,40142,35009,75151
31230063,80000,7068,87068
31230064,70000,127148,197148
31230065,90000,100820,190820
31230066,55000,231701,286701
31230067,80000,59776,139776
31230068,30000,74731,104731
31230069,50000,606657,656657
31230070,75000,188536,263536
31230071,0,193541,193541
31230072,20500,212340,232840
31230073,30000,947248,977248
31230074,23000,632,23632
31230075,15000,830328,845328
31230076,31000,470,31470
31230077,0,881358,881358
31230078,50000,23348,73348
31230081,0,70223,70223
31230082,0,0,17705
31230087,0,344779,344779
31230089,19242,113702,132944
31230090,0,513936,513936
31230091,0,135268,135268
31230092,45000,34854,79854
31230093,0,0,0
31230095,34000,6398,40398
31230096,0,203678,203678
31230098,0,244345,244345
31230099,0,257000,257000
31230100,50000,9308,59308
31230101,12000,5576,17576
31230102,0,223800,223800
31230103,28000,99,28099
31230105,40500,823910,864410
31230107,25000,2521,27521
31230108,0,75233,75233
31230109,0,219942,219942
31230110,0,44374,44374
31230111,0,20407,20407
31230112,40000,16026,56026
31230114,0,985374,985374
31230116,45000,891990,936990
31230121,54098,93832,147930
31230122,70000,920101,990101
31230123,50000,181692,231692
31230124,9400,921630,931030
31230125,99000,152966,251966
31230126,0,922874,922874
31230127,0,125377,125377
31230129,0,259,259
31230130,147000,1165,148165
31230131,0,1168873,1168873
31230132,57000,917079,974079
31230133,28281,31459,59740
31230134,25000,35148,60148
31230138,20000,1102265,1122265
31230139,10000,9094,19094
31230141,25000,766,25766
31230142,105000,14692,119692
31230143,0,7254,7254
31230144,30000,45510,75510
31230145,0,857081,857081
31230146,0,48064,48064
31230149,71090,662,71752
31230150,97000,202271,299271
31230151,39000,117,39117
31230152,288000,493350,781350
31230153,35000,822269,857269
31230154,30000,58852,88852
31230157,0,882016,882016
31230158,87200,1102229,1189429
31230159,25000,865,25865
31230160,63000,120974,183974
31230161,90340,791,91131
31230163,24090,15861,39951
31230165,20000,83508,103508
31230175,2000,7745,9745
31230177,45000,1807,46807
31230178,0,81911,81911
31230179,40000,14809,54809
31230180,38900,653,39553
31230181,55000,51772,106772
31230183,50000,999078,1049078
31230184,65000,1135909,1200909
31230185,1697,1195886,1197583
31230186,50000,118498,168498
31230187,23290,5211,28501
31230188,0,136947,136947
31230189,85000,962249,1047249
31230194,27000,67247,94247
31230195,103500,1046931,1150431
31230196,20000,134851,154851
31230198,0,31400,31400
31230199,0,115342,115342
31230200,30000,875390,905390
31230201,0,58319,58319
31230202,50000,57018,107018
31230203,16000,879709,895709
31230205,0,0,45723
31230206,30000,986901,1016901
31230207,48000,27342,75342
31230208,0,57714,57714
31230210,0,104717,104717
31230212,20000,171000,191000
31230213,0,69374,69374
31230218,23000,340,23340
31230219,25000,12063,37063
31230223,17000,876294,893294
31230227,40000,20204,60204
31230228,49940,55702,105642
31230229,43152,299721,342873
31230230,133500,797,134297
31230231,0,51744,51744
31230232,40000,3334,43334
31230234,69461,131962,201423
31230235,28518,2720,31238
31230238,32000,353,32353
31230239,41000,344,41344
31230246,82960,44368,127328
31230250,88100,33262,121362
31230252,25000,1084,26084
31230253,0,231406,231406
31230255,40000,32853,72853
31230257,20000,26314,46314
31230258,20000,5801,25801
31230259,21000,1313,22313
31230260,0,27323,27323
31230261,49000,680,49680
31230262,20000,9265,29265
31230263,38000,2070,40070
31230265,10000,86167,96167
31230267,13914,17586,31500
31230268,0,50340,50340
31230269,19998,88562,108560
31230271,40225,6044,46269
31230272,8688,61075,69763
31230273,20000,80031,100031
31230274,27023,3022,30045
31230276,45000,66008,111008
31230277,24700,7874,32574
31230278,52000,470,52470
31230279,22000,237,22237
31230280,22000,13487,35487
31230281,85600,3479,89079
31230282,30000,1219,31219
31230283,15000,2272,17272
31230284,25000,120,25120
31230286,92000,1306,93306
31230287,14000,2870,16870
31230288,110000,124770,234770
31230289,50000,43788,93788
31230290,40000,34345,74345
31230291,20000,2928,22928
31230292,30000,30086,60086
31230293,90000,56323,146323
31230294,0,55848,55848
31230296,25000,7440,32440
31230297,48290,16530,64820
31230298,32500,815,33315
31230299,0,8187,8187
31230300,24000,33635,57635
31230301,36500,182,36682
31230302,72056,1900,73956
31230303,0,74579,74579
31230304,21507,60664,82171
31230306,34000,236,34236
31230307,22290,5277,27567
31230308,54000,52631,106631
31230309,80000,135435,215435
31230311,0,91555,91555
31230312,28397,0,28397
31230313,0,59990,59990
31230315,0,34582,34582
31230318,20000,96016,116016
31230322,44854,49714,94568
31230323,29000,296,29296
31230324,0,58182,58182
31230325,26869,341,27210
31230326,122000,56351,178351
31230327,0,23863,23863
31230328,21000,40079,61079
31230329,0,38400,38400
31230330,19208,127,19335
31230331,23195,5533,28728
31230332,16000,2000,18000
31230335,38156,4429,42585
31230340,0,25446,25446
31230341,19028,22755,41783
31230342,20000,136045,156045
31230343,25000,121207,146207
31230345,0,0,0
31230346,0,45731,45731
31230349,25000,22335,47335
31230351,59000,893,59893
31230353,46000,89311,135311
31230354,30000,143445,173445
31230356,0,18749,18749
31230357,63400,59295,122695
31230358,0,118180,118180
31230367,60000,102943,162943
31230372,0,48424,48424
31230377,31000,568,31568
31230383,30000,897472,927472
31230384,112000,1001392,1113392
31230386,15000,8591,23591
31230389,40000,826986,866986
31230392,11000,12197,23197
31230393,45000,24981,69981
31230397,28000,475,28475
31230398,51494,8650,60144
31230400,60360,3079,63439
31230401,90000,9173,99173
31230402,58510,9988,68498
31230403,0,30552,30552
31230404,80951,20985,101936
31230405,0,28928,28928
31240001,339797,21367,361164
31240002,0,0,0
31240003,27693,18805,46498
31240004,117338,286214,403552
31240005,0,37750,37750
31240006,45571,100782,146353
31240008,20404,10043,30447
31240009,93623,3474,97097
31240010,139387,22450,161837
31240011,88220,26256,114476
31240012,90000,70285,160285
31240013,66836,5787,72623
31240014,88136,34891,123027
31240015,0,204840,204840
31240016,149257,42585,191842
31240017,51441,156435,207876
31240018,0,289720,289720
31240019,80000,20716,100716
31240020,0,2077,2077
31240021,137854,955,138809
31240022,76687,123129,199816
31240023,0,1983,1983
31240024,41934,64886,106820
31240025,0,0,0
31240026,36369,162077,198446
31240027,99332,237704,337036
31240028,29563,42501,72064
31240029,193475,8162,201637
31240030,147696,4667,152363
31240031,23798,247036,270834
31240032,0,4784,4784
31240033,0,74053,74053
31240034,15075,66832,81907
31240035,0,219234,219234
31240036,45000,843418,888418
31240037,73000,833645,906645
31240038,0,142405,142405
31240039,55000,1010219,1065219
31240040,20000,42303,62303
31240041,45290,138732,184022
31240042,25000,82688,107688
31240043,88428,103776,192204
31240044,3247,192035,195282
31240045,0,64905,64905
31240046,1275,661792,663067
31240047,0,0,0
31240048,28290,100778,129068
31240049,78000,1196,79196
31240050,0,141018,141018
31240051,0,0,0
31240052,0,0,0
31240053,0,0,0
31240054,36000,413,36413
31240055,132000,10876,142876
31240056,40000,18987,58987
31240057,25000,212017,237017
31240058,20000,63083,83083
31240059,30000,140394,170394
31240060,0,977,977
31240061,55000,169555,224555
31240063,0,163660,163660
31240064,5000,79069,84069
31240065,0,0,0
31240066,200000,43227,243227
31240067,8114,51840,59954
31240068,8959,3181,12140
31240069,0,0,0
31240070,64472,12236,76708
31240072,58000,2115,60115
31240073,35000,21082,56082
31240074,30000,101235,131235
31240075,79250,6,79256
31240076,42000,370,42370
31240077,160000,35000,195000
31240078,80000,814,80814
31240079,29596,68162,97758
31240080,69000,163,69163
31240081,20000,47377,67377
31240083,15000,1120354,1135354
31240086,35290,850612,885902
31240087,15000,51138,66138
31240088,10000,41349,51349
31240089,60000,6817,66817
31240093,57075,6678,63753
31240097,0,0,0
31240099,0,0,0
31240103,0,0,0
31240106,0,806102,806102
31240107,47000,890442,937442
31240108,0,955962,955962
31240109,33000,966931,999931
31240110,28600,904833,933433
31240111,14000,933495,947495
31240112,65000,462424,527424
31240115,0,861649,861649
31240118,0,0,0
31240119,20000,945749,965749
31240121,0,1189265,1189265
31240122,35000,1024649,1059649
31240124,0,0,0
31240125,23750,3521,27271
31240127,50000,904264,954264
31240128,25000,1084614,1109614
31240129,0,916730,916730
31240132,540000,4705,544705
31240133,82000,828629,910629
31240134,92882,684071,776953
31240136,50000,808214,858214
31240137,40000,922824,962824
31240138,0,843527,843527
31240140,40000,911037,951037
31240141,55000,848171,903171
31240143,3000,935125,938125
31240144,54000,852998,906998
31240145,60000,112572,172572
31240146,48000,421661,469661
31240149,80000,831570,911570
31240151,25000,822574,847574
31240153,38500,876,39376
31240154,0,800894,800894
31240155,0,922932,922932
31240159,50000,93620,143620
31240160,35000,3763,38763
31240161,35000,438591,473591
31240163,0,503504,503504
31240166,28000,877193,905193
31240167,79000,498160,577160
31240168,30000,991415,1021415
31240170,25000,594769,619769
31240171,30000,33726,63726
31240175,0,989053,989053
31240176,51000,489456,540456
31240180,130000,40854,170854
31240181,0,517715,517715
31240182,25000,911433,936433
31240186,15000,61905,76905
31240188,50000,62211,112211
31240191,64000,862675,926675
31240192,10000,918612,928612
31240193,51872,913857,965729
31240194,50000,912894,962894
31240195,372638,446633,819271
31240196,25290,42151,67441
31240197,0,72527,72527
31240198,80000,418618,498618
31240199,27000,214,27214
31240200,0,887064,887064
31240202,65000,77818,142818
31240203,30000,567947,597947
31240204,25000,543035,568035
31240205,30290,508989,539279
31240206,0,93384,93384
31240207,15000,623243,638243
31240208,25000,67472,92472
31240212,0,0,0
31240213,18928,85904,104832
31240214,69000,563905,632905
31240218,0,513845,513845
31240219,0,907884,907884
31240222,31316,507604,538920
31240224,7000,912164,919164
31240227,0,916338,916338
31240228,20000,9409,29409
31240229,0,43253,43253
31240230,25000,39253,64253
31240234,20000,931247,951247
31240235,25000,642011,667011
31240238,0,911770,911770
31240240,25000,100991,125991
31240241,30290,460109,490399
31240242,25000,934983,959983
31240243,30000,467005,497005
31240245,30000,845265,875265
31240246,0,589895,589895
31240248,40000,62905,102905
31240249,80000,15966,95966
31240250,27000,109623,136623
31240255,0,30877,30877
31240256,0,0,0
31240257,35000,32374,67374
31240259,40000,395937,435937
31240260,50000,66481,116481
31240261,50000,52007,102007
31240262,80000,364655,444655
31240267,41,44570,44611
31240268,20000,897621,917621
31240273,60000,38084,98084
31240274,30390,6265,36655
31240275,0,410171,410171
31240276,50000,913336,963336
31240277,30000,437674,467674
31240278,61000,569199,630199
31240280,15000,1034002,1049002
31240282,60000,20591,80591
31240283,100000,89894,189894
31240284,0,72808,72808
31240285,0,0,0
31240286,30000,84370,114370
31240288,29000,340,29340
31240289,66000,76,66076
31240290,0,56739,56739
31240293,0,1603,1603
31240294,85000,56,85056
31240299,30000,325,30325
31240303,0,40271,40271
31240304,0,132625,132625
31240306,0,82611,82611
31240307,55000,594,55594
31240308,42000,973,42973
31240309,25000,163,25163
31240310,92,59264,59356
31240312,50000,1682,51682
31240314,0,44551,44551
31240315,31000,498,31498
31240316,129000,963,129963
31240318,42000,37,42037
31240319,80290,2962,83252
31240320,40000,184,40184
31240322,35000,5680,40680
31240324,0,39505,39505
31240325,73000,3243,76243
31240326,0,0,0
31240327,34000,40,34040
31240328,0,72175,72175
31240330,50000,206,50206
31240331,30000,1915,31915
31240333,38000,37,38037
31240334,36000,177750,213750
31240336,0,0,0
31240337,0,245876,245876
31240338,50000,137570,187570
31240340,37000,1515,38515
31240341,31000,2593,33593
31240342,100000,5738,105738
31240343,30500,12,30512
31240344,0,0,0
31240348,0,34745,34745
31240349,29000,466,29466
31240350,36000,339,36339
31240351,80000,45406,125406
31240352,20000,11046,31046
31240353,45000,4865,49865
31240354,45000,141307,186307
31240355,87000,1114,88114
31240356,40000,104325,144325
31240357,51000,637,51637
31240359,0,30245,30245
31240360,100000,1649,101649
31240363,70000,10534,80534
31240364,53000,10746,63746
31240365,50000,29037,79037
31240366,38000,720,38720
31240368,40000,70834,110834
31240369,32794,91286,124080
31240370,50000,4040,54040
31240371,0,29413,29413
31240372,21000,8867,29867
31240374,30000,56052,86052
31240375,20000,11803,31803
31240376,65290,72070,137360
31240377,0,30967,30967
31240378,20000,9668,29668
31240379,0,40511,40511
31240380,47048,1286,48334
31240381,35000,4124,39124
31240383,20500,27944,48444
31240384,35000,119326,154326
31240385,29000,1246,30246
31240387,0,34744,34744
31240388,0,91733,91733
31240389,0,0,0
31240390,0,73854,73854
31240392,0,0,0
31240394,57200,181,57381
31240395,44700,4824,49524
31240396,70000,642,70642
31240398,50000,22817,72817
31240399,15065,11011,26076
31240400,18625,57121,75746
31240401,40000,68488,108488
31240402,0,39456,39456
31240403,109000,461,109461
31240405,27000,29145,56145
31240406,29000,2955,31955
31240407,35016,6650,41666
31240408,23000,4872,27872
31240409,15000,69502,84502
31240411,23000,110,23110
31240413,32000,1785,33785
31240414,50000,1832,51832
31240415,28000,445,28445
31240416,26000,12317,38317
31240418,15000,14541,29541
31240419,40000,14257,54257
31240420,49500,374,49874
31240421,20000,20762,40762
31240422,0,0,0
31240423,0,53082,53082
31240424,37000,2306,39306
31240425,30007,108,30115
31240426,0,0,0
31240427,0,26687,26687
31240431,47985,26360,74345
31240432,40000,970,40970
31240438,42000,562128,604128
31240439,0,936000,936000
31240441,93500,814927,908427
31240442,0,0,0
31240443,20000,859531,879531
31240450,0,0,0
31240454,40000,898257,938257
31240455,0,690725,690725
31240456,604,318436,319040
31240457,0,961899,961899
31240458,16000,467,16467
31240459,50000,94476,144476
31240461,25000,898791,923791
31240464,20000,606592,626592
31240466,15000,906506,921506
31240467,45000,4869,49869
31240469,0,47440,47440
31240471,78000,143804,221804
31240476,37500,37,37537
31240478,0,0,0
31240481,0,781269,781269
31240483,50000,400,50400
31240486,45000,3403,48403
31240487,80000,1465,81465
31240488,0,0,0
31240489,24947,17756,42703
31240490,0,1500,1500
31240491,61046,284,61330
31240492,0,20708,20708
31240493,20406,71480,91886
31240495,0,0,0
31240496,0,0,0
31250001,98197,105004,203201
31250002,245169,4751,249920
31250003,0,400,400
31250004,52234,51743,103977
31250005,30000,0,30000
31250006,40000,942,40942
31250007,15000,957975,972975
31250008,112000,932053,1044053
31250009,142160,1114896,1257056
31250010,174675,1972006,2146681
31250011,15160,1140824,1155984
31250012,170000,103732,273732
31250013,201107,1302655,1503762
31250015,39000,1819948,1858948
31250016,162706,30000,192706
31250017,0,658,658
31250018,88160,34319,122479
31250019,35000,40099,75099
31250020,50000,136018,186018
31250021,97500,378,97878
31250022,57000,899,57899
31250023,34000,14828,48828
31250024,63820,204,64024
31250025,0,208835,208835
31250026,193970,52461,246431
31250029,20000,135313,155313
31250033,0,838757,838757
31250034,70000,812367,882367
31250035,40000,999268,1039268
31250037,35000,857682,892682
31250039,39000,1725146,1764146
31250040,0,0,0
31250041,0,0,0
31250042,95000,861284,956284
31250043,45000,891789,936789
31250044,0,529108,529108
31250045,45000,568486,613486
31250046,13550,630038,643588
31250047,15000,884938,899938
31250048,0,898995,898995
31250049,49000,855646,904646
31250050,0,518501,518501
31250051,25160,855317,880477
31250052,30000,896953,926953
31250053,0,918429,918429
31250054,72000,50929,122929
31250055,72000,200921,272921
31250056,40000,871100,911100
31250057,0,903129,903129
31250059,0,893945,893945
31250060,35,985608,985643
31250061,110000,463327,573327
31250062,80000,871989,951989
31250064,15437,72632,88069
31250065,25000,887189,912189
31250066,25000,921619,946619
31250068,25000,901873,926873
31250069,4000,16308,20308
31250070,10000,861257,871257
31250071,58000,826656,884656
31250072,0,911971,911971
31250074,10000,891917,901917
31250075,94000,454990,548990
31250077,20000,820115,840115
31250078,7000,153652,160652
31250079,168600,942126,1110726
31250081,15000,878053,893053
31250082,40000,1794855,1834855
31250083,0,953187,953187
31250084,12000,892853,904853
31250085,0,897934,897934
31250086,0,531214,531214
31250088,2847,1004344,1007191
31250090,25000,882509,907509
31250091,119700,547307,667007
31250092,5000,925516,930516
31250093,54647,877130,931777
31250094,0,866127,866127
31250096,15000,919492,934492
31250097,20000,51795,71795
31250098,10000,930292,940292
31250100,0,502588,502588
31250101,34000,821994,855994
31250105,33000,41618,74618
31250107,56133,75128,131261
31250108,35000,41154,76154
31250109,0,31905,31905
31250110,19998,90979,110977
31250111,75000,12731,87731
31250112,19500,439,19939
31250113,70000,13028,83028
31250114,22000,46717,68717
31250115,30000,930,30930
31250118,41000,51262,92262
31250121,0,489629,489629
31250122,0,74921,74921
31250123,39000,443,39443
31250124,0,13960,13960
31250125,22400,25791,48191
31250126,78800,57234,136034
31250127,0,34815,34815
31250128,0,43552,43552
31250129,0,37622,37622
31250130,0,30886,30886
31250131,20000,41571,61571
31250132,20000,46668,66668
31250134,41000,1167,42167
31250138,20000,61324,81324
31250140,20000,57246,77246
31250143,29000,141,29141
31250144,33500,18,33518
31250145,0,140098,140098
31250146,34500,42,34542
31250147,40000,36730,76730
31250154,0,0,0
31250158,0,2023,2023
31250159,33575,913348,946923
31250160,70000,869953,939953
31250161,0,932666,932666
31250163,0,104084,104084
31250167,50290,77308,127598
31250168,38000,40236,78236
31250171,88000,138,88138
31250172,12000,96886,108886
31250173,50000,8453,58453
31250201,0,0,0
31250202,0,158702,158702
31250203,20000,21571,41571
31250204,0,33865,33865
31260014,340508,128975,469483
31260016,537995,359379,897374
31260017,0,0,0
31260018,0,0,0
31260020,271664,112259,383923
31260021,0,21728,21728
31260022,200616,1561,202177
31260023,0,223510,223510
31260024,542323,584212,1126535
31260025,509239,917323,1426562
31260026,221389,16969,238358
31260028,171274,349303,520577
31260038,403828,174,404002
31260039,292626,238823,531449
31260040,132316,68338,200654
31260041,86843,172802,259645
31260042,43318,121598,164916
31260043,99141,40050,139191
31260044,141732,61113,202845
31260050,50000,338045,388045
31260051,50000,6954,56954
31260053,100000,135550,235550
31260054,23000,123298,146298
31260055,45000,210858,255858
31260057,177683,40255,217938
31260058,56384,2695,59079
31260059,0,0,0
31260060,42703,99330,142033
31260061,4662,225233,229895
31260063,80000,58235,138235
31260071,45252,104718,149970
31260072,53000,172,53172
31260073,26056,215398,241454
31260074,0,696,696
31260076,92144,604,92748
31260080,20650,17344,37994
31260081,0,43899,43899
31260084,0,13,13
31260085,81000,18174,99174
31260086,50000,141623,191623
31260087,36263,37529,73792
31260088,68670,130,68800
31260089,0,0,0
31260090,75000,22676,97676
31260091,0,0,0
31260092,81253,150880,232133
31260093,50000,104582,154582
31260094,0,0,0
31260095,0,93281,93281
31260096,21000,17334,38334
31260098,28000,4562,32562
31260099,0,0,0
31260100,50000,55749,105749
31260101,290,256634,256924
31260102,155886,139289,295175
31260152,25000,38125,63125
31260155,44000,7552,51552
31260156,57000,97135,154135
31260159,80000,997886,1077886
31260160,35000,959757,994757
31260162,12000,57333,69333
31260164,17290,214002,231292
31260165,25000,36077,61077
31260166,315000,184009,499009
31260167,10000,43581,53581
31260168,60290,37992,98282
31260169,45000,2373,47373
31260172,30000,12949,42949
31260176,0,0,0
31260178,0,0,0
31260183,37000,20715,57715
31260185,13500,10757,24257
31260186,40000,117171,157171
31260187,30000,3735,33735
31260188,174800,180140,354940
31260189,30290,20837,51127
31260190,21000,28740,49740
31260191,92510,872018,964528
31260194,21000,60288,81288
31260195,37000,821668,858668
31260196,71104,52599,123703
31260216,42000,12293,54293
31260217,0,0,0
31260218,39000,50,39050
31260220,45000,42742,87742
31260221,41000,964,41964
31260223,4915,142298,147213
31260225,37000,272682,309682
31260226,17000,510565,527565
31260227,12000,45822,57822
31260228,21000,27039,48039
31260231,0,0,0
31260232,0,215331,215331
31260233,0,0,0
31260234,12000,527102,539102
31260236,37290,18408,55698
31260237,70000,69853,139853
31260240,0,74625,74625
31260244,25000,17610,42610
31260246,100000,36733,136733
31260247,115000,92871,207871
31260248,0,230917,230917
31260251,16000,374901,390901
31260252,47000,805,47805
31260253,9016,220620,229636
31260254,0,0,0
31260256,60000,219,60219
31260257,40000,17716,57716
31260258,25000,52613,77613
31260260,3543,10036,13579
31260262,24000,114786,138786
31260263,0,158695,158695
31260264,24000,52647,76647
31260265,0,0,0
31260267,0,0,0
31260272,40000,2819,42819
31260277,65000,37092,102092
31260278,0,51336,51336
31260283,28376,849048,877424
31260284,40000,17360,57360
31260285,105000,19591,124591
31260287,60000,3074,63074
31260288,27000,31341,58341
31260289,91160,648533,739693
31260290,66400,5090,71490
31260292,44541,97000,141541
31260293,40000,166990,206990
31260295,25000,1085,26085
31260296,60000,103131,163131
31260299,0,108564,108564
31260301,30000,212942,242942
31260307,20000,21547,41547
31260308,17045,82490,99535
31260309,53000,848345,901345
31260310,71952,472,72424
31260311,25000,1042758,1067758
31260314,10000,297519,307519
31260315,24025,26000,50025
31260317,20000,64443,84443
31260318,140000,870696,1010696
31260388,161000,16344,177344
31260389,40000,448,40448
31260390,23500,69863,93363
31260391,71426,132,71558
31260392,95000,10811,105811
31260393,140022,17590,157612
31260394,215000,1429,216429
31260395,68000,5339,73339
31260396,75000,18902,93902
31260397,40000,84738,124738
31260398,27000,6311,33311
31260399,31343,108253,139596
31260405,23932,225939,249871
31260406,30000,61447,91447
31260414,25000,4705,29705
31260415,25000,59,25059
31260416,25000,3654,28654
31260419,0,323146,323146
31260420,88000,1767,89767
31260422,49500,353,49853
31260424,0,63749,63749
31260427,15000,46999,61999
31260428,5000,46495,51495
31260429,25000,29595,54595
31260430,0,35993,35993
31260431,18000,742,18742
31260434,0,2557,2557
31260435,66366,30087,96453
31260436,0,46241,46241
31260438,62500,82,62582
31260439,50000,11669,61669
31260440,40000,1383,41383
31260441,67500,2816,70316
31260443,200024,133000,333024
31260447,60000,75928,135928
31260448,40000,3843,43843
31260449,0,23054,23054
31260452,0,0,0
31260457,47010,688,47698
31260462,120720,102647,223367
31260464,110000,3047,113047
31260465,35000,1727,36727
31260466,62500,302,62802
31260469,70000,29934,99934
31260473,0,0,0
31260475,30000,34650,64650
31260476,40000,3695,43695
31260477,50000,202764,252764
31260478,135000,12308,147308
31260479,0,0,0
31260480,0,0,0
31260482,20639,157331,177970
31260483,0,0,0
31260484,0,25563,25563
31260486,22000,2022,24022
31260488,0,0,0
31260489,0,26391,26391
31260491,0,19737,19737
31260492,50000,230116,280116
31260493,48000,163030,211030
31260494,64000,247,64247
31260495,36000,1920,37920
31260496,30000,72846,102846
31260498,42000,174,42174
31260499,25000,5153,30153
31260504,25000,115102,140102
31260505,39245,28,39273
31260506,75000,18151,93151
31260509,75000,8333,83333
31260510,200000,62166,262166
31260513,50000,16927,66927
31260514,0,132979,132979
31260516,0,73672,73672
31260518,73727,67995,141722
31260520,20000,28370,48370
31260521,49000,1592,50592
31260552,32000,606,32606
31260557,30000,45275,75275
31260563,30000,118356,148356
31260565,95000,847843,942843
31260570,34700,1475,36175
31260576,20000,2810,22810
31260577,70000,45548,115548
31260582,25000,15282,40282
31260588,23500,147,23647
31260589,65000,922902,987902
31260593,16290,24802,41092
31260596,25000,38185,63185
31260599,35000,275,35275
31260600,92000,306,92306
31260602,0,190215,190215
31260608,0,854226,854226
31260616,6000,17600,23600
31260618,0,59944,59944
31260619,25000,1057820,1082820
31260620,16000,14992,30992
31260625,20000,129730,149730
31260642,0,0,0
31260644,18350,202964,221314
31260647,45290,17840,63130
31260651,83025,24920,107945
31260652,50000,5399,55399
31260653,98941,7000,105941
31260712,9300,55445,64745
31260713,65000,2268,67268
31260811,50000,35108,85108
31310001,102715,284271,386986
31310002,356346,1298331,1654677
31310003,467302,683215,1150517
31310004,216290,1268878,1485168
31310005,16790,759274,776064
31310006,268532,864912,1133444
31310007,278212,625837,904049
31310008,87398,1028946,1116344
31310009,217212,836865,1054077
31310010,82685,1274188,1356873
31310011,58890,733900,792790
31310012,72470,111826,184296
31310013,471581,178752,650333
31310014,59227,502057,561284
31310015,139936,191141,331077
31310016,26833,1015752,1042585
31310017,420957,1344140,1765097
31310018,133456,105582,239038
31310019,149997,878020,1028017
31310020,58397,327726,386123
31310021,141902,804462,946364
31310022,469613,190855,660468
31310023,272240,1127666,1399906
31310024,142139,932492,1074631
31310025,108000,803664,911664
31310026,57124,313114,370238
31310029,499652,721123,1220775
31310030,12161,1105135,1117296
31310031,49662,122246,171908
31310032,280850,1107108,1387958
31310033,192628,762349,954977
31310034,460960,489926,950886
31310036,225569,773,226342
31310037,150035,212345,362380
31310038,47059,58785,105844
31310039,300000,470226,770226
31310040,30000,132284,162284
31310041,207660,62098,269758
31310042,78582,143422,222004
31310044,123458,129598,253056
31310045,161847,91443,253290
31310046,20000,740970,760970
31310047,50000,414278,464278
31310048,0,196705,196705
31310049,50035,361554,411589
31310050,0,91430,91430
31310051,80070,342178,422248
31310052,13703,84220,97923
31310053,242165,0,242165
31310054,75035,176734,251769
31310055,285944,172572,458516
31310056,95660,379022,474682
31310057,100000,140924,240924
31310058,0,0,0
31310059,26535,463162,489697
31310060,200000,402903,602903
31310061,11680,158673,170353
31310062,177525,3023,180548
31310063,70500,276371,346871
31310064,314000,13739,327739
31310065,86000,269853,355853
31310066,12570,184752,197322
31310067,90035,763,90798
31310068,30000,98893,128893
31310069,16129,988596,1004725
31310072,136254,343813,480067
31310073,45000,437419,482419
31310074,0,0,0
31310075,50000,167288,217288
31310076,65035,1036971,1102006
31310077,41593,988,42581
31310078,62000,1000906,1062906
31310080,9726,982916,992642
31310081,134169,956616,1090785
31310082,0,645120,645120
31310084,291577,699350,990927
31310085,35,1914883,1914918
31310087,170883,828623,999506
31310088,145473,842957,988430
31310089,98374,1036371,1134745
31310090,50000,406578,456578
31310091,273390,740239,1013629
31310098,20340,127898,148238
31310099,0,72711,72711
31310100,85070,1066203,1151273
31310101,159607,148,159755
31310102,35,54216,54251
31310103,94602,36180,130782
31310104,80070,13157,93227
31310105,70893,160776,231669
31310106,20523,113934,134457
31310107,35680,204134,239814
31310109,91413,403254,494667
31310110,3918,232105,236023
31310111,151070,277134,428204
31310112,80000,65296,145296
31310115,28000,944,28944
31310116,45070,68171,113241
31310117,68593,37969,106562
31310119,48390,80096,128486
31310120,40000,74975,114975
31310121,50035,109455,159490
31310123,15000,544869,559869
31310124,24070,45236,69306
31310126,36100,73038,109138
31310127,3000,202231,205231
31310129,30000,32586,62586
31310130,18341,72785,91126
31310131,350000,848102,1198102
31310132,0,93521,93521
31310133,26000,1853,27853
31310135,30070,112821,142891
31310139,34843,41773,76616
31310141,15496,188466,203962
31310142,35,62243,62278
31310143,80035,927939,1007974
31310145,0,0,0
31310146,30000,4121,34121
31310147,79675,87927,167602
31310149,94000,67210,161210
31310150,50000,45892,95892
31310151,6070,1101006,1107076
31310153,35,1026643,1026678
31310154,63716,1585,65301
31310155,57800,60853,118653
31310156,106770,955226,1061996
31310157,48395,80334,128729
31310158,25000,536843,561843
31310159,0,415831,415831
31310161,90070,41934,132004
31310162,22116,77581,99697
31310165,39000,51,39051
31310166,50000,69255,119255
31310167,70,68598,68668
31310168,100000,37321,137321
31310169,60835,419242,480077
31310170,35,77080,77115
31310172,53030,91,53121
31310173,100000,147844,247844
31310174,20000,1757,21757
31310175,35,94351,94386
31310177,168002,983692,1151694
31310179,10800,1429516,1440316
31310180,40000,501665,541665
31310182,100000,18133,118133
31310183,0,881301,881301
31310186,200000,34398,234398
31310187,51160,1024284,1075444
31310189,0,882581,882581
31310191,0,95060,95060
31310192,0,117235,117235
31310193,43870,1088017,1131887
31310194,70000,93201,163201
31310195,0,95086,95086
31310196,45000,1812,46812
31310197,50000,284128,334128
31310198,102035,282372,384407
31310199,35,324157,324192
31310200,35,65467,65502
31310201,100000,175930,275930
31310202,96956,820515,917471
31310203,106000,55430,161430
31310204,67937,221651,289588
31310208,50000,92762,142762
31310209,35000,1127632,1162632
31310210,142979,246400,389379
31310211,0,863140,863140
31310212,90000,70084,160084
31310214,49537,13022,62559
31310215,144540,1187729,1332269
31310216,47500,5020,52520
31310217,38561,146788,185349
31310218,0,224149,224149
31310219,45670,2210,47880
31310220,0,48053,48053
31310221,149920,79805,229725
31310222,34070,129637,163707
31310223,0,273491,273491
31310224,252800,146245,399045
31310225,0,114246,114246
31310227,15000,103349,118349
31310228,90575,1000679,1091254
31310232,193858,144530,338388
31310233,134000,409118,543118
31310235,0,99082,99082
31310236,40000,67967,107967
31310237,2000,32019,34019
31310240,80000,425127,505127
31310241,25035,20070,45105
31310242,35000,49348,84348
31310245,20000,77790,97790
31310246,15000,981404,996404
31310247,0,139597,139597
31310249,38000,32,38032
31310250,135325,904217,1039542
31310251,65035,3784,68819
31310252,80000,884038,964038
31310253,0,120636,120636
31310254,0,130033,130033
31310255,38070,50834,88904
31310256,32395,1304670,1337065
31310257,49070,219,49289
31310258,0,104952,104952
31310259,11535,58806,70341
31310260,31128,3725,34853
31310261,100000,12920,112920
31310262,0,82218,82218
31310263,200000,389113,589113
31310265,15093,6886,21979
31310267,25070,68362,93432
31310268,4801,65076,69877
31310269,25035,2253,27288
31310270,90654,964797,1055451
31310271,55000,6729,61729
31310272,35893,2468,38361
31310273,3000,426682,429682
31310274,0,47772,47772
31310275,78815,125432,204247
31310276,90035,883979,974014
31310278,81035,461432,542467
31310280,75360,70671,146031
31310282,40093,67686,107779
31310283,50000,30071,80071
31310284,72735,1121,73856
31310285,104624,44358,148982
31310288,50000,5487,55487
31310289,0,83181,83181
31310290,70000,161844,231844
31310291,123265,447139,570404
31310292,35,47582,47617
31310293,0,68079,68079
31310294,0,1141176,1141176
31310296,46835,246,47081
31310297,103593,2540,106133
31310299,35,72226,72261
31310300,63390,428998,492388
31310301,28383,41542,69925
31310302,0,637585,637585
31310303,80135,138163,218298
31310304,50035,32054,82089
31310306,35325,738858,774183
31310307,0,30266,30266
31310308,6035,160474,166509
31310310,0,187378,187378
31310312,0,45408,45408
31310313,23035,18301,41336
31310315,56780,503204,559984
31310317,63412,5416,68828
31310318,17360,72370,89730
31310319,75000,18569,93569
31310321,35408,12287,47695
31310322,20035,19888,39923
31310324,25000,38545,63545
31310331,108635,130601,239236
31310333,109930,517519,627449
31310334,120130,192966,313096
31310336,501151,1519023,2020174
31310337,0,87143,87143
31310338,45360,95065,140425
31310339,59400,84017,143417
31310340,96852,384667,481519
31310341,40000,19613,59613
31310343,23000,3488,26488
31310344,0,0,0
31310346,116109,56914,173023
31310347,40035,19098,59133
31310349,52250,392158,444408
31310351,80000,73639,153639
31310352,100000,155970,255970
31310353,35,120945,120980
31310354,15093,13942,29035
31310355,35432,51424,86856
31310356,61325,392,61717
31310357,170035,3040,173075
31310358,111895,69648,181543
31310359,140473,1173,141646
31310361,106600,49558,156158
31310362,112000,179056,291056
31310364,38100,16332,54432
31310365,0,0,0
31310366,185000,26814,211814
31310367,30035,54196,84231
31310368,482,351280,351762
31310369,78290,16338,94628
31310371,35,119214,119249
31310372,67070,29209,96279
31310373,0,349569,349569
31310375,0,224524,224524
31310376,127500,95954,223454
31310377,110000,32806,142806
31310378,40000,1379,41379
31310379,107724,26787,134511
31310381,49500,26926,76426
31310382,2787,42919,45706
31310383,0,62816,62816
31310384,40000,1517,41517
31310385,20000,66972,86972
31310386,20000,17246,37246
31310388,150000,18958,168958
31310389,49000,158030,207030
31310390,20000,57306,77306
31310392,0,0,0
31310393,37035,20009,57044
31310394,0,395799,395799
31310395,50000,119574,169574
31310396,49000,49164,98164
31310397,144595,39252,183847
31310398,70000,307,70307
31310399,33915,78224,112139
31310400,0,56363,56363
31310402,50000,29633,79633
31310404,64270,78154,142424
31310406,80035,17449,97484
31310407,20000,92788,112788
31310408,35035,9632,44667
31310409,35000,1474,36474
31310410,150000,41533,191533
31310412,14650,86525,101175
31310413,50000,138514,188514
31310414,41035,20071,61106
31310415,79000,265,79265
31310416,81919,1022442,1104361
31310417,90035,18318,108353
31310418,55000,58201,113201
31310419,142035,75353,217388
31310420,14500,30461,44961
31310421,20000,238582,258582
31310423,25000,69834,94834
31310424,100000,21177,121177
31310425,60000,164826,224826
31310426,50000,31312,81312
31310427,20000,78810,98810
31310428,30000,68054,98054
31310430,0,0,0
31310431,111111,26829,137940
31310432,30000,99923,129923
31310433,33709,177332,211041
31310434,21000,111535,132535
31310436,70000,202718,272718
31310437,0,86246,86246
31310438,50000,76579,126579
31310439,57500,107,57607
31310440,47000,19955,66955
31310441,20000,104436,124436
31310442,35035,41518,76553
31310443,71870,594,72464
31310444,70350,286432,356782
31310446,100000,10138,110138
31310447,50000,295581,345581
31310448,25000,115314,140314
31310449,26000,125515,151515
31310452,34377,44276,78653
31310453,0,258412,258412
31310456,0,0,0
31310457,30058,7636,37694
31310460,50000,5041,55041
31310461,0,38336,38336
31310462,30000,117824,147824
31310463,0,28443,28443
31310465,58733,24943,83676
31310466,20000,74202,94202
31310467,60035,8634,68669
31310468,57290,72889,130179
31310469,30000,193111,223111
31310470,0,0,0
31310471,75224,21992,97216
31310472,0,666766,666766
31310473,1015,323586,324601
31310474,0,75773,75773
31310476,0,214449,214449
31310478,164743,1098754,1263497
31310479,84000,841843,925843
31310480,0,0,0
31310481,141290,977089,1118379
31310482,75000,258502,333502
31310483,0,27790,27790
31310484,50000,151548,201548
31310485,0,76312,76312
31310486,22035,70317,92352
31310487,0,421668,421668
31310488,67000,5593,72593
31310489,100000,1292262,1392262
31310490,25000,105842,130842
31310491,84500,93019,177519
31310492,50036,103404,153440
31310495,50035,79312,129347
31310496,60000,465500,525500
31310497,230000,841735,1071735
31310499,0,944,944
31310500,100545,59687,160232
31310501,21000,976,21976
31310502,4000,1574617,1578617
31310503,25035,911001,936036
31310504,0,1443167,1443167
31310505,56307,383852,440159
31310506,10000,145568,155568
31310507,116417,250999,367416
31310509,71035,69973,141008
31310510,129093,190649,319742
31310511,100290,393160,493450
31310512,0,0,0
31310513,80770,2275,83045
31310515,116080,59010,175090
31310517,93035,48,93083
31310518,65161,89655,154816
31310519,25000,355,25355
31310520,45870,45397,91267
31310522,0,0,0
31310523,40000,57322,97322
31310525,0,0,0
31310527,54000,2304,56304
31310528,112570,79310,191880
31310529,141085,195632,336717
31310530,1875,100,1975
31310531,90325,59343,149668
31310532,100035,5291,105326
31310533,140000,23660,163660
31310534,29000,323,29323
31310536,76275,823,77098
31310537,0,151361,151361
31310538,39000,554595,593595
31310540,32070,32556,64626
31310541,59000,48334,107334
31310542,35,537008,537043
31310543,50000,417941,467941
31310544,162000,409963,571963
31310545,5000,48624,53624
31310546,50000,93932,143932
31310547,0,123240,123240
31310548,108512,105902,214414
31310549,50000,65466,115466
31310550,12360,708015,720375
31310551,205993,3479,209472
31310552,20035,44412,64447
31310553,15000,16720,31720
31310554,15035,35478,50513
31310555,137197,15003,152200
31310556,17000,84659,101659
31310557,70,347882,347952
31310558,35,71275,71310
31310559,250151,364630,614781
31310560,66268,90624,156892
31310561,120070,826673,946743
31310562,125035,88296,213331
31310563,0,957659,957659
31310566,0,119540,119540
31310567,100890,298939,399829
31310571,100035,874396,974431
31310572,35,102705,102740
31310573,0,36987,36987
31310574,0,44256,44256
31310576,30000,139985,169985
31310577,40000,121015,161015
31310579,128035,8436,136471
31310580,0,341689,341689
31310581,155665,390445,546110
31310582,150035,85943,235978
31310583,200035,566222,766257
31310584,25035,31429,56464
31310585,0,96524,96524
31310586,41362,103370,144732
31310587,122850,58290,181140
31310588,74070,405,74475
31310589,5035,51322,56357
31310591,78035,133280,211315
31310593,44035,717,44752
31310594,16000,80322,96322
31310595,100000,51252,151252
31310596,35035,37061,72096
31310598,35,108037,108072
31310599,53163,522841,576004
31310600,93292,91990,185282
31310601,0,114944,114944
31310602,0,0,0
31310603,50000,16076,66076
31310604,60000,118687,178687
31310605,0,0,0
31310606,0,206299,206299
31310607,95290,227200,322490
31310608,34000,8900,42900
31310609,40290,17398,57688
31310610,150000,67712,217712
31310611,35,735901,735936
31310612,139454,49778,189232
31310613,95000,2425,97425
31310614,0,315948,315948
31310615,80000,347872,427872
31310616,100000,221510,321510
31310617,10300,39812,50112
31310618,222219,1553482,1775701
31310619,5000,70314,75314
31310620,0,116026,116026
31310623,35,30393,30428
31310627,50035,249496,299531
31310635,0,0,0
31310636,36160,39479,75639
31310637,0,0,0
31310649,0,0,0
31310653,0,42697,42697
31310661,0,0,0
31310665,0,0,0
31310672,0,0,0
31310674,35,326470,326505
31310678,62000,13201,75201
31310682,0,0,0
31310684,189568,107144,296712
31310691,0,0,0
31310692,0,0,0
31310693,0,1374455,1374455
31310694,50035,66902,116937
31310697,0,0,0
31310700,0,0,0
31310701,50000,54068,104068
31310702,0,0,0
31310704,0,0,0
31310705,0,0,0
31310706,0,0,0
31310708,0,0,0
31310709,0,0,0
31310717,0,0,0
31310718,0,7984,7984
31310731,0,0,0
31310732,0,0,0
31310734,0,0,0
31310740,0,0,0
31310754,73000,71075,144075
31310759,0,0,0
31310763,50000,70326,120326
31310764,0,0,0
31310770,0,5663,5663
31310771,0,0,0
31310775,0,0,0
31310776,0,0,0
31310777,0,0,0
31310779,0,0,0
31310780,0,11939,11939
31310781,146000,30687,176687
31310782,16070,86347,102417
31310783,103000,44415,147415
31310784,10000,46239,56239
31310785,37700,60197,97897
31310786,178267,80535,258802
31310787,127610,34511,162121
31310788,50480,28105,78585
31310789,88479,242907,331386
31310790,0,939339,939339
31310791,166357,27731,194088
31310792,585,522530,523115
31310793,50000,143722,193722
31310796,301104,1077134,1378238
31310798,536966,206896,743862
31310799,55000,53609,108609
31310801,58,81506,81564
31310803,80000,102973,182973
31310804,70000,59245,129245
31310805,35,30800,30835
31310806,75000,99798,174798
31310807,50000,22306,72306
31310808,87611,24,87635
31310810,0,470474,470474
31310811,50000,32150,82150
31310813,11576,328257,339833
31310814,0,0,0
31310815,70,429275,429345
31310817,0,1542406,1542406
31310818,422760,49947,472707
31310819,150000,103456,253456
31310820,166777,872928,1039705
31310821,0,226808,226808
31310825,0,0,0
31310826,70,73891,73961
31310829,0,226639,226639
31310830,72070,85628,157698
31310831,288687,2053709,2342396
31310834,0,203580,203580
31310836,9816,104063,113879
31310837,25105,690,25795
31310839,0,1049895,1049895
31310841,90035,865830,955865
31310842,35383,1296,36679
31310843,0,202734,202734
31310844,70,156351,156421
31310855,82000,841930,923930
31310858,75000,38783,113783
31310859,0,104963,104963
31310860,48991,1357652,1406643
31310863,0,1521639,1521639
31310864,18035,129808,147843
31310865,30000,1061277,1091277
31310904,105857,5712,111569
31310905,50000,1021953,1071953
31310906,0,2228,2228
31310907,85000,265534,350534
31310909,0,49373,49373
31310912,48753,5567,54320
31310914,40000,496110,536110
31310917,647845,946615,1594460
31310918,152390,86976,239366
31310919,54070,143971,198041
31310921,16838,341310,358148
31310922,77561,138309,215870
31310923,50000,5302,55302
31310924,5000,37834,42834
31310925,0,36440,36440
31320001,39000,179150,218150
31320002,121412,2025194,2146606
31320003,0,0,0
31320004,265972,881434,1147406
31320005,509121,1520308,2029429
31320006,321719,989980,1311699
31320007,0,528751,528751
31320008,120394,867606,988000
31320009,134671,1324227,1458898
31320010,326228,398198,724426
31320011,199173,250662,449835
31320012,0,19436,19436
31320013,185544,792202,977746
31320014,163924,2095,166019
31320015,317316,253744,571060
31320016,47552,1005748,1053300
31320017,31484,119376,150860
31320018,365778,510046,875824
31320019,920854,327977,1248831
31320020,107069,384707,491776
31320021,0,355000,355000
31320022,80000,29656,109656
31320023,75000,116220,191220
31320024,119500,166018,285518
31320025,243426,853481,1096907
31320027,309698,116028,425726
31320030,250726,1253237,1503963
31320032,0,5257,5257
31320034,400611,109961,510572
31320035,0,497509,497509
31320036,127120,781706,908826
31320037,268333,1602128,1870461
31320038,105776,250331,356107
31320039,210024,283464,493488
31320041,639598,459598,1099196
31320042,6000,181510,187510
31320043,236963,987,237950
31320044,46000,945,46945
31320045,110000,50573,160573
31320046,76474,34109,110583
31320047,115000,82528,197528
31320048,121660,608079,729739
31320049,86232,1035983,1122215
31320050,139017,832175,971192
31320051,3981,198668,202649
31320052,57058,101388,158446
31320053,0,201940,201940
31320054,479342,262841,742183
31320056,0,826334,826334
31320057,0,252,252
31320058,30000,350460,380460
31320059,310500,552584,863084
31320060,841706,257383,1099089
31320061,63297,193640,256937
31320062,192980,658888,851868
31320063,177310,222737,400047
31320064,0,1115664,1115664
31320065,0,295038,295038
31320066,264031,762542,1026573
31320067,50000,188807,238807
31320068,599051,587130,1186181
31320069,0,639869,639869
31320070,0,378624,378624
31320071,179057,896685,1075742
31320072,40000,76060,116060
31320073,390000,44575,434575
31320074,665306,551157,1216463
31320075,148900,710659,859559
31320076,0,344442,344442
31320079,168000,236355,404355
31320080,136160,246461,382621
31320081,170880,27255,198135
31320083,104000,1494156,1598156
31320084,488523,940948,1429471
31320085,78500,3319,81819
31320086,671518,838730,1510248
31320087,205000,992111,1197111
31320088,59500,91075,150575
31320090,141000,55927,196927
31320091,10000,107811,117811
31320092,24500,53458,77958
31320093,20000,48579,68579
31320095,0,456860,456860
31320096,25000,26106,51106
31320097,19350,72305,91655
31320101,45000,92409,137409
31320102,244226,7608,251834
31320105,380000,194653,574653
31320106,0,56391,56391
31320107,618000,55922,673922
31320108,74900,324,75224
31320109,21000,107197,128197
31320114,56217,13089,69306
31320115,0,32767,32767
31320116,79950,922,80872
31320118,164078,43407,207485
31320120,0,105270,105270
31320121,2759,450158,452917
31320124,166,119344,119510
31320126,0,282649,282649
31320128,0,31676,31676
31320129,50049,695,50744
31320130,216094,398320,614414
31320133,25000,233669,258669
31320134,498,58122,58620
31320136,116929,424776,541705
31320137,46014,184,46198
31320138,0,152799,152799
31320139,86000,73227,159227
31320140,113987,195937,309924
31320141,28543,136077,164620
31320142,309028,36302,345330
31320143,0,0,0
31320144,128000,1406706,1534706
31320145,0,58757,58757
31320147,121500,116230,237730
31320148,42219,312,42531
31320149,38,349408,349446
31320150,33691,31873,65564
31320151,65095,211000,276095
31320154,62603,63373,125976
31320155,45000,94257,139257
31320156,0,125110,125110
31320157,95000,51102,146102
31320159,54045,340,54385
31320161,117569,466299,583868
31320162,0,60277,60277
31320163,13000,51736,64736
31320165,0,120869,120869
31320166,120000,163349,283349
31320167,70000,4347,74347
31320171,3800,310986,314786
31320173,250000,203655,453655
31320174,37477,54532,92009
31320175,115000,86640,201640
31320176,0,1027765,1027765
31320177,62725,187139,249864
31320179,0,128742,128742
31320180,24000,213997,237997
31320181,55000,3537,58537
31320183,75000,9086,84086
31320185,55000,57688,112688
31320187,40000,86316,126316
31320188,40500,687951,728451
31320189,152000,239409,391409
31320190,80000,20857,100857
31320191,49744,30000,79744
31320192,130000,88191,218191
31320193,97092,0,97092
31320197,0,106004,106004
31320198,0,66916,66916
31320200,95000,136836,231836
31320201,0,238013,238013
31320203,105768,1424,107192
31320204,70035,30027,100062
31320205,0,133662,133662
31320210,30000,496359,526359
31320212,60035,200921,260956
31320213,0,0,0
31320214,28000,77033,105033
31320217,0,157181,157181
31320218,12000,38353,50353
31320219,26809,37537,64346
31320220,50000,46511,96511
31320221,138066,77886,215952
31320222,86026,677595,763621
31320223,50000,38439,88439
31320225,0,50457,50457
31320226,81600,63628,145228
31320227,39000,6922,45922
31320228,28000,944,28944
31320229,10490,42912,53402
31320231,78034,452,78486
31320233,20000,55676,75676
31320235,75000,30362,105362
31320236,10000,168731,178731
31320237,50000,604972,654972
31320238,50000,212137,262137
31320239,70000,5846,75846
31320240,135000,271550,406550
31320242,20000,34569,54569
31320243,86000,18994,104994
31320244,50000,50106,100106
31320245,136950,98327,235277
31320247,595000,699877,1294877
31320248,86981,454102,541083
31320249,94123,12808,106931
31320250,0,26232,26232
31320252,571,336680,337251
31320253,40000,1124,41124
31320254,100000,13111,113111
31320255,15262,30397,45659
31320256,50000,153153,203153
31320257,16000,17354,33354
31320258,66623,61069,127692
31320259,330291,348081,678372
31320260,30000,46885,76885
31320261,887991,64502,952493
31320262,0,0,0
31320265,15483,48525,64008
31320267,29975,108597,138572
31320268,24200,466,24666
31320269,57520,13563,71083
31320270,45900,987,46887
31320271,100921,98205,199126
31320272,35257,10107,45364
31320273,38500,661,39161
31320274,0,0,0
31320275,50000,228356,278356
31320276,0,1521,1521
31320277,0,85021,85021
31320278,51508,100046,151554
31320279,65000,136260,201260
31320282,0,203706,203706
31320283,3000,48799,51799
31320285,77495,20848,98343
31320286,22681,1162433,1185114
31320287,0,753622,753622
31320288,100000,39222,139222
31320289,0,82147,82147
31320290,46000,64228,110228
31320291,30000,68038,98038
31320292,47100,32151,79251
31320293,55866,21301,77167
31320294,39000,21337,60337
31320295,39000,3990,42990
31320296,44,48883,48927
31320298,72215,536054,608269
31320299,35099,7887,42986
31320300,160000,133697,293697
31320301,62000,84539,146539
31320303,76552,62958,139510
31320304,28000,61670,89670
31320306,46000,240570,286570
31320308,55000,544,55544
31320310,60000,115368,175368
31320311,148203,53345,201548
31320312,0,870924,870924
31320314,0,489,489
31320315,42424,63,42487
31320316,100221,19843,120064
31320317,50000,11150,61150
31320319,9000,30408,39408
31320321,106296,21027,127323
31320322,275,148238,148513
31320323,38000,721,38721
31320324,40970,68631,109601
31320327,223375,203543,426918
31320328,27000,3093,30093
31320329,0,0,0
31320330,10184,74805,84989
31320332,316950,574781,891731
31320333,6400,126289,132689
31320334,0,40695,40695
31320335,0,596540,596540
31320336,20,35722,35742
31320337,4000,71541,75541
31320338,10471,123035,133506
31320339,81766,13375,95141
31320341,0,172295,172295
31320342,30000,94167,124167
31320343,80000,44377,124377
31320345,44600,169522,214122
31320346,69800,6441,76241
31320347,2570,644375,646945
31320348,52418,33917,86335
31320349,56101,58539,114640
31320350,0,209924,209924
31320351,0,58088,58088
31320352,454166,2649,456815
31320353,48035,15292,63327
31320354,40000,92017,132017
31320355,100000,72249,172249
31320356,120000,302658,422658
31320358,15044,129694,144738
31320359,10000,122896,132896
31320360,100035,3550,103585
31320361,30146,78773,108919
31320363,0,35229,35229
31320364,75066,25209,100275
31320365,0,311442,311442
31320366,30494,51490,81984
31320367,61648,1104685,1166333
31320368,69000,101799,170799
31320369,40000,3876,43876
31320370,0,25981,25981
31320371,4500,94273,98773
31320373,58000,1030,59030
31320374,146500,184660,331160
31320375,67120,817,67937
31320376,339116,150209,489325
31320377,65000,26274,91274
31320378,0,51049,51049
31320380,60000,287,60287
31320381,203500,103162,306662
31320382,0,855358,855358
31320383,61910,200051,261961
31320385,500000,205127,705127
31320386,46000,84558,130558
31320387,37000,119991,156991
31320388,0,1002798,1002798
31320389,15531,122059,137590
31320390,36000,107049,143049
31320391,25000,8353,33353
31320392,30000,3915,33915
31320393,57000,705,57705
31320395,8500,155448,163948
31320396,100000,1074631,1174631
31320397,0,1126547,1126547
31320398,4000,81663,85663
31320399,60000,83371,143371
31320400,0,0,0
31320401,0,34260,34260
31320402,37000,213,37213
31320403,0,580403,580403
31320404,0,114535,114535
31320405,86363,368,86731
31320406,24000,4112,28112
31320407,126425,121351,247776
31320408,0,0,0
31320413,61350,186100,247450
31320414,0,621760,621760
31320415,161000,50747,211747
31320416,49260,10828,60088
31320418,0,71388,71388
31320419,7500,133061,140561
31320420,110000,132833,242833
31320422,0,37903,37903
31320425,42000,59160,101160
31320426,133653,178968,312621
31320429,0,600313,600313
31320431,26335,69230,95565
31320432,37000,19,37019
31320433,0,48535,48535
31320434,50000,8559,58559
31320435,0,140307,140307
31320436,2500,211367,213867
31320437,11640,191420,203060
31320438,30000,577948,607948
31320439,0,124017,124017
31320440,27000,44720,71720
31320441,52160,265411,317571
31320442,30000,153536,183536
31320443,12000,153550,165550
31320444,50000,38662,88662
31320447,41000,73100,114100
31320448,0,0,0
31320449,35000,93519,128519
31320450,30000,50427,80427
31320451,0,129583,129583
31320452,10000,672502,682502
31320453,10304,205637,215941
31320454,151833,830406,982239
31320459,60000,52815,112815
31320461,24800,132873,157673
31320462,50000,528647,578647
31320463,0,384048,384048
31320464,0,3347,3347
31320465,380140,697,380837
31320467,100856,743,101599
31320468,28000,47933,75933
31320470,22000,26670,48670
31320471,35000,123156,158156
31320475,0,799873,799873
31320476,36209,67937,104146
31320477,304305,14000,318305
31320478,25000,36021,61021
31320479,191000,85211,276211
31320480,52619,519716,572335
31320481,80000,664893,744893
31320482,26160,114119,140279
31320483,0,171656,171656
31320484,50000,129344,179344
31320485,0,216889,216889
31320486,151160,469829,620989
31320487,0,0,846875
31320488,150000,71308,221308
31320489,40000,960701,1000701
31320490,20000,544058,564058
31320491,50000,58611,108611
31320492,0,91454,91454
31320493,0,294389,294389
31320494,59099,91147,150246
31320495,0,140033,140033
31320496,0,305326,305326
31320497,200000,483120,683120
31320498,42000,43420,85420
31320499,980,1105929,1106909
31320500,250290,500941,751231
31320502,0,518261,518261
31320503,0,610144,610144
31320504,62870,104156,167026
31320505,95580,93453,189033
31320506,210000,157337,367337
31320507,55000,28722,83722
31320508,315002,217241,532243
31320509,85000,856109,941109
31320510,720950,206612,927562
31320511,0,39584,39584
31320512,0,73436,73436
31320513,0,339313,339313
31320514,0,0,0
31320515,25200,67832,93032
31320516,6000,23392,29392
31320517,0,78375,78375
31320518,520007,116827,636834
31320520,36000,23783,59783
31320521,448486,246461,694947
31320522,0,72076,72076
31320523,15000,934943,949943
31320525,5500,114259,119759
31320526,0,121244,121244
31320527,20000,137345,157345
31320528,0,0,0
31320529,15000,545791,560791
31320530,120000,506501,626501
31320531,50000,208356,258356
31320532,0,71670,71670
31320533,43825,1233636,1277461
31320534,0,0,0
31320535,62742,52641,115383
31320536,0,0,0
31320538,100000,28631,128631
31320539,5000,162357,167357
31320540,0,583235,583235
31320541,5000,185002,190002
31320542,0,351870,351870
31320543,0,214603,214603
31320544,50000,292894,342894
31320545,0,621868,621868
31320546,60000,22072,82072
31320547,85100,141245,226345
31320548,45500,94012,139512
31320549,0,134682,134682
31320551,0,94453,94453
31320552,0,150598,150598
31320553,50000,818420,868420
31320554,0,121,121
31320555,20000,55389,75389
31320556,20000,738900,758900
31320557,0,1196243,1196243
31320558,50000,134245,184245
31320559,835855,204178,1040033
31320560,178815,102193,281008
31320561,484122,261900,746022
31320562,0,50000,50000
31320563,0,54829,54829
31320564,153000,124573,277573
31320565,102873,341685,444558
31320566,30000,428946,458946
31320567,150000,942684,1092684
31320568,56322,232499,288821
31320569,30000,147117,177117
31320570,94000,170746,264746
31320571,60000,116060,176060
31320572,20000,70230,90230
31320573,32000,52502,84502
31320574,20000,44315,64315
31320575,60000,175303,235303
31320576,0,0,0
31320577,10000,628004,638004
31320578,31000,97874,128874
31320579,100000,1040494,1140494
31320580,7386,738575,745961
31320581,0,1061694,1061694
31320582,107000,1983698,2090698
31320583,647900,768019,1415919
31320584,0,335669,335669
31320585,300000,282919,582919
31320586,120000,654763,774763
31320587,0,142661,142661
31320588,12000,191939,203939
31320589,170000,387772,557772
31320590,1022138,95327,1117465
31320591,179000,75455,254455
31320592,15000,425478,440478
31320593,43000,197864,240864
31320594,0,83182,83182
31320595,0,0,0
31320596,0,206403,206403
31320597,57650,43699,101349
31320598,90000,2764,92764
31320599,0,341457,341457
31320601,40000,43650,83650
31320602,0,262074,262074
31320603,20000,250359,270359
31320604,84800,67,84867
31320607,5000,131501,136501
31320608,76000,2431,78431
31320609,50000,311,50311
31320610,30000,134740,164740
31320611,0,158971,158971
31320613,50000,48799,98799
31320614,0,59047,59047
31320615,103000,61,103061
31320616,38000,5476,43476
31320617,150000,761426,911426
31320618,0,71818,71818
31320619,0,329173,329173
31320620,87780,6003,93783
31320621,90000,1212633,1302633
31320622,18850,32143,50993
31320623,67160,35418,102578
31320624,30000,733211,763211
31320625,150000,1217,151217
31320626,85000,1150408,1235408
31320627,35000,36047,71047
31320629,64269,45846,110115
31320630,0,53042,53042
31320631,26000,879,26879
31320632,34000,33572,67572
31320633,50000,18408,68408
31320634,0,0,0
31320635,0,0,0
31320636,62000,322591,384591
31320638,525,146506,147031
31320639,42000,39566,81566
31320640,0,64221,64221
31320641,69000,54784,123784
31320644,0,1069,1069
31320645,15000,261197,276197
31320646,50000,85242,135242
31320647,0,214615,214615
31320648,65400,1856,67256
31320649,56398,32540,88938
31320653,35000,10773,45773
31320654,71160,256372,327532
31320656,0,135193,135193
31320658,0,205254,205254
31320659,609292,30000,639292
31320660,120000,77877,197877
31320661,0,103086,103086
31320662,0,32496,32496
31320663,101580,78272,179852
31320664,82000,108,82108
31320665,0,152949,152949
31320666,50000,155351,205351
31320667,50000,60610,110610
31320668,0,0,0
31320669,30000,42326,72326
31320670,0,257464,257464
31320672,0,71991,71991
31320673,105160,1659,106819
31320674,0,58155,58155
31320675,98000,61108,159108
31320676,10000,88554,98554
31320677,120000,307189,427189
31320678,17800,118361,136161
31320679,72000,66347,138347
31320680,189674,136291,325965
31320681,0,177978,177978
31320682,0,0,0
31320683,30000,368759,398759
31320685,0,0,0
31320686,64300,47749,112049
31320687,56317,132993,189310
31320688,152434,851231,1003665
31320690,61694,227060,288754
31320691,150000,337168,487168
31320692,50000,757338,807338
31320694,150070,57513,207583
31320695,0,169067,169067
31320696,1299,259573,260872
31320697,25000,2716,27716
31320698,0,28000,28000
31320699,214000,46234,260234
31320700,27000,2274,29274
31320701,35035,549380,584415
31320702,5035,169267,174302
31320703,45530,605496,651026
31320704,25000,15501,40501
31320705,44700,797575,842275
31320706,0,39156,39156
31320707,30105,234297,264402
31320709,72223,55564,127787
31320710,0,87473,87473
31320711,20035,3765,23800
31320712,132532,1043164,1175696
31320713,517755,162889,680644
31320714,0,44573,44573
31320715,85035,10777,95812
31320716,48350,7403,55753
31320717,0,656279,656279
31320718,0,0,0
31320719,65000,185939,250939
31320720,25000,677823,702823
31320721,0,190822,190822
31320722,2840,93603,96443
31320723,0,221513,221513
31320724,65000,1760,66760
31320725,10035,629187,639222
31320726,800,73810,74610
31320727,146000,205667,351667
31320728,0,961,961
31320729,35138,1249146,1284284
31320730,65000,5061,70061
31320731,45793,299522,345315
31320733,63000,72372,135372
31320734,0,311202,311202
31320735,0,438836,438836
31320736,20000,52971,72971
31320737,51559,33400,84959
31320738,29000,28815,57815
31320740,0,11897,11897
31320741,20000,539132,559132
31320742,23227,19289,42516
31320743,45292,23675,68967
31320756,73250,11755,85005
31320757,199407,239289,438696
31320760,0,0,0
31320761,0,0,0
31320765,40314,194565,234879
31320767,0,0,0
31320778,0,0,0
31320779,0,0,0
31320786,0,0,0
31320790,123546,858,124404
31320791,40000,39763,79763
31320797,30000,1403,31403
31320803,0,0,0
31320806,0,51023,51023
31320807,0,0,0
31320808,0,0,0
31320816,0,0,0
31320823,0,0,0
31320827,0,0,0
31320831,0,0,0
31320844,0,0,0
31320845,0,0,0
31320846,0,0,0
31320847,0,0,0
31320848,0,0,0
31320849,0,0,0
31320850,0,37481,37481
31320853,0,0,0
31320856,0,0,0
31320865,0,0,0
31320870,0,0,0
31320871,0,0,0
31320873,0,0,0
31320874,0,0,0
31320875,0,0,0
31320884,0,0,0
31320887,0,0,0
31320894,0,0,0
31320895,0,0,0
31320898,0,0,0
31320907,0,0,0
31320909,0,0,0
31320913,0,0,0
31320914,34250,75533,109783
31320915,0,0,0
31320917,0,0,0
31320919,0,0,0
31320921,0,0,0
31320925,0,0,0
31320931,0,0,0
31320932,0,0,0
31320933,0,0,0
31320938,0,0,0
31320943,80350,116179,196529
31320947,0,0,0
31320949,58000,43283,101283
31320952,0,0,0
31320957,0,0,0
31320960,0,75159,75159
31320962,60700,422886,483586
31320963,0,99766,99766
31320964,155700,637,156337
31320966,60000,157934,217934
31320967,0,935731,935731
31320968,41160,553270,594430
31320969,58538,735933,794471
31320970,65000,108777,173777
31320971,83534,37691,121225
31320972,18596,659044,677640
31320973,0,0,0
31320975,6040,37994,44034
31320976,153900,10256,164156
31320977,170000,7930,177930
31320978,185000,2006,187006
31320979,0,182037,182037
31320980,15000,1249326,1264326
31320981,114562,879,115441
31320982,0,51593,51593
31320983,40000,128383,168383
31320984,0,286131,286131
31320985,0,101299,101299
31320986,430000,214000,644000
31320987,70000,865297,935297
31320988,64880,858941,923821
31320990,80000,155664,235664
31320991,17980,38858,56838
31320992,76402,38663,115065
31320994,0,0,0
31320995,3000,28066,31066
31320996,45000,165751,210751
31320998,168983,527,169510
31320999,0,0,11719
31321000,82000,48258,130258
31321001,70000,132368,202368
31321002,0,66690,66690
31321003,73747,67459,141206
31321004,30000,51501,81501
31321005,75000,76093,151093
31321006,48500,160541,209041
31321009,51197,30492,81689
31321010,89237,1232902,1322139
31321011,201080,91653,292733
31321012,116959,401662,518621
31321013,28350,4764,33114
31321014,0,453098,453098
31321016,0,0,0
31321017,30000,324658,354658
31321018,10000,105416,115416
31321019,165610,1023650,1189260
31321021,40000,82210,122210
31321022,306476,1135872,1442348
31321023,0,201719,201719
31321024,33800,95268,129068
31321025,0,115787,115787
31321026,50009,5078,55087
31321028,0,224915,224915
31321029,0,0,0
31321030,0,0,0
31321031,0,0,0
31321034,0,0,0
31330001,547995,508861,1056856
31330003,329734,303208,632942
31330004,334391,19551,353942
31330005,733906,233137,967043
31330006,589647,1407874,1997521
31330009,0,213015,213015
31330010,0,224701,224701
31330011,222431,1022722,1245153
31330012,149582,314598,464180
31330013,425059,367298,792357
31330014,218940,1135856,1354796
31330015,117352,35587,152939
31330017,98020,51697,149717
31330018,29213,787,30000
31330019,160594,990,161584
31330020,739803,55259,795062
31330021,267483,11141,278624
31330022,0,0,0
31330023,254208,831112,1085320
31330024,178709,720270,898979
31330025,34324,336555,370879
31330026,82897,65503,148400
31330027,197044,657143,854187
31330028,0,0,0
31330029,133564,167500,301064
31330030,80,170980,171060
31330031,290000,7154,297154
31330032,39114,1134534,1173648
31330033,0,915006,915006
31330034,250368,257119,507487
31330035,205629,1013613,1219242
31330036,66994,417717,484711
31330037,230516,1191166,1421682
31330038,161150,364671,525821
31330039,190000,469359,659359
31330040,316585,43000,359585
31330041,426052,307682,733734
31330042,560000,177805,737805
31330043,846542,614355,1460897
31330044,405396,477801,883197
31330045,147270,1983905,2131175
31330046,827084,742989,1570073
31330047,525015,1066288,1591303
31330048,10699,1070153,1080852
31330051,226198,80325,306523
31330052,103740,7786,111526
31330053,67378,1014147,1081525
31330054,902031,54539,956570
31330055,625149,969917,1595066
31330056,57236,141527,198763
31330057,138966,211117,350083
31330058,93543,420093,513636
31330060,91052,670593,761645
31330061,0,951229,951229
31330062,301076,99559,400635
31330063,114090,430690,544780
31330064,241059,109080,350139
31330065,209372,413500,622872
31330066,11260,196092,207352
31330067,60000,19985,79985
31330068,212626,1034818,1247444
31330069,150180,1061249,1211429
31330070,79600,658,80258
31330071,143880,40835,184715
31330072,91058,321183,412241
31330073,230000,279221,509221
31330074,0,61409,61409
31330075,197652,356554,554206
31330076,53000,98122,151122
31330077,89456,60526,149982
31330078,0,162951,162951
31330079,77929,955,78884
31330080,285000,200186,485186
31330081,310400,3892,314292
31330082,152000,519674,671674
31330083,205644,618024,823668
31330084,9631,841889,851520
31330085,110083,3893,113976
31330086,164000,220038,384038
31330087,0,547041,547041
31330088,120174,630796,750970
31330089,35,299033,299068
31330090,64105,35878,99983
31330091,50000,12707,62707
31330092,0,154075,154075
31330093,42310,26998,69308
31330094,45000,273151,318151
31330095,140035,53181,193216
31330096,90000,38073,128073
31330097,192200,82184,274384
31330098,469974,137923,607897
31330099,11000,523125,534125
31330100,115554,928718,1044272
31330101,79699,2054182,2133881
31330102,132634,101659,234293
31330106,398000,262118,660118
31330107,0,1505446,1505446
31330108,96415,1325934,1422349
31330109,0,535663,535663
31330111,75732,236963,312695
31330112,45000,1178025,1223025
31330113,77999,1341,79340
31330114,25035,190597,215632
31330115,109213,5878,115091
31330116,56593,221347,277940
31330117,111000,7269,118269
31330118,56689,400566,457255
31330119,122249,66440,188689
31330121,96090,40468,136558
31330122,242210,133639,375849
31330123,110384,516948,627332
31330124,120720,191075,311795
31330125,50116,272286,322402
31330126,133443,633098,766541
31330127,0,1926000,1926000
31330128,118211,67361,185572
31330129,70960,505,71465
31330130,58435,39479,97914
31330131,159000,185532,344532
31330132,49000,159159,208159
31330133,30816,383706,414522
31330134,76679,529282,605961
31330136,160290,97637,257927
31330137,0,0,0
31330138,98000,357117,455117
31330139,145500,50105,195605
31330140,92290,131929,224219
31330141,70,321320,321390
31330142,111121,19427,130548
31330143,35,581764,581799
31330144,417222,482576,899798
31330145,44000,82616,126616
31330146,36690,55798,92488
31330147,100188,195890,296078
31330148,16214,195154,211368
31330149,230000,49422,279422
31330150,106186,21443,127629
31330151,119366,163231,282597
31330152,3276,80717,83993
31330153,38800,70265,109065
31330154,28201,115280,143481
31330156,10000,65620,75620
31330157,388296,193596,581892
31330158,15693,504811,520504
31330159,3930,209706,213636
31330160,0,135457,135457
31330161,45000,30630,75630
31330162,0,235733,235733
31330166,104933,82136,187069
31330167,76478,154531,231009
31330168,13857,550685,564542
31330169,11320,151902,163222
31330170,43500,193220,236720
31330172,40000,17235,57235
31330174,50174,123483,173657
31330175,45000,473293,518293
31330178,85000,324720,409720
31330180,0,78605,78605
31330183,17000,263255,280255
31330184,40000,15637,55637
31330186,199290,101147,300437
31330187,32000,31490,63490
31330188,50000,8105,58105
31330190,285145,197739,482884
31330192,327025,42084,369109
31330198,50000,3288,53288
31330199,250000,563301,813301
31330200,44409,13727,58136
31330202,0,0,0
31330203,0,1114508,1114508
31330204,32000,46739,78739
31330205,0,1066840,1066840
31330207,290,111585,111875
31330208,50000,707556,757556
31330210,46958,7835,54793
31330211,116157,178913,295070
31330215,132000,232519,364519
31330217,0,129613,129613
31330218,20000,101230,121230
31330219,0,66638,66638
31330221,50000,3817,53817
31330223,52500,245909,298409
31330224,6000,269865,275865
31330226,82970,41385,124355
31330229,0,387253,387253
31330233,51325,644,51969
31330234,101436,80117,181553
31330235,145000,147920,292920
31330237,25000,83765,108765
31330238,20000,179511,199511
31330240,15522,74185,89707
31330242,118290,121856,240146
31330245,25000,55628,80628
31330247,0,335778,335778
31330249,50000,64615,114615
31330251,10000,41249,51249
31330252,57348,91746,149094
31330254,50000,41685,91685
31330255,50000,148528,198528
31330256,57546,229287,286833
31330258,45000,1065,46065
31330260,30000,58173,88173
31330261,78540,70608,149148
31330262,82000,60565,142565
31330264,14000,72559,86559
31330265,6200,466665,472865
31330267,0,230695,230695
31330269,80000,453648,533648
31330270,54345,6346,60691
31330271,63855,188308,252163
31330272,40000,134010,174010
31330276,21116,274,21390
31330278,145000,95907,240907
31330279,18000,10623,28623
31330280,0,0,0
31330283,74460,243832,318292
31330286,340624,174032,514656
31330287,0,966437,966437
31330289,80000,33912,113912
31330291,64350,10154,74504
31330293,0,329343,329343
31330294,100000,696069,796069
31330297,32174,47503,79677
31330298,50116,37058,87174
31330299,0,128340,128340
31330300,46174,74420,120594
31330301,0,63356,63356
31330302,100000,160070,260070
31330304,50000,46219,96219
31330305,40000,61795,101795
31330306,50116,3297,53413
31330307,48000,3520,51520
31330309,580,316635,317215
31330312,0,226129,226129
31330315,7000,111389,118389
31330316,0,64495,64495
31330317,0,194566,194566
31330318,28100,105504,133604
31330319,47000,534,47534
31330320,36620,300,36920
31330321,60167,188052,248219
31330322,82000,126559,208559
31330323,143350,117643,260993
31330324,0,0,0
31330325,40000,18838,58838
31330326,137000,179866,316866
31330327,0,0,0
31330328,0,0,0
31330330,0,197257,197257
31330331,60000,296879,356879
31330334,16000,38375,54375
31330336,0,53691,53691
31330337,20000,79961,99961
31330338,0,0,0
31330340,23000,454047,477047
31330342,35000,95077,130077
31330343,0,45793,45793
31330345,296400,181933,478333
31330350,75053,134536,209589
31330352,35000,151559,186559
31330353,86085,39825,125910
31330354,26290,40000,66290
31330357,56070,274,56344
31330362,84790,150170,234960
31330363,0,26641,26641
31330364,101035,10325,111360
31330365,42000,76536,118536
31330366,54076,154571,208647
31330368,31575,60758,92333
31330370,0,122997,122997
31330371,63384,129281,192665
31330373,0,71966,71966
31330375,30580,195623,226203
31330377,229524,786071,1015595
31330378,49479,126283,175762
31330379,0,386705,386705
31330380,12600,136310,148910
31330381,0,267853,267853
31330382,23825,83788,107613
31330384,20714,46699,67413
31330385,0,190070,190070
31330386,122000,196219,318219
31330387,18136,27083,45219
31330388,175220,157075,332295
31330389,0,317632,317632
31330390,0,69235,69235
31330391,100000,441795,541795
31330393,84887,422472,507359
31330394,50851,236931,287782
31330396,110260,12292,122552
31330398,24000,119970,143970
31330399,135000,342241,477241
31330400,0,512387,512387
31330401,40000,81451,121451
31330402,69500,128518,198018
31330403,22995,176259,199254
31330406,188100,443593,631693
31330407,0,725919,725919
31330408,27380,114372,141752
31330409,53317,73519,126836
31330410,67000,18011,85011
31330412,60000,35399,95399
31330413,75867,88728,164595
31330415,35,471007,471042
31330416,149393,61081,210474
31330418,0,0,0
31330419,96610,138912,235522
31330421,88498,865954,954452
31330422,180070,17348,197418
31330423,0,0,0
31330424,4000,27993,31993
31330425,233741,42459,276200
31330428,360000,65217,425217
31330429,76221,39511,115732
31330431,36000,804,36804
31330432,20000,74541,94541
31330433,7980,202622,210602
31330434,20000,4019,24019
31330435,4000,118582,122582
31330436,17000,55339,72339
31330437,10000,514018,524018
31330438,148256,83826,232082
31330439,78317,1327,79644
31330442,20000,73256,93256
31330443,14200,307464,321664
31330444,55070,1584,56654
31330446,68175,859,69034
31330447,80,56531,56611
31330448,42509,177989,220498
31330449,62825,129145,191970
31330450,68079,160540,228619
31330452,26000,28378,54378
31330453,15000,569,15569
31330454,41035,60778,101813
31330457,16649,134376,151025
31330459,0,65986,65986
31330460,18790,160745,179535
31330461,25050,52134,77184
31330462,40000,96990,136990
31330463,35429,263558,298987
31330465,0,276857,276857
31330467,720870,26412,747282
31330468,100000,12385,112385
31330469,22500,51126,73626
31330470,241203,306188,547391
31330471,0,36922,36922
31330473,395651,187228,582879
31330474,0,166872,166872
31330475,14205,151763,165968
31330477,18000,31810,49810
31330478,0,65805,65805
31330479,115000,211343,326343
31330480,65480,185126,250606
31330481,70000,24430,94430
31330483,258869,407211,666080
31330484,66026,28821,94847
31330485,0,507691,507691
31330487,67000,162897,229897
31330488,65000,308648,373648
31330489,160922,84984,245906
31330490,68000,77944,145944
31330492,42313,162337,204650
31330493,50000,82156,132156
31330495,72456,105047,177503
31330496,54500,40655,95155
31330500,50000,49394,99394
31330503,0,0,0
31330504,48956,536922,585878
31330505,45100,59582,104682
31330507,31104,612461,643565
31330508,78473,9338,87811
31330509,49500,85789,135289
31330511,0,229562,229562
31330513,334201,1154160,1488361
31330514,56000,51415,107415
31330515,40000,15522,55522
31330516,90058,75043,165101
31330517,1279,2099,3378
31330518,22000,54589,76589
31330519,20000,30036,50036
31330520,0,73363,73363
31330521,20070,65078,85148
31330522,0,20214,20214
31330524,45000,16599,61599
31330526,0,152538,152538
31330527,194620,750689,945309
31330528,211542,38346,249888
31330529,80035,945785,1025820
31330530,0,94682,94682
31330531,262,181859,182121
31330532,50000,47269,97269
31330533,35000,59681,94681
31330535,30000,24153,54153
31330536,0,288570,288570
31330537,0,0,0
31330539,0,299361,299361
31330540,0,248390,248390
31330542,2000,44417,46417
31330543,0,38732,38732
31330544,89950,47540,137490
31330545,2030,95683,97713
31330546,100000,343301,443301
31330547,0,151218,151218
31330548,107312,44398,151710
31330549,580,166491,167071
31330550,10000,69787,79787
31330551,75623,6517,82140
31330552,58806,61715,120521
31330554,75000,4534,79534
31330555,0,71088,71088
31330556,97549,55401,152950
31330557,10000,118571,128571
31330558,41000,109323,150323
31330559,0,106743,106743
31330560,65000,1025,66025
31330561,0,0,0
31330562,0,17726,17726
31330563,40230,72946,113176
31330567,0,0,0
31330568,43035,1126,44161
31330570,0,87302,87302
31330572,1241,812630,813871
31330576,0,584898,584898
31330577,90360,6072,96432
31330579,141,108014,108155
31330580,0,0,0
31330583,0,324520,324520
31330584,126000,309,126309
31330585,30000,114285,144285
31330586,50000,18070,68070
31330587,21805,12943,34748
31330588,50000,22186,72186
31330589,48000,218,48218
31330590,120070,79292,199362
31330591,50410,1005279,1055689
31330592,21028,72,21100
31330596,38909,417291,456200
31330597,15000,30651,45651
31330601,0,88357,88357
31330602,90420,16362,106782
31330603,30000,114326,144326
31330605,0,157808,157808
31330606,0,79180,79180
31330607,32000,152999,184999
31330608,0,923888,923888
31330609,0,0,0
31330610,0,349034,349034
31330612,13567,118794,132361
31330613,13028,77165,90193
31330614,0,0,0
31330615,40000,116874,156874
31330616,50000,144576,194576
31330617,40000,3662,43662
31330618,106221,125671,231892
31330620,28000,12655,40655
31330621,0,0,0
31330622,0,339870,339870
31330623,52000,96775,148775
31330626,18000,67319,85319
31330628,35,69754,69789
31330629,65580,15335,80915
31330630,0,20086,20086
31330631,0,46799,46799
31330632,76088,167799,243887
31330633,45105,562,45667
31330634,0,0,0
31330635,0,27366,27366
31330636,32000,259341,291341
31330637,24000,22451,46451
31330638,50480,6349,56829
31330639,175035,351527,526562
31330640,35085,65070,100155
31330642,22000,86748,108748
31330643,30000,33019,63019
31330645,35870,131281,167151
31330646,74600,655422,730022
31330647,17000,24149,41149
31330649,0,173136,173136
31330652,0,0,0
31330655,152034,56678,208712
31330656,0,124174,124174
31330657,100000,57281,157281
31330658,0,656447,656447
31330659,30000,84700,114700
31330660,50318,3469,53787
31330661,66000,40051,106051
31330662,50035,65018,115053
31330663,77155,90530,167685
31330664,115000,184542,299542
31330665,50000,76240,126240
31330666,118074,80960,199034
31330667,60000,113180,173180
31330668,10350,142451,152801
31330669,158332,281055,439387
31330670,0,36022,36022
31330671,0,106863,106863
31330672,0,386993,386993
31330673,5402,232845,238247
31330674,72203,13568,85771
31330675,95058,53872,148930
31330676,80000,59872,139872
31330677,37500,28559,66059
31330678,58000,90332,148332
31330679,0,25371,25371
31330680,66860,4809,71669
31330682,63923,240959,304882
31330683,117671,15411,133082
31330684,75900,39734,115634
31330685,9000,1991,10991
31330686,90000,60510,150510
31330687,34442,381775,416217
31330688,337446,869959,1207405
31330689,7000,78126,85126
31330690,30035,92757,122792
31330691,23417,212646,236063
31330692,0,74743,74743
31330693,50000,22414,72414
31330694,55290,129944,185234
31330695,0,140073,140073
31330696,0,96346,96346
31330697,0,165289,165289
31330698,40000,21045,61045
31330699,40035,10470,50505
31330700,45070,126353,171423
31330701,30035,399803,429838
31330702,45000,20284,65284
31330704,20580,50362,70942
31330705,30000,957,30957
31330706,49000,45073,94073
31330708,114745,2537,117282
31330709,0,113752,113752
31330710,3000,44326,47326
31330714,39028,328398,367426
31330717,100000,100688,200688
31330718,50035,76581,126616
31330720,89061,186728,275789
31330722,55000,27938,82938
31330724,77480,554,78034
31330725,110000,9597,119597
31330726,0,80320,80320
31330728,106035,79165,185200
31330730,0,0,0
31330731,0,98177,98177
31330733,70000,521,70521
31330734,79550,80014,159564
31330735,70,28021,28091
31330736,140198,161022,301220
31330737,57035,116345,173380
31330738,80455,132696,213151
31330739,215193,48151,263344
31330740,15290,7580,22870
31330741,30000,7536,37536
31330742,29777,93464,123241
31330743,100000,59257,159257
31330745,40000,24647,64647
31330747,26554,51527,78081
31330748,40000,572819,612819
31330749,600000,344560,944560
31330750,61035,11895,72930
31330751,230657,96273,326930
31330752,0,934362,934362
31330753,50000,83342,133342
31330754,111000,36738,147738
31330755,45000,13095,58095
31330756,0,0,0
31330757,13000,222298,235298
31330758,22000,88827,110827
31330759,72000,15730,87730
31330760,43815,73154,116969
31330761,201200,163282,364482
31330762,60000,131935,191935
31330763,0,0,0
31330764,0,0,0
31330765,51000,13412,64412
31330766,100000,62522,162522
31330767,20035,153940,173975
31330769,0,118377,118377
31330770,1200,109282,110482
31330771,60360,197841,258201
31330774,40804,164104,204908
31330775,95000,60030,155030
31330776,100070,130173,230243
31330778,68798,97476,166274
31330779,25000,100786,125786
31330781,105070,13110,118180
31330782,12535,129,12664
31330784,0,144934,144934
31330785,65535,52037,117572
31330786,40070,312041,352111
31330787,105,16835,16940
31330788,7070,95909,102979
31330789,110082,5087,115169
31330790,38,501262,501300
31330791,143035,2115,145150
31330792,4305,277384,281689
31330793,0,450598,450598
31330794,9000,29486,38486
31330795,130395,13401,143796
31330796,170140,62721,232861
31330797,0,533680,533680
31330798,60000,88724,148724
31330799,0,140945,140945
31330800,50000,11503,61503
31330802,80000,125338,205338
31330803,0,12341,12341
31330804,0,75126,75126
31330805,62590,69553,132143
31330806,50035,92422,142457
31330807,0,0,0
31330808,0,24929,24929
31330809,57511,61043,118554
31330810,0,41400,41400
31330812,69000,15324,84324
31330813,34507,65604,100111
31330814,0,0,0
31330815,20528,14085,34613
31330816,75058,3780,78838
31330820,25000,91294,116294
31330821,0,0,0
31330822,0,0,0
31330824,0,123037,123037
31330826,0,0,0
31330828,166808,132646,299454
31330829,0,305788,305788
31330830,20000,6751,26751
31330831,80000,2135,82135
31330832,0,304882,304882
31330833,0,32163,32163
31330834,23192,450494,473686
31330835,16160,13838,29998
31330836,100058,46528,146586
31330838,20000,104876,124876
31330839,69658,14943,84601
31330840,22000,490,22490
31330841,70000,189294,259294
31330842,70000,1312,71312
31330843,54093,19,54112
31330844,0,108782,108782
31330845,15000,314072,329072
31330846,0,181882,181882
31330847,0,64511,64511
31330848,0,264688,264688
31330849,10035,78187,88222
31330850,37899,181010,218909
31330851,453,363930,364383
31330852,50000,100585,150585
31330853,541,179520,180061
31330854,116073,40777,156850
31330858,0,39685,39685
31330859,44000,2251,46251
31330860,81600,39154,120754
31330861,46000,430,46430
31330862,131261,463241,594502
31330863,6633,190136,196769
31330864,32000,53614,85614
31330865,30000,11256,41256
31330866,17423,81231,98654
31330867,39000,795,39795
31330868,46300,22682,68982
31330869,46290,5075,51365
31330870,40068,108725,148793
31330890,0,0,0
31330906,0,0,0
31330915,0,0,0
31330919,25000,2274,27274
31330921,0,0,0
31330922,0,0,0
31330923,0,0,0
31330929,0,0,0
31330931,0,0,0
31330933,0,0,0
31330935,0,0,0
31330937,50000,200040,250040
31330939,18500,51233,69733
31330940,0,0,0
31330941,12665,28475,41140
31330944,0,61508,61508
31330945,0,0,0
31330947,15260,57799,73059
31330949,70600,143206,213806
31330952,0,0,0
31330960,40000,70670,110670
31330961,204762,126838,331600
31330977,0,0,0
31330978,11293,132939,144232
31330985,0,0,0
31330988,0,0,0
31330989,0,0,0
31330991,54640,427653,482293
31330994,40000,57406,97406
31331005,0,0,0
31331010,0,0,0
31331014,0,0,0
31331016,23160,39414,62574
31331021,49500,69271,118771
31331025,0,0,0
31331028,0,92100,92100
31331029,37000,3463,40463
31331030,40000,55845,95845
31331032,45000,99511,144511
31331034,0,0,0
31331041,0,0,0
31331044,0,0,0
31331045,138179,90073,228252
31331047,0,121921,121921
31331051,0,0,0
31331052,0,0,0
31331054,0,0,0
31331057,0,14335,14335
31331058,30000,8262,38262
31331059,0,0,0
31331060,0,0,0
31331061,68290,987,69277
31331062,0,0,0
31331064,7500,34044,41544
31331065,0,81710,81710
31331070,0,330,330
31331071,0,1818,1818
31331073,0,0,0
31331078,0,0,0
31331080,0,0,0
31331082,0,0,0
31331083,0,0,0
31331084,0,0,0
31331087,52627,473704,526331
31331088,37759,504238,541997
31331089,0,0,0
31331090,22500,23038,45538
31331091,30105,38807,68912
31331092,25000,77293,102293
31331093,20290,92630,112920
31331094,35035,635034,670069
31331095,49702,187320,237022
31331096,96004,97031,193035
31331097,60000,565582,625582
31331098,17500,256474,273974
31331099,25135,171267,196402
31331102,15000,40899,55899
31331105,2620,393609,396229
31331106,103574,29245,132819
31331107,524781,828253,1353034
31331109,0,0,0
31331111,94836,96812,191648
31331112,111496,104322,215818
31331113,125332,65954,191286
31331114,0,45101,45101
31331115,0,142363,142363
31331116,408092,427577,835669
31331117,0,361929,361929
31331118,0,0,0
31331120,332073,808369,1140442
31331200,106580,484487,591067
31331201,52000,12008,64008
31331208,364811,386339,751150
31331209,110000,100481,210481
31331213,110000,388308,498308
31331215,0,0,0
31331216,60000,40361,100361
31331217,100000,157224,257224
31331221,266929,365182,632111
31331223,28000,23736,51736
31331225,20000,458689,478689
31331226,70290,49973,120263
31331228,0,58175,58175
31331229,100000,11321,111321
31331230,73000,101,73101
31331232,0,0,0
31331233,49635,43595,93230
31331234,2535,111394,113929
31331235,92500,33434,125934
31331236,43500,3222,46722
31340001,221272,270073,491345
31340002,365753,540,366293
31340003,589294,251027,840321
31340004,470226,633805,1104031
31340005,229568,183815,413383
31340006,620893,553592,1174485
31340007,97290,210134,307424
31340008,190561,0,190561
31340009,67089,61486,128575
31340010,250000,11997,261997
31340011,0,0,0
31340012,142418,232260,374678
31340013,324398,106286,430684
31340014,386252,100250,486502
31340015,418638,10620,429258
31340016,162544,168408,330952
31340017,147846,161777,309623
31340018,50758,311518,362276
31340019,516837,648534,1165371
31340020,76373,87425,163798
31340021,0,1297448,1297448
31340022,23510,101018,124528
31340023,0,0,0
31340024,92529,510,93039
31340025,176723,238364,415087
31340026,0,0,0
31340027,17036,486737,503773
31340028,65897,156714,222611
31340029,0,1830591,1830591
31340030,635876,433067,1068943
31340031,77370,617620,694990
31340032,94778,93578,188356
31340033,297499,743481,1040980
31340034,0,0,0
31340035,0,177664,177664
31340036,42000,135500,177500
31340037,185677,583,186260
31340038,93433,881322,974755
31340039,454000,981436,1435436
31340040,218250,965252,1183502
31340041,12800,4303,17103
31340042,42000,1624443,1666443
31340043,64058,409929,473987
31340044,0,271355,271355
31340045,0,148880,148880
31340046,0,193202,193202
31340047,6893,162129,169022
31340048,50035,301394,351429
31340049,54314,144764,199078
31340050,90035,31707,121742
31340051,62290,214597,276887
31340052,55174,1151707,1206881
31340053,233739,24465,258204
31340055,120325,2013,122338
31340056,97219,206136,303355
31340057,48000,97645,145645
31340058,100000,464418,564418
31340059,86000,1431672,1517672
31340060,122930,74962,197892
31340061,25253,207669,232922
31340062,143815,197042,340857
31340063,41595,115150,156745
31340064,70,137223,137293
31340065,35000,330602,365602
31340066,0,0,0
31340067,8000,1005498,1013498
31340068,87070,196094,283164
31340069,105000,1009423,1114423
31340072,55000,335069,390069
31340073,6710,73617,80327
31340074,210000,1356673,1566673
31340075,0,0,0
31340076,100000,164307,264307
31340077,86795,53947,140742
31340078,0,0,0
31340079,0,0,0
31340080,110070,116034,226104
31340081,107035,293893,400928
31340082,70654,23448,94102
31340083,100000,307468,407468
31340084,172460,295107,467567
31340085,0,144547,144547
31340086,126298,202506,328804
31340087,0,0,0
31340088,50000,79098,129098
31340090,140000,204333,344333
31340091,77512,95116,172628
31340092,132339,283356,415695
31340093,15354,88707,104061
31340094,12183,886793,898976
31340095,50000,54326,104326
31340096,139965,265336,405301
31340097,0,0,0
31340098,255571,190882,446453
31340099,45000,148710,193710
31340100,0,463841,463841
31340102,290729,7306408,7597137
31340103,16794,489176,505970
31340104,60000,18083,78083
31340105,53800,78436,132236
31340107,219770,820015,1039785
31340108,75000,52046,127046
31340109,54534,197139,251673
31340110,0,0,0
31340111,0,133087,133087
31340112,20764,61238,82002
31340113,57000,93827,150827
31340114,0,392669,392669
31340115,150000,30330,180330
31340117,0,323586,323586
31340118,50800,418375,469175
31340120,63035,66750,129785
31340121,60800,212361,273161
31340122,23000,46210,69210
31340123,50000,39477,89477
31340124,66000,34310,100310
31340127,22500,1298006,1320506
31340128,3093,1064991,1068084
31340130,190278,53957,244235
31340132,25000,61602,86602
31340133,0,1136088,1136088
31340134,32338,1265,33603
31340135,115000,32361,147361
31340136,25000,76017,101017
31340137,0,811973,811973
31340139,0,0,0
31340140,134983,1227650,1362633
31340141,290441,2655,293096
31340142,70420,84855,155275
31340143,62196,107642,169838
31340144,0,129459,129459
31340145,29000,467,29467
31340147,15000,173917,188917
31340148,35,87570,87605
31340150,53035,13109,66144
31340151,50000,90439,140439
31340152,0,0,0
31340154,0,883121,883121
31340155,3500,23395,26895
31340156,0,101687,101687
31340157,0,116053,116053
31340158,10035,898230,908265
31340159,0,42724,42724
31340160,10030,157103,167133
31340161,0,1042156,1042156
31340162,29195,985778,1014973
31340163,78290,468601,546891
31340165,48000,369305,417305
31340166,0,0,0
31340167,0,44961,44961
31340168,0,3611,3611
31340169,90290,136220,226510
31340170,32035,43576,75611
31340171,150250,127149,277399
31340173,35,34477,34512
31340174,0,0,0
31340177,114000,93153,207153
31340178,100000,1271678,1371678
31340179,0,1054548,1054548
31340180,0,990483,990483
31340181,60360,155352,215712
31340182,0,151483,151483
31340183,10602,1354825,1365427
31340184,17500,275588,293088
31340185,81770,72641,154411
31340187,3759,1202001,1205760
31340188,30700,994354,1025054
31340190,120570,512746,633316
31340191,22000,111523,133523
31340192,0,314199,314199
31340193,234433,877083,1111516
31340194,150000,57638,207638
31340196,47000,461251,508251
31340197,0,104980,104980
31340198,50000,1507692,1557692
31340200,206000,1326005,1532005
31340201,80000,23058,103058
31340202,44000,117106,161106
31340204,31035,23550,54585
31340206,59035,878794,937829
31340207,62915,919105,982020
31340208,54000,843946,897946
31340209,25000,722,25722
31340210,50000,886180,936180
31340213,193850,863907,1057757
31340214,0,118199,118199
31340215,50000,60694,110694
31340218,15000,141830,156830
31340219,50000,62350,112350
31340220,0,120020,120020
31340221,51000,27254,78254
31340222,15359,1030018,1045377
31340223,0,230924,230924
31340225,123750,122761,246511
31340226,0,0,0
31340227,40000,939737,979737
31340228,0,0,0
31340229,0,1154251,1154251
31340231,28143,482376,510519
31340232,0,591256,591256
31340233,68617,704281,772898
31340234,138000,486564,624564
31340235,3860,966054,969914
31340236,18050,202390,220440
31340237,95178,65462,160640
31340238,74068,998917,1072985
31340243,35000,1191964,1226964
31340244,49423,1124905,1174328
31340245,0,473592,473592
31340246,25000,30294,55294
31340248,69500,41288,110788
31340249,0,194202,194202
31340250,12500,1575190,1587690
31340251,9560,1256840,1266400
31340254,12180,151171,163351
31340255,7000,72653,79653
31340257,7409,346235,353644
31340258,50000,465778,515778
31340259,83035,644165,727200
31340260,123298,50515,173813
31340262,50000,916233,966233
31340263,100000,195676,295676
31340264,0,0,0
31340265,56290,48,56338
31340266,49500,91619,141119
31340267,26275,873931,900206
31340268,60360,77472,137832
31340269,0,313362,313362
31340270,100000,46992,146992
31340271,15000,837540,852540
31340272,143000,7760,150760
31340274,28000,111570,139570
31340275,46592,130275,176867
31340276,176199,43446,219645
31340277,5855,231442,237297
31340278,35,118301,118336
31340279,18000,50011,68011
31340280,138528,21280,159808
31340281,16983,864746,881729
31340282,100000,106755,206755
31340284,90000,931506,1021506
31340285,38130,141205,179335
31340286,0,880508,880508
31340287,124785,178759,303544
31340289,0,156637,156637
31340290,0,208643,208643
31340291,5,41781,41786
31340292,0,0,0
31340293,32000,48421,80421
31340294,140000,108893,248893
31340295,0,815591,815591
31340296,5535,661916,667451
31340297,80000,73798,153798
31340298,21730,99426,121156
31340299,2121,498455,500576
31340301,155365,952580,1107945
31340302,33686,12680,46366
31340305,10000,36741,46741
31340306,62035,41648,103683
31340307,9400,71635,81035
31340308,39035,865954,904989
31340310,63221,5171,68392
31340312,0,61595,61595
31340313,30000,83246,113246
31340314,0,0,0
31340315,30035,49019,79054
31340316,8000,110607,118607
31340317,0,743539,743539
31340318,65070,91905,156975
31340319,110058,654317,764375
31340321,450290,320053,770343
31340323,10680,293354,304034
31340324,148523,7791,156314
31340325,5000,1057390,1062390
31340326,57180,513488,570668
31340327,5331,282796,288127
31340329,30035,955406,985441
31340330,0,4398,4398
31340331,50000,666449,716449
31340332,12501,259239,271740
31340333,20000,558307,578307
31340334,65000,39223,104223
31340335,40000,1065106,1105106
31340337,90000,534351,624351
31340338,72070,71779,143849
31340339,30584,24325,54909
31340341,0,118650,118650
31340342,0,220818,220818
31340343,50000,97926,147926
31340344,12290,48542,60832
31340346,120710,87057,207767
31340347,12544,137499,150043
31340348,50000,70231,120231
31340349,0,76055,76055
31340350,105348,56195,161543
31340351,0,695666,695666
31340353,29868,967800,997668
31340354,15431,688637,704068
31340356,35000,411580,446580
31340357,0,1531043,1531043
31340358,29000,57671,86671
31340359,40000,502804,542804
31340360,0,1245229,1245229
31340361,0,1019599,1019599
31340362,0,78568,78568
31340363,36290,67924,104214
31340364,0,515441,515441
31340365,23456,19604,43060
31340366,0,0,0
31340367,0,113525,113525
31340368,68035,12885,80920
31340369,0,221361,221361
31340370,32035,105266,137301
31340371,0,199428,199428
31340373,40000,371178,411178
31340374,150000,150780,300780
31340375,125606,9870,135476
31340376,68090,4539,72629
31340377,60000,1209347,1269347
31340378,145860,212156,358016
31340379,55808,887807,943615
31340380,0,0,0
31340381,0,593592,593592
31340382,577024,133835,710859
31340383,263776,901381,1165157
31340384,0,0,0
31340385,0,105330,105330
31340386,0,0,0
31340387,50491,151646,202137
31340388,3958,156404,160362
31340389,50000,227956,277956
31340390,430499,51782,482281
31340391,0,0,0
31340392,0,0,0
31340393,50000,12145,62145
31340394,25600,99616,125216
31340395,0,83063,83063
31340396,290,127717,128007
31340397,17300,477088,494388
31340399,100000,80110,180110
31340400,30000,1163,31163
31340401,0,214912,214912
31340402,16000,111341,127341
31340404,149600,20983,170583
31340405,0,82428,82428
31340407,0,0,0
31340408,50035,491516,541551
31340409,60000,3900,63900
31340410,6437,409721,416158
31340411,0,0,0
31340413,0,0,0
31340414,93000,675,93675
31340416,50290,486091,536381
31340417,0,327646,327646
31340418,0,0,0
31340419,0,0,0
31340420,79432,79761,159193
31340421,2947,268664,271611
31340422,0,0,0
31340423,0,0,0
31340424,0,0,0
31340425,50000,116147,166147
31340426,50000,73088,123088
31340428,19337,3662,22999
31340429,50000,86531,136531
31340430,0,0,0
31340431,0,201597,201597
31340432,0,151556,151556
31340433,40035,517191,557226
31340434,0,0,0
31340435,0,0,0
31340436,0,568333,568333
31340437,50000,45091,95091
31340440,0,27044,27044
31340441,0,138567,138567
31340442,0,656685,656685
31340444,0,0,0
31340447,0,0,0
31340448,0,95673,95673
31340449,0,61207,61207
31340450,0,177964,177964
31340451,0,0,0
31340452,50000,204227,254227
31340453,0,253030,253030
31340454,50000,59246,109246
31340455,0,110458,110458
31340456,0,190939,190939
31340457,0,359478,359478
31340458,0,133030,133030
31340459,0,240427,240427
31340460,24240,76588,100828
31340461,0,345771,345771
31340462,0,0,0
31340463,0,84029,84029
31340464,0,284357,284357
31340465,0,197941,197941
31340466,60395,1550,61945
31340467,0,624011,624011
31340469,0,0,0
31340471,48000,3160,51160
31340472,0,0,0
31340473,15000,68639,83639
31340474,13496,285724,299220
31340475,70,468571,468641
31340479,0,0,0
31340480,46000,31655,77655
31340481,0,105021,105021
31340483,48000,47573,95573
31340484,107050,11014,118064
31340485,50070,147252,197322
31340489,50035,13459,63494
31340491,87000,922797,1009797
31340492,0,0,0
31340493,50000,112915,162915
31340496,50035,750964,800999
31340497,25300,59366,84666
31340498,30000,21717,51717
31340499,75330,4498,79828
31340501,50070,2146,52216
31340502,35,317936,317971
31340503,50000,17090,67090
31340505,50000,62566,112566
31340508,0,262559,262559
31340509,87037,166185,253222
31340510,0,162245,162245
31340511,19300,207501,226801
31340515,0,101441,101441
31340516,22043,35732,57775
31340518,11548,124908,136456
31340519,0,0,0
31340521,0,88480,88480
31340523,11008,122859,133867
31340524,169192,439587,608779
31340527,0,662358,662358
31340529,84643,90235,174878
31340531,0,213778,213778
31340533,100000,242984,342984
31340534,13490,493633,507123
31340535,50000,161996,211996
31340536,95290,71599,166889
31340537,0,488995,488995
31340538,0,502287,502287
31340539,0,26568,26568
31340540,0,428536,428536
31340541,50000,29335,79335
31340542,80000,3669,83669
31340543,32100,98277,130377
31340544,0,136998,136998
31340546,106464,131733,238197
31340547,0,174093,174093
31340548,4500,63485,67985
31340549,0,88467,88467
31340550,0,753220,753220
31340552,0,106270,106270
31340553,0,0,0
31340554,0,343853,343853
31340555,0,259094,259094
31340556,26363,154598,180961
31340558,27000,55917,82917
31340560,0,66286,66286
31340564,0,127123,127123
31340565,49150,43648,92798
31340566,77485,21437,98922
31340568,0,111553,111553
31340569,50000,892444,942444
31340571,20640,604258,624898
31340574,40000,12861,52861
31340575,0,213403,213403
31340578,30000,13388,43388
31340579,0,162388,162388
31340581,0,268752,268752
31340582,0,48506,48506
31340584,0,217513,217513
31340585,35200,62556,97756
31340587,0,64415,64415
31340588,70035,82502,152537
31340589,0,0,0
31340590,44400,74344,118744
31340591,0,102669,102669
31340592,0,41453,41453
31340593,35000,215282,250282
31340594,29000,660529,689529
31340595,30000,60531,90531
31340596,50000,60627,110627
31340597,75290,1957,77247
31340598,0,125180,125180
31340599,101325,384298,485623
31340600,48140,66328,114468
31340601,0,197999,197999
31340602,35035,93992,129027
31340604,20385,138276,158661
31340605,34970,51899,86869
31340606,58855,30863,89718
31340607,0,368000,368000
31340608,0,272143,272143
31340609,15000,31556,46556
31340610,40035,194678,234713
31340611,0,786011,786011
31340612,600,78648,79248
31340613,25000,97294,122294
31340614,0,0,0
31340615,50000,354426,404426
31340617,50000,25488,75488
31340618,29910,175626,205536
31340619,0,0,0
31340620,30000,167124,197124
31340621,30000,3122,33122
31340622,0,88801,88801
31340623,47500,729008,776508
31340624,12666,93012,105678
31340625,26035,559701,585736
31340626,0,23100,23100
31340629,0,366633,366633
31340630,0,65944,65944
31340631,20000,22292,42292
31340632,7982,102748,110730
31340634,52609,625619,678228
31340635,50000,132705,182705
31340636,30000,47899,77899
31340637,35105,218243,253348
31340638,50000,166933,216933
31340640,10520,292222,302742
31340643,100000,36412,136412
31340644,11525,85497,97022
31340645,100000,60000,160000
31340646,49000,90535,139535
31340647,58035,3349,61384
31340648,100000,84000,184000
31340649,45634,176678,222312
31340650,225116,629256,854372
31340652,46000,116780,162780
31340653,30000,24387,54387
31340654,30000,136882,166882
31340655,74000,8509,82509
31340656,0,95287,95287
31340657,71000,117359,188359
31340660,125290,33355,158645
31340661,125070,761,125831
31340663,88847,83061,171908
31340664,4830,88618,93448
31340665,0,0,0
31340666,6726,1013609,1020335
31340668,35,268791,268826
31340671,0,0,0
31340682,0,0,0
31340685,0,1161773,1161773
31340687,0,0,0
31340689,0,741637,741637
31340691,0,0,0
31340692,0,0,0
31340693,18500,372065,390565
31340695,350000,11828,361828
31340696,0,0,0
31340697,0,0,0
31340698,203888,20672,224560
31340700,0,0,0
31340704,0,0,0
31340705,0,0,0
31340706,0,0,0
31340707,0,0,0
31340708,0,0,0
31340709,0,0,0
31340712,0,0,0
31340714,0,989061,989061
31340715,0,0,0
31340716,0,0,0
31340717,0,0,0
31340718,0,0,0
31340719,0,0,0
31340720,0,0,0
31340721,0,0,0
31340723,0,951446,951446
31340725,0,0,0
31340726,0,0,0
31340727,0,0,0
31340729,0,0,0
31340730,0,0,0
31340731,24401,602447,626848
31340732,0,0,0
31340735,22046,504196,526242
31340736,0,61081,61081
31340737,0,491534,491534
31340738,65000,257375,322375
31340739,0,0,0
31340740,0,0,0
31340741,0,0,0
31340742,13000,80140,93140
31340743,0,0,0
31340744,117763,44406,162169
31340745,5250,109675,114925
31340747,0,0,0
31340750,0,0,0
31340752,0,0,0
31340753,0,0,0
31340754,0,0,0
31340755,105,196485,196590
31340756,0,0,0
31340757,0,0,0
31340758,0,0,0
31340760,0,0,0
31340762,0,0,0
31340763,0,0,0
31340764,0,0,0
31340765,0,0,0
31340766,0,0,0
31340770,0,0,0
31340772,0,0,0
31340773,0,0,0
31340774,0,0,0
31340777,0,0,0
31340778,0,0,0
31340781,0,0,0
31340783,10700,951364,962064
31340784,83809,423171,506980
31340789,70455,49980,120435
31340790,0,0,0
31340793,0,0,0
31340794,0,0,0
31340795,39000,100,39100
31340797,0,0,0
31340798,0,0,0
31340800,0,0,0
31340802,0,0,0
31340805,0,387540,387540
31340806,0,0,0
31340814,67488,230054,297542
31340815,0,124884,124884
31340816,0,195870,195870
31340820,60325,1174543,1234868
31340821,0,63290,63290
31340825,0,0,0
31340826,45000,1005545,1050545
31340902,123815,376744,500559
31340905,40960,70804,111764
31340906,40070,982361,1022431
31340907,130872,105852,236724
31340908,49000,336874,385874
31340909,0,0,0
31340910,96969,4163,101132
31340911,38000,57040,95040
32110001,0,1144,1144
32110005,156511,409793,566304
32110014,0,0,0
32110015,0,0,0
32110017,0,0,0
32110018,100000,0,100000
32110019,0,218882,218882
32110020,27120,1008570,1035690
32110027,643085,0,643085
32110028,0,424742,424742
32110029,749489,144839,894328
32110030,145294,2010564,2155858
32110031,0,268382,268382
32110032,134718,90000,224718
32110033,0,0,0
32110034,186000,141000,327000
32110035,0,0,0
32110036,124179,286559,410738
32110037,260915,153915,414830
32110038,432496,28381,460877
32110040,50000,143000,193000
32110042,394605,237596,632201
32110043,0,137952,137952
32110045,0,0,0
32110046,0,1029316,1029316
32110047,240891,39000,279891
32110050,2035109,218571,2253680
32110051,605794,1910026,2515820
32110053,352143,276647,628790
32110054,1220056,26692,1246748
32110055,2139797,638484,2778281
32110056,0,228638,228638
32110057,0,0,0
32110064,240860,175025,415885
32110069,0,0,0
32110070,495390,1078883,1574273
32110072,0,261847,261847
32110073,662500,189,662689
32110074,78535,310431,388966
32110075,182315,135190,317505
32110076,39400,161113,200513
32110088,18361,13739,32100
32110089,326000,1110807,1436807
32110090,183397,1527914,1711311
32110091,225000,122015,347015
32110092,1108202,12007,1120209
32110093,395000,628229,1023229
32110094,250000,198000,448000
32110095,0,0,0
32110096,0,0,0
32110097,750000,1061461,1811461
32110098,466000,978880,1444880
32110099,21400,243257,264657
32110100,0,0,0
32110101,0,0,0
32110102,102460,342613,445073
32110103,270000,5000,275000
32110104,0,0,0
32110105,0,0,0
32110106,101500,146907,248407
32110107,158980,235638,394618
32110108,100000,98000,198000
32110110,53231,101141,154372
32110114,0,0,0
32110115,267128,301232,568360
32110116,0,0,0
32110117,0,0,0
32110118,105000,183873,288873
32110120,131866,0,131866
32110124,0,780492,780492
32110126,287184,383193,670377
32110127,0,0,0
32110128,280000,913410,1193410
32110129,0,0,0
32110131,150000,10000,160000
32110132,108000,183851,291851
32110133,0,0,0
32110134,202000,298000,500000
32110136,50000,352321,402321
32110137,0,981133,981133
32110153,6000,43208,49208
32110154,0,127488,127488
32110155,30000,1780,31780
32110156,74000,76634,150634
32110159,88000,45647,133647
32110160,347160,421324,768484
32110161,180000,144157,324157
32110162,93276,53130,146406
32110163,90000,56358,146358
32110164,178000,19346,197346
32110166,480000,796089,1276089
32110170,140000,210684,350684
32110176,0,888000,888000
32110206,0,0,0
32110227,0,0,0
32110228,0,0,0
32110229,0,0,0
32110230,229195,9681,238876
32110231,235220,104608,339828
32110232,100000,79384,179384
32110233,65000,47269,112269
32110234,0,0,0
32110235,0,124192,124192
32110236,0,0,0
32110238,0,0,0
32110241,0,0,0
32110243,0,0,0
32110245,0,0,0
32110246,0,0,0
32110249,0,0,0
32110250,0,0,0
32110251,0,0,0
32110252,0,0,0
32110253,0,0,0
32110256,0,0,0
32110257,0,0,0
32110259,0,0,0
32110260,0,247120,247120
32110261,0,0,0
32110262,58628,85000,143628
32110263,436125,326400,762525
32110264,136600,563600,700200
32110265,176875,29278,206153
32110266,45000,226887,271887
32110267,37310,154693,192003
32110269,198000,37000,235000
32110270,100000,24000,124000
32110271,480000,222673,702673
32110272,13700,42501,56201
32110273,35000,38895,73895
32110274,110000,13000,123000
32110275,45000,4000,49000
32110276,44514,29244,73758
32110277,150000,231322,381322
32110278,17350,130152,147502
32110279,87137,100000,187137
32110280,72030,81029,153059
32110281,99264,51855,151119
32110282,42791,79696,122487
32110283,45410,128734,174144
32110284,0,273716,273716
32110285,58000,3049,61049
32110287,25865,82294,108159
32110288,99970,10137,110107
32110289,16400,175608,192008
32110290,25335,88644,113979
32110292,70000,208000,278000
32110294,97380,184107,281487
32110295,89058,4919,93977
32110296,174934,37160,212094
32110297,38000,161548,199548
32110298,64000,0,64000
32110299,102250,119555,221805
32110316,0,0,0
32110326,135000,29670,164670
32110400,78000,12699,90699
32110402,65000,3000,68000
32110403,0,0,0
32110404,50000,125000,175000
32110405,200000,1189170,1389170
32110406,90000,61807,151807
32110407,72500,492541,565041
32110408,90000,401000,491000
32110409,80000,350745,430745
32110410,80000,29000,109000
32110412,0,0,67079
32110414,313717,1024891,1338608
32110417,0,0,0
32110421,0,0,0
32110422,0,0,0
32110429,0,0,0
32110436,0,0,0
32110437,175000,131368,306368
32110438,115000,611539,726539
32110443,221060,978493,1199553
32110444,176000,726731,902731
32110446,105000,14426,119426
32110447,140950,450534,591484
32110449,86000,805061,891061
32110450,0,0,0
32110452,85000,582978,667978
32110453,40000,94300,134300
32110454,320999,155857,476856
32110457,85500,98427,183927
32110458,71816,218779,290595
32110459,161057,45994,207051
32110461,106384,249616,356000
32110462,77075,46469,123544
32110463,97000,78000,175000
32110464,0,403000,403000
32110465,265397,1162692,1428089
32110466,195706,148841,344547
32110467,43956,172044,216000
32110469,127121,11051,138172
32110470,0,0,0
32110471,132916,806897,939813
32110472,0,0,295654
32110474,0,0,0
32110476,0,262851,262851
32110477,218160,92972,311132
32110479,47000,72826,119826
32110480,150000,10000,160000
32110481,0,0,0
32110482,0,0,0
32110483,0,0,0
32110484,0,0,0
32110485,0,0,0
32110486,0,0,0
32110487,130000,403211,533211
32110488,244000,14000,258000
32110490,50500,110568,161068
32110491,50000,101226,151226
32110492,0,571760,571760
32110495,0,0,0
32110496,51995,7425,59420
32110497,0,0,0
32110498,111100,2400,113500
32110499,55000,25950,80950
32110500,0,190500,190500
32110501,0,500,500
32110502,49850,240580,290430
32110503,50000,90640,140640
32110504,144052,27413,171465
32110506,0,191500,191500
32110507,51300,213228,264528
32110508,98875,219140,318015
32110511,98700,149300,248000
32110512,75000,148710,223710
32110513,119200,6020,125220
32110514,198500,50922,249422
32110515,98000,146262,244262
32110516,40000,305631,345631
32110518,135000,29740,164740
32110519,114000,43640,157640
32110520,30000,64136,94136
32110522,60000,347147,407147
32110523,50000,69127,119127
32110525,51000,69260,120260
32110526,0,0,0
32110528,80000,8609,88609
32110529,50000,44529,94529
32110531,0,79422,79422
32110532,123000,1357,124357
32110533,100000,13386,113386
32110534,64000,0,64000
32110536,110000,97579,207579
32110537,48000,1414,49414
32110538,193000,157000,350000
32110539,0,76590,76590
32110545,212160,1239,213399
32110546,190000,109258,299258
32110548,0,471300,471300
32110549,0,0,0
32110551,153000,1470,154470
32110552,100000,102000,202000
32110601,0,0,0
32110602,0,0,0
32110603,0,0,0
32110604,0,0,0
32110605,0,0,0
32110606,0,0,0
32110607,0,0,0
32110608,0,0,0
32110609,0,0,0
32110610,0,0,0
32110611,0,0,0
32110612,0,0,0
32110614,0,0,0
32110615,0,0,0
32110616,0,0,0
32110617,0,0,0
32110618,0,0,0
32110619,0,0,0
32110620,0,0,0
32110622,0,0,0
32110624,0,0,0
32110625,0,0,0
32110626,70000,40887,110887
32110627,0,0,0
32110629,0,0,0
32110633,65000,33000,98000
32110634,52000,56000,108000
32110636,50000,34666,84666
32110637,30000,238831,268831
32110638,230000,30000,260000
32110639,69800,906,70706
32110640,144000,500,144500
32110641,47727,0,47727
32110642,90000,0,90000
32110643,0,402000,402000
32110645,70000,73606,143606
32110649,95000,247699,342699
32110651,35000,86183,121183
32110652,50000,0,50000
32110653,57500,201497,258997
32110656,35000,30468,65468
32110660,120000,731,120731
32110661,80000,275035,355035
32110693,0,0,0
32110711,100000,161321,261321
32110726,50000,36205,86205
32110736,127000,323,127323
32110741,45000,149681,194681
32110744,0,0,0
32110745,0,0,0
32110747,0,0,0
32110749,96171,21125,117296
32110752,80000,134267,214267
32110753,0,0,0
32110754,108000,206660,314660
32110756,151160,16435,167595
32110757,424000,174043,598043
32110759,90000,424987,514987
32110763,50000,111902,161902
32110764,40000,170000,210000
32110769,245000,740130,985130
32110770,0,0,0
32110772,0,71361,71361
32110773,95000,47805,142805
32110775,54000,69376,123376
32110777,0,0,0
32110778,80000,559835,639835
32110779,192688,314290,506978
32110780,0,0,0
32110784,0,0,0
32110785,0,0,0
32110786,0,109213,109213
32110787,40000,454232,494232
32110788,70000,28000,98000
32110790,0,0,0
32110792,75000,159758,234758
32110793,100000,228389,328389
32110794,0,3280,3280
32110796,191160,134571,325731
32110797,49290,42636,91926
32110798,71160,50929,122089
32110799,0,182473,182473
32110802,50000,92895,142895
32110803,0,220664,220664
32110805,0,354117,354117
32110806,101160,14984,116144
32110807,0,0,0
32110808,66000,73232,139232
32110809,150000,12775,162775
32110810,100000,53000,153000
32110813,0,107656,107656
32110817,43000,132953,175953
32110818,0,776744,776744
32110820,349090,83842,432932
32110822,180000,768989,948989
32110827,0,0,0
32110828,191000,232288,423288
32110829,0,667256,667256
32110830,90000,210000,300000
32110831,239000,1000,240000
32110833,125000,189274,314274
32110834,145000,50000,195000
32110836,0,0,0
32110837,0,0,0
32110838,0,0,0
32110839,0,0,0
32110841,100000,154057,254057
32110843,0,0,0
32110844,125000,451672,576672
32110845,25000,136562,161562
32110846,150000,102000,252000
32110849,0,0,0
32110850,55000,94472,149472
32110851,15000,305000,320000
32110853,130000,6222,136222
32110854,38000,40598,78598
32110881,34000,35239,69239
32110892,60000,442458,502458
32110931,0,295609,295609
32110959,0,0,0
32110960,173910,575,174485
32110961,0,108608,108608
32110962,0,0,0
32110966,98000,16678,114678
32110968,70000,266361,336361
32110972,90586,46872,137458
32110977,0,0,0
32110980,0,0,0
32110981,0,0,0
32110982,0,0,0
32110984,0,0,0
32110986,0,0,0
32110987,0,0,0
32110988,0,0,0
32110989,0,0,0
32110997,0,0,0
32111003,205000,103000,308000
32111005,95000,1347,96347
32111006,80000,468612,548612
32111008,122000,417000,539000
32111009,90000,39700,129700
32111010,80000,25438,105438
32111011,60000,465565,525565
32111013,58500,14560,73060
32111014,65000,135129,200129
32111015,16191,175293,191484
32111016,88785,16131,104916
32111017,70310,7737,78047
32111018,47540,177239,224779
32111021,70035,172042,242077
32111082,60000,65000,125000
32111083,95000,490034,585034
32111084,185000,554,185554
32111086,100000,38497,138497
32111089,162000,120,162120
32111090,95000,25645,120645
32111091,50000,67000,117000
32111105,83000,385385,468385
32111111,0,0,0
32111124,0,0,0
32111126,0,0,0
32111127,0,0,0
32111129,170000,832193,1002193
32111132,0,0,0
32111139,100000,956000,1056000
32111141,0,0,0
32111142,170000,846416,1016416
32111143,100000,978803,1078803
32111148,0,0,0
32111149,322000,18000,340000
32111150,0,0,0
32111151,104300,56620,160920
32111156,99500,5391,104891
32111157,100000,54634,154634
32111159,77500,91128,168628
32111164,80000,19000,99000
32111166,65000,60065,125065
32111169,0,0,0
32111170,0,0,0
32111171,147822,51905,199727
32111173,94945,45520,140465
32111176,96500,57377,153877
32111181,68500,8000,76500
32111185,50000,35500,85500
32111186,134995,8548,143543
32111188,95000,1959,96959
32111191,63000,36623,99623
32111194,135000,17037,152037
32111196,60000,8000,68000
32111202,410378,483440,893818
32111205,65000,201,65201
32111206,50000,93000,143000
32111217,0,0,0
32111219,0,0,0
32111221,220000,191740,411740
32111222,0,0,0
32111223,0,0,143406
32111224,300965,220748,521713
32111225,80000,157000,237000
32111231,94000,869818,963818
32111232,65000,617284,682284
32111233,108000,497994,605994
32111235,0,50000,50000
32111243,108630,4000,112630
32111244,0,0,0
32111245,127999,6803,134802
32111247,70500,54100,124600
32111250,75000,69179,144179
32111252,50000,141523,191523
32111253,100000,150000,250000
32111254,140000,14465,154465
32111255,135000,301722,436722
32111257,0,0,0
32111258,0,0,0
32111259,0,0,0
32111260,0,0,0
32111261,93000,49910,142910
32111263,0,0,0
32111264,0,0,0
32111265,0,0,0
32111267,0,0,0
32111268,0,0,0
32111269,70000,394231,464231
32111273,162000,297722,459722
32111281,135000,495184,630184
32111282,40000,146000,186000
32111284,77500,238205,315705
32111285,75000,72489,147489
32111286,300000,78059,378059
32111287,70000,31514,101514
32111288,101508,1775,103283
32111289,265407,2000,267407
32111290,60000,2109,62109
32111292,90000,111254,201254
32111293,96000,16535,112535
32111294,0,235731,235731
32111295,200000,231975,431975
32111297,0,0,0
32111298,0,0,0
32111299,120000,191834,311834
32111300,25000,411930,436930
32111301,0,364436,364436
32111302,0,0,0
32111307,0,0,0
32111310,49950,64810,114760
32111314,85000,72878,157878
32111318,100000,11500,111500
32111319,39800,17492,57292
32111320,103000,722639,825639
32111321,0,0,0
32111322,114000,3131,117131
32111324,72000,32094,104094
32111325,100000,8161,108161
32111337,110578,178572,289150
32111342,0,0,0
32111343,50000,39998,89998
32111354,0,0,0
32111356,90000,255245,345245
32111357,300600,21840,322440
32111358,4018710,804,4019514
32111359,184000,81408,265408
32111362,86570,28941,115511
32111363,100000,72466,172466
32111364,706820,803,707623
32111365,133174,1716579,1849753
32111395,32000,15622,47622
32111401,0,0,0
32111406,40042,962224,1002266
32111407,202165,13867,216032
32111409,137000,500,137500
32111416,77640,56067,133707
32111419,110000,6481,116481
32111422,0,0,0
32111424,0,0,0
32111425,0,0,0
32111427,0,0,0
32111428,0,0,0
32111429,35000,42600,77600
32111431,0,0,0
32111433,93000,52100,145100
32120001,451692,419200,870892
32120003,21000,165475,186475
32120004,0,207781,207781
32120005,0,1170,1170
32120006,0,0,0
32120007,197502,0,197502
32120008,393225,2718,395943
32120009,39317,234683,274000
32120010,0,1680,1680
32120011,90822,0,90822
32120012,0,0,0
32120013,0,732,732
32120014,0,3335,3335
32120015,0,162116,162116
32120016,602118,7711,609829
32120017,538265,800,539065
32120018,76706,108281,184987
32120019,125512,837,126349
32120020,0,896,896
32120021,295239,800,296039
32120022,0,0,0
32120023,140000,3201,143201
32120024,315600,100590,416190
32120025,100000,305519,405519
32120026,611186,57418,668604
32120027,0,42365,42365
32120028,0,0,0
32120030,900000,301000,1201000
32120031,438724,40643,479367
32120032,376280,0,376280
32120033,10000,0,10000
32120034,0,902234,902234
32120035,520156,160352,680508
32120036,878200,2110,880310
32120037,0,643,643
32120038,0,254000,254000
32120039,0,1760,1760
32120040,0,236,236
32120041,121766,94384,216150
32120042,0,214276,214276
32120043,0,0,0
32120044,220000,0,220000
32120045,0,288890,288890
32120046,318837,40157,358994
32120047,141500,38,141538
32120048,123000,36715,159715
32120049,282000,965,282965
32120050,100000,302189,402189
32120051,157643,150000,307643
32120052,0,92000,92000
32120053,144000,0,144000
32120054,0,150510,150510
32120055,273000,1000,274000
32120056,0,17748,17748
32120057,140000,205869,345869
32120058,258290,223436,481726
32120059,100000,217345,317345
32120060,100000,592946,692946
32120061,253609,44000,297609
32120062,90000,247892,337892
32120063,0,464288,464288
32120064,87000,566,87566
32120065,50000,189491,239491
32120066,0,0,0
32120067,0,0,0
32120068,0,45000,45000
32120069,216000,845,216845
32120070,0,154800,154800
32120071,100000,17000,117000
32120072,0,23079,23079
32120073,190000,0,190000
32120074,300000,0,300000
32120075,0,0,0
32120076,95000,150000,245000
32120077,233000,816,233816
32120078,246000,102269,348269
32120079,0,212319,212319
32120081,206390,0,206390
32120082,212751,1410,214161
32120083,100000,10000,110000
32120086,120000,100000,220000
32120087,0,0,0
32120088,180845,111155,292000
32120090,150000,299963,449963
32120091,257000,306000,563000
32120092,0,40000,40000
32120093,92000,20000,112000
32120094,250000,401800,651800
32120095,117962,30038,148000
32120096,20000,230000,250000
32120097,0,10000,10000
32120098,0,488,488
32120099,202000,34000,236000
32120100,360720,98870,459590
32120102,148000,980,148980
32120106,50000,26671,76671
32120107,50000,11000,61000
32120108,25000,41188,66188
32120109,62000,3000,65000
32120110,0,560,560
32120111,0,50430,50430
32120112,283000,40209,323209
32120115,50000,6000,56000
32120117,40000,61569,101569
32120119,0,68000,68000
32120120,91000,16000,107000
32120122,0,728,728
32120123,0,24000,24000
32120124,95000,49690,144690
32120125,100000,56476,156476
32120126,149000,562,149562
32120127,76000,14732,90732
32120128,0,183,183
32120129,0,15000,15000
32120130,90000,3809,93809
32120131,0,79000,79000
32120132,0,76949,76949
32120134,45000,19106,64106
32120136,80000,4197,84197
32120139,0,1000,1000
32120140,50000,21000,71000
32120141,0,48000,48000
32120142,0,12000,12000
32120143,166000,1000,167000
32120144,75000,14000,89000
32120145,44000,525,44525
32120146,76000,20174,96174
32120147,90000,153665,243665
32120149,85000,21921,106921
32120150,109960,31040,141000
32120151,95000,0,95000
32120152,7000,287,7287
32120154,130000,0,130000
32120156,75000,3200,78200
32120157,150000,104000,254000
32120158,27000,1000,28000
32120161,92058,2558,94616
32120163,49500,1500,51000
32120164,128000,46830,174830
32120165,0,0,0
32120166,150000,25000,175000
32120167,80000,140533,220533
32120168,60000,47403,107403
32120169,30000,47114,77114
32120170,73606,26394,100000
32120171,60000,46232,106232
32120172,50000,125000,175000
32120173,35000,23053,58053
32120174,25000,95000,120000
32120176,60000,180652,240652
32120177,290656,684,291340
32120182,98000,0,98000
32120184,60000,375,60375
32120185,0,85150,85150
32120187,117000,484,117484
32120188,37000,651,37651
32120189,130000,1000,131000
32120191,75000,133715,208715
32120192,0,57000,57000
32120193,100000,67000,167000
32120194,127000,1227,128227
32120195,50000,10000,60000
32120197,120000,7594,127594
32120198,0,48000,48000
32120199,0,1688,1688
32120200,75000,658313,733313
32120201,0,0,0
32120202,75000,151587,226587
32120204,50000,62643,112643
32120205,0,600,600
32120206,0,14000,14000
32120209,0,27355,27355
32120210,10000,6000,16000
32120212,0,157000,157000
32120213,0,15345,15345
32120215,190000,54000,244000
32120216,60000,88108,148108
32120217,0,49000,49000
32120219,0,195758,195758
32120220,95000,6925,101925
32120221,0,9417,9417
32120222,175000,94780,269780
32120223,150000,2000,152000
32120224,0,81247,81247
32120225,0,91000,91000
32120226,0,200,200
32120227,0,48529,48529
32120229,0,3000,3000
32120230,62000,972,62972
32120231,130000,4000,134000
32120233,50000,5000,55000
32120234,81000,151000,232000
32120238,0,40000,40000
32120242,0,23000,23000
32120244,0,72000,72000
32120246,196000,514,196514
32120248,213000,307900,520900
32120249,78000,0,78000
32120250,0,403,403
32120251,80000,0,80000
32120255,80000,13316,93316
32120259,0,65000,65000
32120262,45000,1077,46077
32120263,100000,158000,258000
32120265,0,164012,164012
32120267,97000,2144,99144
32120268,140000,0,140000
32120273,50000,44238,94238
32120275,30000,30645,60645
32120276,0,43882,43882
32120277,50000,77000,127000
32120278,0,87000,87000
32120280,40000,30195,70195
32120281,50000,107218,157218
32120282,72000,0,72000
32120283,0,74000,74000
32120285,105000,24416,129416
32120286,49000,0,49000
32120287,200000,8000,208000
32120289,25000,37000,62000
32120290,50000,13000,63000
32120291,73000,21000,94000
32120292,70000,21000,91000
32120293,133000,0,133000
32120297,0,194000,194000
32120299,0,0,0
32120300,0,75800,75800
32120301,100000,38498,138498
32120302,140000,151841,291841
32120306,0,0,0
32120307,60000,9311,69311
32120308,107900,0,107900
32120309,110000,51745,161745
32120310,63000,0,63000
32120311,50000,208295,258295
32120312,75000,8983,83983
32120313,0,0,152715
32120314,75000,3805,78805
32120315,0,0,0
32120316,50000,75736,125736
32120317,0,182000,182000
32120318,50000,107379,157379
32120319,25000,111600,136600
32120320,0,0,0
32120321,100000,104957,204957
32120322,0,0,0
32120323,75000,123422,198422
32120324,50000,89794,139794
32120325,0,0,0
32120326,150000,164825,314825
32120327,50000,97537,147537
32120329,0,0,0
32120332,48000,40400,88400
32120333,48000,45000,93000
32120334,104000,0,104000
32120335,0,55000,55000
32120338,0,0,0
32120339,94800,46678,141478
32120341,0,66831,66831
32120342,30000,70000,100000
32120343,0,36000,36000
32120344,0,0,61139
32120345,0,0,0
32120346,0,0,0
32120347,0,0,0
32120348,0,74426,74426
32120349,40000,32000,72000
32120351,85000,22251,107251
32120352,50000,22458,72458
32120353,70000,0,70000
32120354,85000,1078,86078
32120355,100000,0,100000
32120356,0,0,0
32120357,0,54782,54782
32120358,0,15030,15030
32120359,0,59719,59719
32120360,0,0,0
32120361,0,141570,141570
32120362,45000,952,45952
32120363,0,0,0
32120364,68000,735,68735
32120365,185000,56630,241630
32120367,65000,2000,67000
32120368,85000,32000,117000
32120369,0,0,0
32120370,0,0,0
32120371,0,69226,69226
32120372,130000,167000,297000
32120374,65000,2000,67000
32120375,70000,4000,74000
32120376,50000,10947,60947
32120377,70000,58435,128435
32120378,110000,1870,111870
32120379,0,63000,63000
32120381,50000,815,50815
32120382,70000,848,70848
32120383,80000,1000,81000
32120384,62000,22,62022
32120385,0,0,0
32120387,30000,33000,63000
32120388,124000,0,124000
32120389,50000,148000,198000
32120390,178000,900,178900
32120391,36000,42000,78000
32120392,95000,75000,170000
32120393,100000,78025,178025
32120394,0,0,0
32120395,40000,171698,211698
32120396,30000,4000,34000
32120397,0,0,0
32120398,190000,107916,297916
32120399,90000,60000,150000
32120402,215000,718,215718
32120404,0,0,0
32120405,0,57000,57000
32120406,0,0,0
32120407,0,0,0
32120408,0,0,0
32120409,0,0,0
32120410,24000,200762,224762
32120411,0,0,0
32120413,66500,1500,68000
32120414,0,0,0
32120415,95500,2250,97750
32120416,48000,118000,166000
32120417,81000,34000,115000
32120419,20000,39132,59132
32120421,0,0,0
32120422,0,256000,256000
32120423,97000,1000,98000
32120424,0,203715,203715
32120425,49000,4000,53000
32120427,70000,10000,80000
32120428,80000,18000,98000
32120429,0,130000,130000
32120430,73000,16922,89922
32120431,130000,5569,135569
32120432,48000,62000,110000
32120433,36000,36570,72570
32120435,0,85000,85000
32120436,0,73000,73000
32120437,100000,20000,120000
32120438,0,1700,1700
32120439,93000,15000,108000
32120440,45000,43000,88000
32120441,58000,310,58310
32120442,130000,200,130200
32120443,183000,500,183500
32120445,85000,0,85000
32120446,46000,82000,128000
32120447,45000,20000,65000
32120448,31000,34000,65000
32120449,100000,17000,117000
32120450,0,164000,164000
32120451,45000,8000,53000
32120452,78000,107000,185000
32120453,20000,34000,54000
32120454,0,150000,150000
32120455,50000,262000,312000
32120456,50000,123775,173775
32120457,50000,11238,61238
32120458,0,100000,100000
32120459,0,50000,50000
32120462,70000,140000,210000
32120463,64000,687,64687
32120464,200000,160000,360000
32120466,0,0,0
32120467,113300,700,114000
32120469,76000,1219,77219
32120470,120000,3000,123000
32120472,190000,49000,239000
32120475,210000,15000,225000
32120476,64470,530,65000
32120478,226000,902,226902
32120479,0,70000,70000
32120481,69000,0,69000
32120482,0,108000,108000
32120484,50000,111189,161189
32120485,76780,2000,78780
32120486,0,500,500
32120488,65000,14000,79000
32120489,76000,0,76000
32120490,100000,66783,166783
32120491,200000,38000,238000
32120492,0,60000,60000
32120493,80000,80000,160000
32120494,80000,29000,109000
32120495,146000,1000,147000
32120496,96000,54000,150000
32120498,45000,24000,69000
32120500,250000,419,250419
32120501,87000,13000,100000
32120503,0,17394,17394
32120504,102000,0,102000
32120505,0,0,0
32120506,50000,2916,52916
32120507,0,552,552
32120508,46000,4000,50000
32120509,0,124507,124507
32120510,95000,4639,99639
32120511,50000,115688,165688
32120512,80000,28000,108000
32120513,0,112778,112778
32120514,100000,10890,110890
32120515,298000,58,298058
32120516,81000,0,81000
32120517,109000,0,109000
32120518,62000,0,62000
32120521,50000,66562,116562
32120522,50000,4696,54696
32120523,58000,201,58201
32120524,150000,92896,242896
32120526,140000,10000,150000
32120527,157000,0,157000
32120528,59000,475,59475
32120529,0,0,0
32120530,0,1000,1000
32120531,0,115000,115000
32120536,0,0,0
32120538,0,14000,14000
32120539,400000,26000,426000
32120540,0,800,800
32120541,90000,0,90000
32120542,0,0,0
32120543,0,9136,9136
32120544,0,30000,30000
32120546,128000,0,128000
32120547,0,10228,10228
32120548,200000,45000,245000
32120549,0,2000,2000
32120550,0,0,0
32120551,100000,139000,239000
32120553,118600,358,118958
32120554,50000,22000,72000
32120555,0,0,0
32120556,50000,25000,75000
32120557,0,200243,200243
32120558,0,10000,10000
32120561,75000,5007,80007
32120562,0,15106,15106
32120563,70000,41868,111868
32120564,60000,36000,96000
32120566,0,810,810
32120567,0,59526,59526
32120569,0,82000,82000
32120570,62220,2780,65000
32120571,217000,9000,226000
32120574,133000,1122,134122
32120576,90000,2000,92000
32120577,90000,6000,96000
32120578,118000,20000,138000
32120579,62000,601,62601
32120580,300000,145898,445898
32120581,50000,433000,483000
32120582,0,0,0
32120583,0,7000,7000
32120586,0,253683,253683
32120587,0,0,0
32120588,88554,0,88554
32120590,0,2153,2153
32120591,0,1000,1000
32120592,0,3000,3000
32120593,0,0,0
32120595,100000,2450,102450
32120597,87000,500,87500
32120598,50000,22000,72000
32120600,45000,4000,49000
32120601,54000,1000,55000
32120602,49000,158,49158
32120603,51000,1000,52000
32120604,74000,0,74000
32120605,100000,88669,188669
32120609,150000,48000,198000
32120610,0,130000,130000
32120612,0,89454,89454
32120613,133200,1800,135000
32120614,0,87000,87000
32120615,200000,7000,207000
32120617,147000,0,147000
32120619,50000,300000,350000
32120623,150000,5829,155829
32120624,0,145000,145000
32120625,170000,42000,212000
32120626,120000,91000,211000
32120627,60000,9048,69048
32120628,69000,0,69000
32120633,50000,62046,112046
32120634,150000,0,150000
32120635,109000,0,109000
32120636,248000,0,248000
32120637,50000,45000,95000
32120638,0,538973,538973
32120641,125000,5000,130000
32120642,100000,16000,116000
32120643,100000,0,100000
32120644,153000,0,153000
32120645,98000,251,98251
32120646,53000,0,53000
32120647,15000,527563,542563
32120648,95000,156324,251324
32120649,200000,262420,462420
32120650,100000,14618,114618
32120651,80000,15311,95311
32120652,0,0,0
32120653,0,0,0
32120654,0,0,0
32120655,110000,35751,145751
32120656,0,0,0
32120657,120000,45691,165691
32120658,200000,71633,271633
32120659,0,0,0
32120661,0,0,0
32120662,0,0,0
32120664,0,137800,137800
32120665,0,186563,186563
32120666,108000,0,108000
32120668,0,97000,97000
32120669,30000,99715,129715
32120670,0,15000,15000
32120671,40000,79003,119003
32120672,37000,0,37000
32120673,68000,890,68890
32120674,0,211610,211610
32120675,30000,30827,60827
32120676,0,100700,100700
32120677,0,0,0
32120678,0,65000,65000
32120679,0,0,0
32120680,0,0,0
32120681,90000,33000,123000
32120682,30000,26000,56000
32120683,0,0,0
32120684,0,0,0
32120685,45000,11000,56000
32120686,0,0,0
32120687,0,153000,153000
32120688,30000,64000,94000
32120689,0,72000,72000
32120690,0,100000,100000
32120691,0,0,0
32120693,0,0,0
32120694,0,0,0
32120695,0,83825,83825
32120696,30000,86638,116638
32120697,172000,53388,225388
32120698,0,0,0
32120699,48536,0,48536
32120700,41000,39502,80502
32120701,115000,60000,175000
32120702,46000,57000,103000
32120703,35000,26000,61000
32120705,0,0,0
32120706,0,123000,123000
32120708,42000,15497,57497
32120709,0,0,0
32120710,0,0,0
32120711,0,0,0
32120712,0,48983,48983
32120713,42000,598,42598
32120714,128500,0,128500
32120715,50000,8767,58767
32120716,0,105000,105000
32120717,0,145000,145000
32120718,0,0,0
32120719,50000,18000,68000
32120720,0,100000,100000
32120721,0,0,0
32120722,0,98500,98500
32120723,41000,13000,54000
32120724,0,188000,188000
32120725,0,4961,4961
32120726,94000,500,94500
32120727,0,0,0
32120729,80000,0,80000
32120730,56000,46000,102000
32120732,0,0,0
32120733,0,0,0
32120734,0,0,0
32120735,40000,34000,74000
32120740,0,0,0
32120742,85000,407,85407
32120746,59000,55334,114334
32120755,45000,71000,116000
32120756,228000,629,228629
32120760,73000,0,73000
32120762,50000,34231,84231
32120764,0,300,300
32120768,25000,73000,98000
32120772,50000,42147,92147
32120780,0,147000,147000
32120783,0,242,242
32120784,40000,20000,60000
32120785,64000,118,64118
32120786,0,0,0
32120790,100000,28000,128000
32120801,0,53000,53000
32120803,100000,10000,110000
32120807,85000,5000,90000
32120812,0,90715,90715
32120813,60000,35543,95543
32120814,0,0,0
32120815,0,71472,71472
32120818,0,0,0
32120820,49000,9296,58296
32120823,0,0,0
32120828,0,0,0
32120829,73000,0,73000
32120832,0,1503,1503
32120834,0,0,0
32120835,57000,818,57818
32120840,0,0,0
32120841,119000,1000,120000
32120842,70000,3528,73528
32120845,125000,70000,195000
32120847,0,0,0
32120850,248075,122958,371033
32120853,48500,8700,57200
32120854,0,64000,64000
32120855,0,72000,72000
32120857,48000,51079,99079
32120859,180000,82000,262000
32120860,70000,40000,110000
32120869,0,135000,135000
32120872,49000,414,49414
32120873,80000,95830,175830
32120875,25000,8000,33000
32120881,0,44000,44000
32120882,110000,113952,223952
32120883,0,61618,61618
32120884,0,66000,66000
32120885,0,0,0
32120886,0,0,0
32120888,150000,305840,455840
32120889,95000,16439,111439
32120890,0,0,0
32120891,60000,0,60000
32120894,0,1000,1000
32120895,0,0,0
32120897,36000,56000,92000
32120899,0,0,0
32120900,100000,149000,249000
32120901,50000,19428,69428
32120903,65290,10249,75539
32120904,0,290311,290311
32120906,0,0,0
32120907,300787,213963,514750
32120908,0,292,292
32120909,67000,810,67810
32120910,30000,20000,50000
32120911,50000,53000,103000
32120912,47000,0,47000
32120913,50000,70000,120000
32120914,85100,15990,101090
32120915,0,97290,97290
32120916,0,80000,80000
32120949,0,82621,82621
32120950,50000,24000,74000
32122038,80000,14000,94000
32122039,0,202196,202196
32122040,150000,78251,228251
32122041,146426,20000,166426
32122042,0,275015,275015
32122045,34500,21760,56260
32122046,0,0,0
32122047,112500,53655,166155
32122048,70000,3000,73000
32122049,0,35000,35000
32122050,76000,783,76783
32122051,83000,41679,124679
32122052,80000,54707,134707
32122053,55368,34366,89734
32122054,0,0,0
32122055,124500,89608,214108
32122058,38638,35993,74631
32122059,39000,1040,40040
32122060,40500,32500,73000
32122061,90000,10420,100420
32122062,0,0,0
32130002,318906,2191956,2510862
32130003,1645529,241366,1886895
32130007,246975,228657,475632
32130008,512916,1170599,1683515
32130009,61600,245656,307256
32130010,147500,194579,342079
32130011,0,87000,87000
32130012,247139,288810,535949
32130013,103835,17892,121727
32130016,0,396075,396075
32130021,209968,70739,280707
32130022,0,0,0
32130023,0,326031,326031
32130024,0,0,0
32130025,409780,7,409787
32130041,617019,50802,667821
32130048,313815,9597,323412
32130049,50027,651277,701304
32130061,186000,1047092,1233092
32130062,177290,823075,1000365
32130063,213450,214066,427516
32130065,0,328527,328527
32130066,210829,464822,675651
32130067,92000,1306230,1398230
32130068,170088,22553,192641
32130077,326591,1184415,1511006
32130078,0,0,0
32130079,119233,575689,694922
32130080,0,0,0
32130081,355430,724030,1079460
32130082,180646,237345,417991
32130083,0,753574,753574
32130084,201160,63188,264348
32130085,290000,15580,305580
32130086,0,0,0
32130087,128371,324109,452480
32130109,839400,17615,857015
32130111,130000,71435,201435
32130112,50000,170116,220116
32130113,190000,37358,227358
32130119,179000,4665,183665
32130121,0,0,0
32130122,425000,13016,438016
32130123,228580,373131,601711
32130125,300000,218329,518329
32130139,51657,841346,893003
32130140,0,58929,58929
32130141,95759,855896,951655
32130142,51500,865627,917127
32130144,31863,926616,958479
32130145,82000,10761,92761
32130146,74024,4343,78367
32130147,63017,334,63351
32130148,80000,180383,260383
32130150,50000,906410,956410
32130151,0,774123,774123
32130152,84000,590,84590
32130168,0,1000174,1000174
32130172,337340,460099,797439
32130173,0,274746,274746
32130174,128050,6755,134805
32130179,50000,648,50648
32130180,45000,40369,85369
32130181,40063,81929,121992
32130182,20118,111780,131898
32130185,70000,69060,139060
32130186,25285,188727,214012
32130187,38500,104489,142989
32130188,65051,694288,759339
32130189,82000,79342,161342
32130190,0,0,0
32130192,40015,22635,62650
32130195,55013,8239,63252
32130196,0,56355,56355
32130197,0,0,0
32130198,0,139109,139109
32130199,0,49762,49762
32130200,85510,119083,204593
32130201,0,0,0
32130202,0,0,0
32130203,0,0,0
32130204,60062,2479,62541
32130207,71000,906524,977524
32130209,142000,1067212,1209212
32130211,72000,838536,910536
32130212,107000,728322,835322
32130214,0,822488,822488
32130216,62537,22074,84611
32130217,0,0,1544401
32130218,30000,49758,79758
32130219,150777,821185,971962
32130220,130000,785328,915328
32130221,0,679175,679175
32130222,11000,443145,454145
32130223,341914,804993,1146907
32130224,0,978131,978131
32130225,120000,852737,972737
32130240,30000,830498,860498
32130302,0,0,0
32130304,110000,42643,152643
32130305,0,220136,220136
32130306,134790,35085,169875
32130307,229000,221723,450723
32130309,97290,51863,149153
32130310,65000,20704,85704
32130312,60000,885180,945180
32130313,146740,31274,178014
32130314,164290,11,164301
32130315,0,282140,282140
32130317,65000,965722,1030722
32130319,0,530414,530414
32130321,173000,821276,994276
32130322,50000,42053,92053
32130323,0,105783,105783
32130324,0,0,0
32130325,125000,962656,1087656
32130327,0,0,0
32130328,0,0,0
32130329,100000,411478,511478
32130330,45000,845089,890089
32130331,72160,25167,97327
32130332,86000,822752,908752
32130333,264000,822881,1086881
32130334,39800,241325,281125
32130336,128900,463782,592682
32130337,0,359004,359004
32130341,79660,7640,87300
32130343,35000,36035,71035
32130344,20000,82650,102650
32130345,65500,101070,166570
32130346,0,179199,179199
32130347,50160,84477,134637
32130349,38000,7148,45148
32130351,60000,163706,223706
32130352,80000,10355,90355
32130355,20000,77247,97247
32130356,31000,45221,76221
32130357,320000,163085,483085
32130358,24000,188528,212528
32130359,0,0,0
32130360,154580,321726,476306
32130361,0,0,0
32130362,0,72680,72680
32130363,31000,120255,151255
32130364,0,340654,340654
32130366,40000,329296,369296
32130367,45000,1810,46810
32130368,290000,792129,1082129
32130369,45000,863451,908451
32130371,156160,391795,547955
32130372,165000,410846,575846
32130373,72000,672,72672
32130374,63000,901,63901
32130376,34000,766,34766
32130377,31000,63478,94478
32130378,0,0,0
32130379,15000,80520,95520
32130380,162967,89898,252865
32130382,70000,17206,87206
32130383,0,67064,67064
32130385,283085,108497,391582
32130386,160000,826290,986290
32130387,93500,443,93943
32130391,118290,1773,120063
32130393,34320,119698,154018
32130394,75980,4820,80800
32130395,30000,1006728,1036728
32130396,130000,525751,655751
32130540,0,0,0
32130541,0,0,0
32130542,32000,33054,65054
32130550,85000,68141,153141
32130553,0,0,175905
32130554,0,157439,157439
32130555,70000,103692,173692
32130557,50000,17065,67065
32130558,29000,3277,32277
32130559,25000,297998,322998
32130560,95000,220403,315403
32130563,85000,88025,173025
32130566,50000,157773,207773
32130567,0,0,0
32130568,52000,22753,74753
32130570,20000,23278,43278
32130571,180000,858703,1038703
32130572,195000,253453,448453
32130573,100000,148535,248535
32130574,50000,7106,57106
32130575,24000,58192,82192
32130578,0,0,65070
32130579,100000,211513,311513
32130581,0,0,0
32130582,0,0,0
32130583,309404,0,309404
32130584,0,0,0
32130585,0,0,0
32130587,104000,33468,137468
32130588,65000,2797,67797
32130589,0,0,0
32130590,48000,2702,50702
32130591,0,0,0
32130593,65000,15129,80129
32130594,80000,64490,144490
32130595,53000,16982,69982
32130596,35000,24026,59026
32130597,160000,560,160560
32130598,0,0,0
32130599,31046,33726,64772
32130600,0,0,0
32130623,194000,127353,321353
32130630,0,0,0
32130632,25000,181009,206009
32130662,0,125117,125117
32130664,0,0,0
32130665,50000,30970,80970
32130667,180000,52318,232318
32130668,0,0,0
32130669,190000,10579,200579
32130670,0,0,185040
32130671,180000,146928,326928
32130672,0,0,0
32130673,140000,3868,143868
32130674,0,97674,97674
32130675,0,0,0
32130676,0,183175,183175
32130677,0,0,0
32130678,20000,114198,134198
32130679,130000,317414,447414
32130680,0,131206,131206
32130681,0,62804,62804
32130682,120000,3923,123923
32130684,90000,301513,391513
32130685,80000,21137,101137
32130686,0,0,0
32130687,15000,437470,452470
32130690,50000,9624,59624
32130691,0,0,0
32130692,0,100007,100007
32130694,0,19022,19022
32130695,80000,99901,179901
32130696,0,0,0
32130697,45000,26338,71338
32130698,250000,436515,686515
32130699,80000,29972,109972
32130700,0,0,0
32130701,55000,107437,162437
32130703,394266,105255,499521
32130704,30000,243919,273919
32130705,60000,27419,87419
32130706,0,221661,221661
32130707,90000,19725,109725
32130708,0,0,0
32130709,70000,4264,74264
32130714,140000,40951,180951
32130715,151190,275,151465
32130716,65000,636,65636
32130717,80000,103281,183281
32130718,0,117136,117136
32130719,77000,156,77156
32130720,55000,996,55996
32130721,0,225488,225488
32130722,26000,232007,258007
32130723,50000,200066,250066
32130724,0,0,0
32130725,0,287525,287525
32130727,45000,97675,142675
32130728,0,26614,26614
32130729,50000,216838,266838
32130730,0,391869,391869
32130731,0,307859,307859
32130732,0,71617,71617
32130733,100000,241528,341528
32130734,0,150468,150468
32130735,0,68348,68348
32130737,0,0,0
32130738,130000,100120,230120
32130739,90000,273055,363055
32130740,150000,641358,791358
32130742,34000,28920,62920
32130758,0,0,0
32130812,100000,8852,108852
32130857,0,0,0
32130868,60000,5149,65149
32130869,200000,21943,221943
32130871,0,0,0
32130872,100000,50000,150000
32130874,117000,599,117599
32130875,50000,489697,539697
32130876,0,0,0
32130877,85000,416989,501989
32130880,50538,354429,404967
32130882,59029,42227,101256
32130883,40000,163432,203432
32130885,75030,2713,77743
32130887,80000,54110,134110
32130888,93000,2652,95652
32130889,74320,12767,87087
32130905,45000,152293,197293
32130908,117348,729,118077
32130912,0,0,0
32130920,84,106952,107036
32130921,18000,868541,886541
32130925,25000,922795,947795
32130930,85000,77850,162850
32130933,82609,130,82739
32130939,47000,2635,49635
32130940,0,0,0
32130944,110000,544592,654592
32130945,91700,837099,928799
32130946,207000,804693,1011693
32130947,25000,864358,889358
32130948,0,1107986,1107986
32130949,106901,1075690,1182591
32130950,25000,841178,866178
32130951,46000,1470789,1516789
32130952,50000,939977,989977
32130953,0,459990,459990
32130957,0,163380,163380
32130976,0,0,0
32131025,147000,822952,969952
32131026,0,0,0
32131030,107000,22317,129317
32131031,103900,146652,250552
32131033,293000,3254,296254
32131038,52500,25327,77827
32131040,90000,308667,398667
32131045,90000,416278,506278
32131046,20000,61065,81065
32131047,20000,600122,620122
32131051,0,467626,467626
32131055,20000,310328,330328
32131056,0,88231,88231
32131058,64705,650,65355
32131062,25000,68760,93760
32131066,0,889432,889432
32131072,50000,861136,911136
32131073,47404,61132,108536
32131075,75000,40376,115376
32131076,41160,48201,89361
32131116,70000,10142,80142
32131216,215000,236103,451103
32131218,0,0,0
32131248,0,0,0
32131249,50000,1858,51858
32131270,0,797701,797701
32131271,100000,507565,607565
32131272,89000,954,89954
32131274,0,81238,81238
32131276,40000,62169,102169
32131277,0,0,0
32131278,50000,234120,284120
32131279,70000,7489,77489
32131303,70939,106647,177586
32131308,0,545639,545639
32131311,82520,590,83110
32131312,75000,6437,81437
32131313,0,0,0
32131340,38000,413348,451348
32131341,30000,106271,136271
32131345,0,0,0
32131346,150000,42359,192359
32131347,0,0,0
32131348,95000,397,95397
32131360,27130,127113,154243
32131402,0,65148,65148
32131403,375348,3069,378417
32131426,450211,129795,580006
32210001,0,0,0
32210002,0,3138,3138
32210003,0,0,0
32210004,100000,1176,101176
32210005,52500,41861,94361
32210006,100000,42684,142684
32210007,0,742,742
32210009,191066,85,191151
32210010,0,145386,145386
32210011,144710,112286,256996
32210012,0,818,818
32210013,42035,86392,128427
32210014,123186,36408,159594
32210015,114028,70043,184071
32210016,245000,1000,246000
32210017,40360,44550,84910
32210018,250348,26810,277158
32210019,15770,40514,56284
32210020,72500,165,72665
32210021,50000,70485,120485
32210022,0,100912,100912
32210023,0,148799,148799
32210024,50058,10616,60674
32210025,45000,313198,358198
32210026,0,0,0
32210027,0,0,0
32210028,101136,924,102060
32210029,100000,11634,111634
32210030,39000,60782,99782
32210031,40000,38690,78690
32210032,0,0,0
32210033,100000,48078,148078
32210034,10000,72397,82397
32210035,50000,95739,145739
32210036,48428,26948,75376
32210037,95000,20876,115876
32210039,36000,61881,97881
32210040,100035,135562,235597
32210041,35000,23122,58122
32210042,115000,89265,204265
32210043,30000,1165,31165
32210046,0,104384,104384
32210047,100000,20262,120262
32210048,55000,1829,56829
32210049,56500,176,56676
32210051,45000,767,45767
32210052,25000,328,25328
32210054,31000,1245,32245
32210055,26035,34947,60982
32210056,50000,15500,65500
32210058,11000,18563,29563
32210060,44000,19125,63125
32210061,113000,879,113879
32210062,4500,423,4923
32210063,0,271,271
32210065,90000,76478,166478
32210066,20035,73312,93347
32210067,40000,47409,87409
32210068,107000,889,107889
32210069,175000,36635,211635
32210073,76600,102,76702
32210074,31300,15076,46376
32210075,35000,60038,95038
32210076,87035,871,87906
32210077,0,543,543
32210078,33000,401,33401
32210079,50000,16522,66522
32210080,0,489,489
32210081,50000,52262,102262
32210084,55000,19558,74558
32210085,37035,498,37533
32210086,60000,26536,86536
32210087,0,1600,1600
32210088,81435,4286,85721
32210089,0,0,0
32210090,27000,149,27149
32210091,0,0,0
32210092,0,48763,48763
32210093,50000,39976,89976
32210094,69000,42900,111900
32210095,55000,107596,162596
32210096,36000,74000,110000
32210097,81900,13718,95618
32210098,240633,23541,264174
32210099,0,370,370
32210100,58600,59,58659
32210101,75000,1006,76006
32210102,68000,31460,99460
32210105,10035,2856,12891
32210106,40035,304093,344128
32210107,150070,119580,269650
32210108,52000,798,52798
32210109,63000,10493,73493
32210110,25000,25315,50315
32210111,145000,25921,170921
32210112,50000,39914,89914
32210113,189870,150524,340394
32210114,0,67849,67849
32210115,62970,20000,82970
32210116,0,4366,4366
32210117,5000,20250,25250
32210118,48000,63720,111720
32210119,80000,2742,82742
32210120,75000,25326,100326
32210121,35035,918,35953
32210122,74175,123975,198150
32210123,30000,58829,88829
32210124,0,0,0
32210125,94096,59054,153150
32210126,0,2944,2944
32210127,83000,36672,119672
32210128,48000,65789,113789
32210129,67000,10996,77996
32210130,140000,499,140499
32210131,0,79420,79420
32210133,57000,32608,89608
32210134,47000,102851,149851
32210135,0,573,573
32210136,50000,40697,90697
32210137,62000,780,62780
32210138,54570,42168,96738
32210139,39000,57690,96690
32210140,85365,42951,128316
32210141,97000,23652,120652
32210143,2000,38880,40880
32210144,80900,2119,83019
32210145,60000,122961,182961
32210146,85000,82528,167528
32210147,60350,66232,126582
32210149,20000,46713,66713
32210150,1593,391,1984
32210151,89000,25506,114506
32210152,30325,4365,34690
32210153,68525,35371,103896
32210154,40000,115414,155414
32210155,23000,390,23390
32210157,15000,59098,74098
32210158,20000,89183,109183
32210159,0,0,0
32210160,40000,44656,84656
32210161,50000,171179,221179
32210162,60000,20861,80861
32210163,50000,69179,119179
32210164,10000,87600,97600
32210165,102060,158,102218
32210166,90350,500,90850
32210167,4000,43518,47518
32210168,0,0,0
32210169,29000,31078,60078
32210170,41000,65048,106048
32210171,29870,71070,100940
32210173,65084,9000,74084
32210174,3000,46488,49488
32210175,10000,418,10418
32210176,56000,7922,63922
32210177,85000,169481,254481
32210178,25000,54957,79957
32210179,0,60148,60148
32210182,50000,21795,71795
32210183,75000,137438,212438
32210184,26000,39840,65840
32210185,10500,128423,138923
32210186,50000,122632,172632
32210188,100000,10084,110084
32210189,30000,20784,50784
32210190,18000,493,18493
32210191,25895,31934,57829
32210192,125000,23796,148796
32210193,56325,39635,95960
32210195,28545,41955,70500
32210197,90000,4410,94410
32210198,20000,2067,22067
32210199,0,358,358
32210201,31035,321,31356
32210203,83360,60085,143445
32210204,0,20,20
32210205,95035,16163,111198
32210206,0,62057,62057
32210207,0,3540,3540
32210208,38620,1920,40540
32210209,36000,435,36435
32210210,68030,2305,70335
32210211,16600,71967,88567
32210215,50000,22192,72192
32210216,30000,52914,82914
32210217,0,129,129
32210218,42000,2256,44256
32210220,38000,58514,96514
32210221,0,574,574
32210222,58348,500,58848
32210223,0,4597,4597
32210224,0,0,94690
32210226,0,1325,1325
32210227,26000,795,26795
32210229,40000,107081,147081
32210230,113000,7575,120575
32210231,14000,88280,102280
32210233,30141,36000,66141
32210235,0,0,0
32210236,0,369,369
32210237,40000,67747,107747
32210238,86500,11678,98178
32210239,50000,9057,59057
32210240,60000,67810,127810
32210241,0,0,0
32210242,24000,80872,104872
32210243,65000,75385,140385
32210245,37000,36312,73312
32210246,0,2396,2396
32210247,0,0,0
32210248,0,56540,56540
32210249,21000,889,21889
32210250,53000,168703,221703
32210251,30800,223,31023
32210252,42000,62813,104813
32210254,0,269,269
32210255,0,42000,42000
32210256,79000,117671,196671
32210257,30000,8831,38831
32210258,35000,20205,55205
32210259,0,52955,52955
32210260,920,0,920
32210261,10000,981,10981
32210262,66000,22774,88774
32210263,100035,128460,228495
32210264,30000,1011,31011
32210265,50000,56994,106994
32210266,0,0,0
32210267,68570,642,69212
32210268,77000,784,77784
32210269,0,99629,99629
32210270,0,45023,45023
32210271,70000,6944,76944
32210272,50000,6323,56323
32210273,65000,60957,125957
32210274,0,0,0
32210275,29000,111,29111
32210277,35000,63942,98942
32210278,0,0,0
32210279,95000,40340,135340
32210280,35000,101,35101
32210281,78000,847,78847
32210282,12000,35455,47455
32210283,0,19354,19354
32210284,20000,12595,32595
32210285,100000,34000,134000
32210286,10000,34916,44916
32210287,0,6299,6299
32210288,5500,45631,51131
32210289,0,770,770
32210293,1000,1766,2766
32210295,25000,36427,61427
32210296,60000,73914,133914
32210297,0,67303,67303
32210298,26000,425,26425
32210299,29000,5115,34115
32210301,0,780,780
32210303,162140,99058,261198
32210304,25417,60315,85732
32210305,53500,41142,94642
32210306,40000,49171,89171
32210307,0,0,0
32210310,55000,109577,164577
32210311,0,110680,110680
32210312,74895,71367,146262
32210313,10035,46332,56367
32210314,0,49636,49636
32210315,46526,13734,60260
32210317,20000,36000,56000
32210318,0,1245,1245
32210319,40165,75546,115711
32210320,34000,74029,108029
32210322,25000,21497,46497
32210323,60000,14397,74397
32210324,73070,4730,77800
32210325,0,0,0
32210326,10370,35392,45762
32210327,78216,26804,105020
32210328,17035,42091,59126
32210329,23000,50000,73000
32210330,40000,31391,71391
32210331,20000,20068,40068
32210332,61474,112060,173534
32210333,50070,36997,87067
32210334,20000,17501,37501
32210335,50000,2117,52117
32210336,34500,646,35146
32210340,90575,5008,95583
32210341,0,36546,36546
32210342,75000,66982,141982
32210344,30000,15637,45637
32210354,41000,530,41530
32210363,0,36395,36395
32210364,0,35078,35078
32220001,100000,415222,515222
32220003,290386,350190,640576
32220004,0,0,0
32220005,96449,675301,771750
32220006,0,76,76
32220007,87885,84558,172443
32220008,312000,20010,332010
32220009,100135,158850,258985
32220010,0,0,0
32220011,0,0,0
32220012,200000,38723,238723
32220013,0,204,204
32220014,0,77,77
32220015,0,1293,1293
32220016,50000,277100,327100
32220018,0,1168,1168
32220019,213000,36000,249000
32220020,386730,888,387618
32220021,214218,187666,401884
32220022,742250,400551,1142801
32220023,250000,627881,877881
32220024,0,211,211
32220025,182000,304709,486709
32220026,0,0,0
32220027,0,450,450
32220029,50000,195220,245220
32220030,0,0,0
32220032,90000,430,90430
32220033,190283,44676,234959
32220034,46000,271619,317619
32220035,76904,104440,181344
32220036,0,1434,1434
32220037,20000,45598,65598
32220038,150000,158366,308366
32220039,110000,40530,150530
32220040,0,0,0
32220041,78000,144089,222089
32220042,19200,9472,28672
32220043,100558,12149,112707
32220044,120035,381114,501149
32220045,30058,323846,353904
32220046,0,0,0
32220047,97070,26663,123733
32220048,20000,18000,38000
32220049,100035,107288,207323
32220050,90000,80714,170714
32220051,72035,275,72310
32220052,50290,219030,269320
32220053,0,0,0
32220054,0,351,351
32220055,0,0,0
32220056,70000,121686,191686
32220058,80035,419,80454
32220059,0,0,0
32220060,0,0,0
32220061,0,0,688
32220062,0,89,89
32220063,94555,59489,154044
32220064,0,878,878
32220065,0,0,0
32220066,95781,2067,97848
32220067,148000,1512,149512
32220068,147600,5128,152728
32220070,118000,1847,119847
32220071,181000,239262,420262
32220072,94614,71282,165896
32220073,46000,1660,47660
32220074,0,0,0
32220075,49000,57843,106843
32220076,0,0,0
32220077,132000,231612,363612
32220078,45000,87666,132666
32220079,10000,92741,102741
32220080,0,16916,16916
32220081,50000,313954,363954
32220082,0,131846,131846
32220084,35,32782,32817
32220085,0,10916,10916
32220086,0,28863,28863
32220087,0,0,0
32220088,50000,67382,117382
32220089,102600,91,102691
32220090,45000,26942,71942
32220091,0,0,0
32220092,90000,11552,101552
32220093,50000,45520,95520
32220094,86700,9442,96142
32220095,135000,55000,190000
32220096,40000,300,40300
32220097,134000,117750,251750
32220098,88500,137967,226467
32220099,60600,134770,195370
32220100,34000,37410,71410
32220101,50000,8213,58213
32220102,37442,118600,156042
32220103,88500,106058,194558
32220104,13000,274,13274
32220105,20000,15801,35801
32220106,49000,1186,50186
32220107,70000,72353,142353
32220108,80000,678,80678
32220109,0,612,612
32220110,75000,12390,87390
32220112,0,78208,78208
32220114,0,42685,42685
32220116,50000,75541,125541
32220117,0,0,0
32220118,70000,170757,240757
32220119,26000,38495,64495
32220120,25000,119632,144632
32220121,100000,16727,116727
32220122,107227,159841,267068
32220123,57000,315,57315
32220125,0,0,0
32220126,0,8338,8338
32220127,70035,128916,198951
32220128,0,0,0
32220129,75000,21552,96552
32220130,0,1190,1190
32220131,51000,693,51693
32220132,55000,27334,82334
32220133,120000,9708,129708
32220134,0,950,950
32220135,60000,2326,62326
32220137,59000,6107,65107
32220139,0,9031,9031
32220140,70000,2215,72215
32220141,47659,400,48059
32220142,0,339,339
32220143,0,27484,27484
32220144,50000,78024,128024
32220145,7000,64569,71569
32220147,0,0,0
32220148,0,37221,37221
32220149,47000,6181,53181
32220150,120000,7576,127576
32220151,86000,118197,204197
32220154,63000,18000,81000
32220155,0,62928,62928
32220156,54140,73886,128026
32220157,81000,34596,115596
32220158,97600,26374,123974
32220159,50000,42288,92288
32220160,6581,3897,10478
32220161,0,555,555
32220163,1097,277203,278300
32220164,48455,331,48786
32220166,255000,89959,344959
32220167,3500,143910,147410
32220168,1482,83572,85054
32220169,120360,905,121265
32220170,52000,35133,87133
32220171,91150,81506,172656
32220172,0,0,0
32220173,0,0,0
32220174,30000,16182,46182
32220175,35000,1669,36669
32220176,53000,1480,54480
32220177,0,0,0
32220179,0,0,0
32220180,0,52211,52211
32220181,20000,8921,28921
32220182,36562,773,37335
32220184,40070,4512,44582
32220185,36000,402,36402
32220186,65245,85176,150421
32220187,29000,11183,40183
32220188,60000,181972,241972
32220189,90070,2303,92373
32220190,52000,102338,154338
32220191,36972,537,37509
32220192,40000,1343,41343
32220193,0,2324,2324
32220194,75000,202983,277983
32220197,50000,35998,85998
32220198,50000,16038,66038
32220199,0,69237,69237
32220200,0,512,512
32220201,41000,55189,96189
32220202,50109,36502,86611
32220203,30000,6651,36651
32220204,30000,4056,34056
32220205,65000,61037,126037
32220206,0,1405,1405
32220208,50000,55611,105611
32220210,0,839,839
32220211,41383,43136,84519
32220212,20000,96724,116724
32220213,56453,45757,102210
32220214,25000,76508,101508
32220216,24000,5740,29740
32220217,65000,85,65085
32220218,69035,48603,117638
32220219,0,0,0
32220220,0,0,0
32220221,45000,6560,51560
32220222,110000,3797,113797
32220223,0,1762,1762
32220224,0,0,0
32220225,85000,11307,96307
32220227,0,26609,26609
32220228,98000,9792,107792
32220229,66000,236,66236
32220230,95000,11032,106032
32220231,120000,15771,135771
32220232,0,0,0
32220234,20000,1040,21040
32220235,45025,16336,61361
32220238,130000,262230,392230
32220239,0,0,0
32220240,0,61012,61012
32220241,0,5000,5000
32220243,0,0,0
32220244,115035,28664,143699
32220245,50035,81812,131847
32220246,20000,35869,55869
32220247,0,0,0
32220248,42433,38290,80723
32220249,50000,312166,362166
32220250,2035,19924,21959
32220251,50070,11324,61394
32220252,50000,45050,95050
32220253,30710,1317,32027
32220254,65000,64456,129456
32220255,97000,25998,122998
32220256,0,1672,1672
32220259,92000,47445,139445
32220260,0,0,0
32220261,58000,44925,102925
32220262,90113,13481,103594
32220263,0,0,0
32220264,26035,94234,120269
32220265,80000,14603,94603
32220266,80035,31883,111918
32220267,60732,13090,73822
32220268,0,96477,96477
32220269,80070,74045,154115
32220271,58035,2481,60516
32220273,46000,31673,77673
32220274,15035,57176,72211
32220275,15035,139709,154744
32220276,100000,34465,134465
32220277,57000,162,57162
32220278,28000,30494,58494
32220280,30000,1659,31659
32220281,60035,53934,113969
32220282,75395,18514,93909
32220283,0,0,0
32220284,10000,50413,60413
32220287,28893,202364,231257
32220288,50000,5832,55832
32220289,125035,11,125046
32220290,100000,58836,158836
32220291,60000,199060,259060
32220292,17000,33280,50280
32220293,110000,112000,222000
32220294,70420,299,70719
32220295,50000,27325,77325
32220296,80035,22823,102858
32220297,45000,19212,64212
32220298,165925,5973,171898
32220299,75360,48425,123785
32220300,56843,26157,83000
32220301,50035,46879,96914
32220302,39000,818,39818
32220303,0,0,0
32220306,38035,110,38145
32220307,13000,26305,39305
32220308,52000,296,52296
32220309,62000,7628,69628
32220310,75035,63221,138256
32220311,0,124847,124847
32220312,0,131660,131660
32220313,0,0,0
32220315,0,0,0
32220316,24000,37145,61145
32220317,133434,7375,140809
32220318,60000,48828,108828
32220320,100105,165406,265511
32220321,79560,74164,153724
32220322,0,295,295
32220324,83796,5248,89044
32220326,10000,20162,30162
32220328,30156,2064,32220
32220329,94035,814,94849
32220331,58000,20612,78612
32220332,68000,59378,127378
32220333,70360,11941,82301
32220334,79000,495,79495
32220335,10070,74058,84128
32220336,110348,66529,176877
32220337,60325,8438,68763
32220338,90000,4343,94343
32220339,80000,47590,127590
32220342,15000,147294,162294
32220343,60000,255332,315332
32220344,123000,38698,161698
32220345,0,0,0
32220346,395,145102,145497
32220347,70465,279426,349891
32220348,35042,56777,91819
32220349,45000,13729,58729
32220350,0,102993,102993
32220351,0,57192,57192
32220353,52000,5143,57143
32220354,140592,76316,216908
32220355,0,156190,156190
32220356,74035,185146,259181
32220357,61128,6781,67909
32220358,78000,1695,79695
32220359,25035,52537,77572
32220360,42000,1754,43754
32220363,39245,10084,49329
32220364,45000,39167,84167
32220366,34724,0,34724
32220367,0,398,398
32220368,197000,24922,221922
32220369,75000,74382,149382
32220370,50035,77350,127385
32220371,150000,32113,182113
32220372,100000,194063,294063
32220373,103000,90196,193196
32220374,76380,38039,114419
32220375,98000,84505,182505
32220376,115925,751,116676
32220377,52000,655,52655
32220378,54000,736,54736
32220379,0,0,0
32220380,48000,13211,61211
32220381,36264,31713,67977
32220383,0,0,0
32220384,0,0,0
32220385,36000,70808,106808
32220386,35000,51311,86311
32220387,19509,20915,40424
32220389,77000,246,77246
32220390,82000,947,82947
32220391,60000,18655,78655
32220392,69700,74870,144570
32220393,68168,120006,188174
32220394,37000,92570,129570
32220395,256000,357,256357
32220396,11570,31323,42893
32220397,0,0,0
32220398,71000,47065,118065
32220399,23000,2097,25097
32220400,95000,67146,162146
32220401,55000,94383,149383
32220402,85000,49567,134567
32220403,0,87403,87403
32220404,36000,5204,41204
32220405,57600,31389,88989
32220406,59350,253,59603
32220407,35102,878,35980
32220408,60000,61882,121882
32220410,61500,77327,138827
32220411,0,2000,2000
32220412,70000,6369,76369
32220413,80000,385787,465787
32220414,100000,11631,111631
32220415,20000,200751,220751
32220418,25000,109713,134713
32220419,0,1800,1800
32220420,75000,37888,112888
32220421,85000,18675,103675
32220422,0,0,0
32220423,110000,81693,191693
32220424,0,252748,252748
32220425,69500,63410,132910
32220426,152000,60000,212000
32220427,140000,57446,197446
32220428,92000,381,92381
32220429,70000,8495,78495
32220430,33000,170,33170
32220431,100000,1201,101201
32220432,50000,215269,265269
32220434,0,0,0
32220435,0,0,0
32220436,0,965,965
32220437,27000,13601,40601
32220438,0,0,0
32220439,110000,1058,111058
32220440,35000,12600,47600
32220441,121713,240522,362235
32220442,56000,231298,287298
32220443,50000,48347,98347
32220444,0,410,410
32220446,120000,18492,138492
32220447,60000,36356,96356
32220448,20000,23505,43505
32220449,33000,107837,140837
32220450,50000,39047,89047
32220451,0,85520,85520
32220452,0,0,0
32220453,129000,1018,130018
32220454,30000,35822,65822
32220455,0,39953,39953
32220456,223000,21512,244512
32220457,25000,119019,144019
32220458,25000,43314,68314
32220459,95360,50783,146143
32220460,35000,3019,38019
32220461,120000,31977,151977
32220462,0,0,0
32220464,71895,63383,135278
32220465,0,0,0
32220466,0,0,0
32220467,30000,45205,75205
32220468,37500,605,38105
32220469,0,0,0
32220471,32000,36299,68299
32220472,0,793,793
32220473,50000,2523,52523
32220474,0,3630,3630
32220476,0,0,0
32220477,0,0,0
32220478,0,177294,177294
32220479,0,393,393
32220480,0,800,800
32220481,1512,0,1512
32220482,0,55299,55299
32220484,36000,37004,73004
32220486,59075,14344,73419
32220487,0,34189,34189
32220489,93000,35375,128375
32220490,0,308,308
32220491,0,0,0
32220492,0,0,0
32220493,0,5381,5381
32220494,0,0,0
32220496,35000,8206,43206
32220497,0,65478,65478
32220499,54000,30000,84000
32220500,63000,42519,105519
32220501,15000,42713,57713
32220502,24351,64127,88478
32220504,0,0,0
32220506,50000,31287,81287
32220508,70042,0,70042
32220509,40070,29913,69983
32220510,0,0,0
32220511,0,0,0
32220512,50000,62820,112820
32220513,0,654,654
32220515,67500,1999,69499
32220516,55000,196,55196
32220517,0,0,0
32220518,30000,29033,59033
32220519,0,0,0
32220520,25000,111968,136968
32220521,47000,398,47398
32220522,0,0,0
32220523,63130,16803,79933
32220524,17000,446,17446
32220526,0,0,2395
32220527,0,240,240
32220528,48000,1416,49416
32220529,5000,2275,7275
32220530,0,0,0
32220532,25035,2621,27656
32220533,30000,20985,50985
32220534,21000,30660,51660
32220535,0,0,0
32220536,30000,39335,69335
32220537,0,0,0
32220538,0,341,341
32220539,25085,65176,90261
32220540,24000,1250,25250
32220541,0,0,0
32220542,0,27172,27172
32220544,0,0,0
32220545,50000,11176,61176
32220546,35000,10038,45038
32220547,0,31170,31170
32220548,11802,26836,38638
32220549,22000,242,22242
32220550,25000,484,25484
32220551,0,0,0
32220552,16000,8225,24225
32220553,0,0,0
32220554,0,50134,50134
32220556,0,1005,1005
32220557,0,0,0
32220558,19768,55573,75341
32220559,65000,65313,130313
32220560,0,19096,19096
32220562,22000,835,22835
32220563,0,0,0
32220564,0,0,0
32220565,58000,1043,59043
32220566,0,0,0
32220567,27000,300,27300
32220568,0,0,0
32220569,40000,12378,52378
32220570,0,0,0
32220571,0,30,30
32220572,59000,10772,69772
32220573,43000,552,43552
32220574,0,0,0
32220578,0,0,0
32220579,0,14447,14447
32220580,99360,108927,208287
32220581,90000,155267,245267
32220582,0,126684,126684
32220583,4500,29869,34369
32220584,9000,91556,100556
32220585,25035,148661,173696
32220587,0,787,787
32220588,25035,38,25073
32220589,75000,40512,115512
32220590,61723,9600,71323
32220591,0,29023,29023
32220593,41000,22314,63314
32220594,54000,299,54299
32220601,180000,64153,244153
32220602,79000,96899,175899
32220603,50000,134414,184414
32220604,0,0,0
32220605,35335,2224,37559
32220608,0,0,0
32220609,0,2469,2469
32220610,0,1579,1579
32220611,0,0,0
32220612,0,297,297
32220613,95000,5686,100686
32220614,95070,15811,110881
32220617,31035,45292,76327
32220618,30731,38542,69273
32220716,26000,820,26820
32220717,0,0,0
32230001,95000,214864,309864
32230002,29060,555085,584145
32230003,290882,191356,482238
32230004,0,0,0
32230005,300000,310085,610085
32230006,0,2463,2463
32230007,150857,3396,154253
32230008,0,268000,268000
32230009,4000,511,4511
32230010,0,406,406
32230011,279561,114538,394099
32230013,0,0,0
32230014,0,687,687
32230015,0,101901,101901
32230016,149800,472217,622017
32230017,0,0,0
32230018,0,529000,529000
32230019,95000,126902,221902
32230020,242931,227232,470163
32230021,0,0,0
32230022,50000,263054,313054
32230023,0,257398,257398
32230024,110000,157070,267070
32230025,12565,12622,25187
32230026,0,344577,344577
32230027,0,233068,233068
32230028,353600,528188,881788
32230029,0,0,0
32230030,47005,147074,194079
32230031,316000,469483,785483
32230032,100000,209658,309658
32230033,0,2000,2000
32230034,382190,18167,400357
32230035,542776,150144,692920
32230037,0,258,258
32230038,243000,17807,260807
32230039,49000,93468,142468
32230041,151500,679,152179
32230042,259951,145695,405646
32230043,0,2710,2710
32230044,130500,165272,295772
32230046,26940,497752,524692
32230047,140000,227415,367415
32230048,401259,108625,509884
32230049,107660,226016,333676
32230050,112805,646396,759201
32230051,0,0,0
32230052,93000,13795,106795
32230053,137400,146564,283964
32230054,230234,1304,231538
32230055,147365,88240,235605
32230056,70000,135246,205246
32230057,90000,31382,121382
32230058,32527,296691,329218
32230059,0,248,248
32230060,0,1396,1396
32230061,69035,1597,70632
32230062,0,148,148
32230063,0,1365,1365
32230064,30000,51304,81304
32230065,59000,1258,60258
32230066,71000,58226,129226
32230067,0,613,613
32230068,62957,87513,150470
32230069,0,693,693
32230070,16695,3263,19958
32230071,0,202313,202313
32230072,0,87640,87640
32230073,105070,38063,143133
32230074,328630,110655,439285
32230076,225000,220744,445744
32230077,133400,20731,154131
32230078,78144,305044,383188
32230079,78000,58087,136087
32230080,70128,3110,73238
32230081,224882,549768,774650
32230082,0,11530,11530
32230083,13740,278376,292116
32230084,92963,440143,533106
32230085,25460,125400,150860
32230086,170000,343563,513563
32230087,170800,115,170915
32230089,198000,333225,531225
32230090,58685,95141,153826
32230091,0,118400,118400
32230092,50000,13393,63393
32230093,77305,237380,314685
32230097,450657,1000,451657
32230098,56000,252730,308730
32230099,75161,146464,221625
32230100,233039,0,233039
32230101,150035,57896,207931
32230102,0,0,0
32230103,150000,74845,224845
32230104,55000,50751,105751
32230105,0,125532,125532
32230106,70000,17379,87379
32230107,193163,119067,312230
32230108,337000,397200,734200
32230109,100000,205000,305000
32230110,170125,153329,323454
32230111,0,145202,145202
32230112,0,0,0
32230113,0,91,91
32230114,50000,134761,184761
32230115,209125,126239,335364
32230116,90000,69957,159957
32230117,0,0,0
32230118,170248,105885,276133
32230119,103500,24650,128150
32230120,104850,318,105168
32230121,224000,268588,492588
32230122,11500,55487,66987
32230123,45035,345,45380
32230124,80000,62,80062
32230125,163000,618,163618
32230126,65000,97000,162000
32230127,46000,15,46015
32230128,13000,918973,931973
32230129,113113,1358,114471
32230130,148640,34946,183586
32230131,0,0,0
32230132,114236,131324,245560
32230134,0,1211,1211
32230135,86360,130892,217252
32230136,140000,18892,158892
32230137,144935,138140,283075
32230138,61161,137807,198968
32230139,94000,79000,173000
32230140,254241,0,254241
32230141,61360,3497,64857
32230142,0,1878,1878
32230143,0,1704,1704
32230144,104259,127427,231686
32230145,49000,400916,449916
32230146,58000,140847,198847
32230147,70000,58819,128819
32230149,77000,1604,78604
32230150,93075,501,93576
32230151,0,0,0
32230153,30000,6110,36110
32230154,30000,32528,62528
32230155,45000,45289,90289
32230156,38035,100120,138155
32230157,17184,9637,26821
32230158,12000,56200,68200
32230159,30000,90698,120698
32230160,65000,98621,163621
32230161,25035,7327,32362
32230162,0,0,0
32230163,33500,10268,43768
32230164,45000,96306,141306
32230165,76070,615,76685
32230166,65000,50956,115956
32230167,128000,1656,129656
32230168,29453,0,29453
32230169,11060,0,11060
32230170,0,1309,1309
32230172,0,820,820
32230173,0,3897,3897
32230174,0,163,163
32230175,23000,3168,26168
32230176,70000,87210,157210
32230177,0,1635,1635
32230178,35070,49615,84685
32230180,66000,7960,73960
32230181,65290,57979,123269
32230182,75000,17765,92765
32230183,30000,47270,77270
32230184,50290,33378,83668
32230186,20000,18498,38498
32230187,70035,7312,77347
32230188,0,0,0
32230189,30000,2422,32422
32230190,45000,35915,80915
32230191,45035,50422,95457
32230192,25000,35458,60458
32230193,95290,41,95331
32230194,49873,38255,88128
32230197,168372,50000,218372
32230198,12000,76847,88847
32230199,72000,17094,89094
32230200,0,579,579
32230201,0,61178,61178
32230202,88000,31698,119698
32230203,60000,98130,158130
32230204,65035,53508,118543
32230205,44070,11464,55534
32230206,0,0,0
32230207,50000,10941,60941
32230208,65035,59722,124757
32230209,26826,99000,125826
32230211,319350,160879,480229
32230212,43000,13120,56120
32230213,36000,295,36295
32230214,5000,6688,11688
32230216,55000,3528,58528
32230218,35000,52007,87007
32230220,20000,40114,60114
32230221,43000,21614,64614
32230222,70000,18022,88022
32230223,70000,78528,148528
32230224,170000,652,170652
32230225,0,634,634
32230226,7300,158240,165540
32230227,59000,1392,60392
32230228,206825,95796,302621
32230229,84000,76506,160506
32230230,0,470,470
32230231,35000,398,35398
32230232,45000,10519,55519
32230233,75000,12896,87896
32230234,64000,307,64307
32230235,150000,1884,151884
32230237,69000,609,69609
32230238,0,0,0
32230240,20000,51980,71980
32230242,15343,139809,155152
32230243,40000,45641,85641
32230244,40000,24380,64380
32230245,51000,53812,104812
32230246,2000,3161,5161
32230248,0,0,0
32230250,52650,108872,161522
32230251,185000,112185,297185
32230252,23000,10346,33346
32230253,41000,9316,50316
32230255,0,0,0
32230257,107000,91487,198487
32230258,55000,1853,56853
32230259,54003,937,54940
32230260,0,321,321
32230261,0,464808,464808
32230262,61305,149066,210371
32230263,0,629,629
32230264,0,0,0
32230265,70533,64843,135376
32230266,0,0,0
32230267,27000,20267,47267
32230269,98035,165748,263783
32230270,120000,100490,220490
32230271,95000,1451,96451
32230272,96878,116591,213469
32230273,25000,5380,30380
32230274,50000,62361,112361
32230275,0,0,0
32230276,35635,612,36247
32230277,40000,1331,41331
32230278,0,46967,46967
32230279,40000,4064,44064
32230280,125000,77475,202475
32230281,0,93313,93313
32230283,25000,9929,34929
32230284,69832,106341,176173
32230285,84581,112429,197010
32230286,37000,4593,41593
32230287,54000,947,54947
32230289,73528,132276,205804
32230290,30000,86227,116227
32230291,30000,59730,89730
32230292,37000,13500,50500
32230293,90000,17818,107818
32230294,53750,79214,132964
32230295,32000,12251,44251
32230296,40000,64331,104331
32230297,32000,36081,68081
32230299,29809,10286,40095
32230300,50000,49084,99084
32230301,90000,130556,220556
32230302,0,189518,189518
32230305,28000,304,28304
32230306,50000,24623,74623
32230307,36217,5749,41966
32230308,0,0,0
32230309,0,75985,75985
32230311,65000,20339,85339
32230312,171817,14857,186674
32230313,95547,453,96000
32230314,35000,57951,92951
32230315,0,66000,66000
32230316,62835,79748,142583
32230317,30035,41473,71508
32230318,114905,99613,214518
32230319,52873,16010,68883
32230320,40000,77481,117481
32230322,59000,618,59618
32230323,65000,28802,93802
32230324,0,67112,67112
32230325,0,0,0
32230326,32000,6057,38057
32230327,0,0,0
32230328,64000,296,64296
32230329,82704,90000,172704
32230330,28000,60995,88995
32230331,50000,59677,109677
32230333,50000,56494,106494
32230335,69439,1843,71282
32230336,0,0,0
32230337,37000,60512,97512
32230338,153000,985,153985
32230339,69000,9960,78960
32230340,38000,32034,70034
32230341,100000,408000,508000
32230342,0,0,0
32230345,55000,14812,69812
32230346,41000,53889,94889
32230347,35,6283,6318
32230348,45000,153532,198532
32230349,5055,59273,64328
32230350,74472,63418,137890
32230351,58000,61366,119366
32230352,50000,4997,54997
32230353,0,105300,105300
32230354,100000,55242,155242
32230356,30000,68611,98611
32230358,0,94641,94641
32230359,46035,113028,159063
32230360,93000,79322,172322
32230361,145000,23580,168580
32230362,44500,424,44924
32230363,0,2465,2465
32230364,19000,251,19251
32230365,48000,2149,50149
32230366,55000,12148,67148
32230367,47000,10237,57237
32230368,54500,1832,56332
32230369,83000,3817,86817
32230370,85000,1020,86020
32230372,0,0,0
32230373,50000,43438,93438
32230375,250000,115311,365311
32230376,50070,25669,75739
32230377,5000,15094,20094
32230378,50000,13789,63789
32230379,78000,30839,108839
32230380,83000,170537,253537
32230381,10000,116938,126938
32230382,64000,1034,65034
32230383,42000,16292,58292
32230384,50000,2577,52577
32230385,0,0,0
32230386,28000,773,28773
32230387,88000,2173,90173
32230388,7000,80307,87307
32230389,30070,85756,115826
32230390,55000,8871,63871
32230391,20000,62092,82092
32230392,28280,2800,31080
32230393,0,0,0
32230394,50035,17860,67895
32230395,93000,467,93467
32230396,63043,61514,124557
32230397,94000,937,94937
32230398,36000,35795,71795
32230400,87000,434,87434
32230402,0,0,0
32230403,150000,3925,153925
32230404,10000,3862,13862
32230405,33000,429,33429
32230406,25000,20933,45933
32230408,53000,900,53900
32230409,0,0,0
32230410,35000,4798,39798
32230411,10000,17815,27815
32230413,50000,67437,117437
32230415,59000,906,59906
32230416,25000,59037,84037
32230417,0,44577,44577
32230418,13000,815,13815
32230419,20000,184415,204415
32230420,53000,6321,59321
32230421,51000,21395,72395
32230422,13965,154647,168612
32230423,100000,7389,107389
32230425,98000,50267,148267
32230426,40350,26355,66705
32230427,65000,5589,70589
32230429,11400,256,11656
32230430,38000,981,38981
32230431,0,0,0
32230432,54500,58080,112580
32230433,5000,25877,30877
32230434,60000,3487,63487
32230435,35000,112,35112
32230436,37000,17577,54577
32230438,8000,79,8079
32230439,40000,10676,50676
32230440,25000,241815,266815
32230442,30000,8371,38371
32230444,50000,102525,152525
32230445,0,0,0
32230446,40000,53168,93168
32230447,0,461219,461219
32230450,50000,83265,133265
32230452,44000,87347,131347
32230453,50000,68252,118252
32230454,45000,197,45197
32230455,90000,68547,158547
32230456,60000,97287,157287
32230457,100000,37045,137045
32230458,26400,137978,164378
32230459,26300,3151,29451
32230460,58000,60647,118647
32230461,0,26967,26967
32230462,0,995,995
32230463,10000,114970,124970
32230465,79000,54479,133479
32230466,90000,140206,230206
32230467,0,95730,95730
32230468,80000,14646,94646
32230469,73000,110119,183119
32230471,109000,151,109151
32230472,0,98768,98768
32230473,153000,166661,319661
32230476,155000,163251,318251
32230477,65500,313,65813
32230478,72437,78071,150508
32230481,12000,127424,139424
32230482,82000,867,82867
32230483,51000,250,51250
32230484,0,75070,75070
32230485,100000,36159,136159
32230486,100000,63000,163000
32230487,67000,37933,104933
32230488,26000,1818,27818
32230489,20000,53228,73228
32230490,14000,18375,32375
32230491,75000,26506,101506
32230492,0,122212,122212
32230493,150070,70790,220860
32230494,20000,175233,195233
32230495,29000,46285,75285
32230496,79000,508,79508
32230498,60105,58066,118171
32230499,0,177000,177000
32230500,149700,61000,210700
32230502,90000,11182,101182
32230503,25000,105573,130573
32230504,20000,57315,77315
32230505,50500,8413,58913
32230506,57000,427,57427
32230507,75000,97391,172391
32230509,40000,31808,71808
32230510,76953,116942,193895
32230511,0,139239,139239
32230512,95000,153542,248542
32230513,0,0,0
32230514,70000,90550,160550
32230515,63366,46615,109981
32230516,10000,14000,24000
32230517,60000,61725,121725
32230518,0,38004,38004
32230519,90000,258000,348000
32230520,62059,437,62496
32230521,70635,5640,76275
32230522,86000,975,86975
32230523,49384,401925,451309
32230525,129145,56872,186017
32230526,0,0,0
32230527,0,0,0
32230529,92000,45879,137879
32230530,41600,39812,81412
32230532,0,0,0
32230533,0,477,477
32230534,130000,10681,140681
32230535,60180,6592,66772
32230536,0,60380,60380
32230537,22236,34040,56276
32230538,0,0,0
32230539,66000,467,66467
32230540,124000,234894,358894
32230541,76000,5325,81325
32230542,80000,253898,333898
32230543,50000,53223,103223
32230544,49000,70728,119728
32230546,65000,61120,126120
32230547,90000,111869,201869
32230548,98640,438145,536785
32230549,0,0,0
32230550,20000,131355,151355
32230551,75000,13630,88630
32230552,118258,121369,239627
32230553,40000,167193,207193
32230554,0,45766,45766
32230555,0,0,0
32230556,56500,140540,197040
32230557,47000,488,47488
32230558,40057,68613,108670
32230559,0,0,0
32230560,11000,284,11284
32230561,39240,363136,402376
32230562,9000,889,9889
32230563,0,79360,79360
32230564,25000,52017,77017
32230566,71000,67974,138974
32230567,0,24272,24272
32230570,15000,101592,116592
32230571,0,0,0
32230572,87441,210,87651
32230573,27000,3351,30351
32230576,0,0,0
32230577,90000,16216,106216
32230578,0,211607,211607
32230579,0,3212,3212
32230580,25000,14643,39643
32230581,30000,33307,63307
32230583,4890,0,4890
32230584,1000,98378,99378
32230586,18191,10437,28628
32230587,60000,14306,74306
32230588,6535,86054,92589
32230590,50360,111302,161662
32230591,0,59702,59702
32230592,90000,85778,175778
32230593,22471,1016,23487
32230594,30000,40294,70294
32230595,35035,93858,128893
32230597,0,55079,55079
32230598,0,41836,41836
32230599,85210,1290,86500
32230600,83000,26919,109919
32230602,45000,63810,108810
32230603,58500,574,59074
32230604,54000,127000,181000
32230605,0,3900,3900
32230606,0,32418,32418
32230607,0,99286,99286
32230608,33000,132,33132
32230609,0,0,0
32230610,37000,50,37050
32230611,0,0,0
32230614,36000,169,36169
32230615,0,234,234
32230617,0,140,140
32230618,0,186,186
32230619,80325,9678,90003
32230620,0,2042,2042
32230621,98500,13825,112325
32230622,37500,337,37837
32230623,50000,1442,51442
32230624,0,1252,1252
32230625,90500,17522,108022
32230626,0,44410,44410
32230627,0,56202,56202
32230628,44000,497,44497
32230629,0,108761,108761
32230630,100000,5368,105368
32230632,44500,147,44647
32230633,20000,2697,22697
32230634,0,0,0
32230635,0,169545,169545
32230636,2394,419,2813
32230637,34000,2966,36966
32230640,0,0,0
32230641,43000,4718,47718
32230643,50000,40184,90184
32230647,18000,562,18562
32230649,100000,127250,227250
32230650,0,0,0
32230651,52500,39016,91516
32230652,50000,32045,82045
32230653,0,0,0
32230654,20070,106857,126927
32230655,230000,125799,355799
32230656,76000,365,76365
32230657,130723,116915,247638
32230658,20000,2294,22294
32230659,50000,186055,236055
32230660,35000,160,35160
32230662,0,0,0
32230663,0,0,0
32230664,10000,19053,29053
32230665,0,26741,26741
32230666,19000,59175,78175
32230667,40000,64928,104928
32230668,40000,5109,45109
32230669,842,0,842
32230670,4490,559,5049
32230671,11400,39468,50868
32230672,49100,50407,99507
32230673,66279,2187,68466
32230674,23567,70198,93765
32230675,0,48814,48814
32230677,45000,1677,46677
32230678,94900,31245,126145
32230679,43000,34964,77964
32230680,72838,50264,123102
32230681,45500,8419,53919
32230682,10000,64321,74321
32230683,0,0,0
32230684,82000,115803,197803
32230685,93000,2507,95507
32230687,13224,112195,125419
32230688,30035,79424,109459
32230689,36000,500,36500
32230692,45000,71519,116519
32230693,0,559,559
32230694,83000,20462,103462
32230695,70000,4640,74640
32230696,35000,4473,39473
32230698,3379,36408,39787
32230699,56000,48988,104988
32230701,0,0,0
32230702,40000,130636,170636
32230704,24000,54768,78768
32230707,35000,53969,88969
32230708,16000,258,16258
32230710,25000,23942,48942
32230712,215000,85610,300610
32230713,0,469217,469217
32230714,40000,15255,55255
32230715,75687,0,75687
32230717,100000,6034,106034
32230718,78000,93711,171711
32230719,11500,195379,206879
32230721,0,0,0
32230722,22000,227345,249345
32230723,0,0,144850
32230725,0,0,0
32230727,31591,51839,83430
32230728,36387,0,36387
32230730,42035,205,42240
32230731,97378,15211,112589
32230733,45000,112,45112
32230736,0,41827,41827
32230737,0,432,432
32230738,80035,9823,89858
32230748,79125,6300,85425
32230750,60035,63577,123612
32230751,0,34677,34677
32230752,80700,176136,256836
32230753,93374,97001,190375
32230754,24500,26029,50529
32230755,140000,232219,372219
32230756,130000,226385,356385
32230757,118035,289662,407697
32230758,146000,40245,186245
32230759,0,96605,96605
32230761,0,14683,14683
32230762,10035,52533,62568
32230763,0,0,0
32230764,64000,16170,80170
32230765,78000,1094,79094
32230766,50000,80000,130000
32230768,48535,58408,106943
32230769,0,0,0
32230770,28000,33000,61000
32230771,30000,71528,101528
32230772,20000,1553,21553
32230773,25000,20016,45016
32230774,75035,15404,90439
32230775,83121,500,83621
32230776,0,0,0
32230777,73000,10106,83106
32230778,55000,45091,100091
32230779,25000,727,25727
32230780,49000,4780,53780
32230781,21000,54704,75704
32230782,55000,4400,59400
32230783,63000,1337,64337
32230786,36105,41,36146
32230788,85000,25223,110223
32230789,84035,2869,86904
32230790,0,0,0
32230791,51000,538,51538
32230792,53000,17961,70961
32230794,39610,14011,53621
32230795,19078,62661,81739
32230902,13000,43242,56242
32230903,20000,49454,69454
32230912,110000,543,110543
32230913,54035,56880,110915
32230914,21000,296,21296
32230967,100890,488,101378
32230968,59350,43754,103104
32310001,133000,2000,135000
32310002,59122,664882,724004
32310003,143500,1500,145000
32310004,0,0,0
32310005,199499,978093,1177592
32310006,92854,957817,1050671
32310007,93791,267099,360890
32310008,256244,950568,1206812
32310009,0,0,0
32310010,201445,831915,1033360
32310011,378956,909758,1288714
32310012,337972,426701,764673
32310013,71144,1083600,1154744
32310014,237200,886,238086
32310015,81500,983,82483
32310016,42400,144,42544
32310017,111579,118160,229739
32310018,163585,40222,203807
32310019,90110,179745,269855
32310020,0,1212178,1212178
32310021,55315,531330,586645
32310022,27435,619112,646547
32310023,150175,493487,643662
32310024,86672,299508,386180
32310025,132000,731768,863768
32310026,170000,10000,180000
32310027,100000,1163332,1263332
32310028,125442,100,125542
32310029,158500,1000,159500
32310030,113648,938875,1052523
32310031,62570,129872,192442
32310032,273738,932612,1206350
32310033,301486,827251,1128737
32310038,20250,26308,46558
32310040,212931,40181,253112
32310044,87710,497017,584727
32310046,30000,692400,722400
32310047,0,82689,82689
32310048,44900,446281,491181
32310049,83191,411044,494235
32310051,160000,4354,164354
32310052,40000,26718,66718
32310053,100000,25396,125396
32310055,72000,422893,494893
32310056,155152,72246,227398
32310057,56750,115929,172679
32310059,30824,1176,32000
32310060,80000,903696,983696
32310061,65000,2430,67430
32310063,41694,4800,46494
32310066,23835,64316,88151
32310069,43982,935648,979630
32310070,25000,266066,291066
32310071,65000,23000,88000
32310073,194600,1085200,1279800
32310074,119500,822014,941514
32310075,70000,1075094,1145094
32310076,90000,87099,177099
32310077,176776,141308,318084
32310078,35000,11827,46827
32310082,333716,1084630,1418346
32310084,99467,112283,211750
32310085,56250,24344,80594
32310087,114950,24478,139428
32310088,129000,19052,148052
32310089,81989,27038,109027
32310090,90000,876426,966426
32310091,103130,423280,526410
32310092,47735,449618,497353
32310093,70000,587970,657970
32310095,50000,913077,963077
32310097,19046,632394,651440
32310098,72000,451244,523244
32310100,73782,14772,88554
32310101,26100,531186,557286
32310102,90000,784418,874418
32310103,23004,871661,894665
32310109,64928,223262,288190
32310112,175000,973302,1148302
32310114,0,109513,109513
32310115,91148,854365,945513
32310116,290,463306,463596
32310118,0,650969,650969
32310121,88743,16255,104998
32310124,44200,458692,502892
32310126,79900,178300,258200
32310128,29700,137597,167297
32310130,41064,60376,101440
32310131,0,510921,510921
32310132,50000,42677,92677
32310133,220000,48997,268997
32310134,15648,1097521,1113169
32310135,35000,717491,752491
32310138,162000,806654,968654
32310140,45000,889339,934339
32310141,27600,723517,751117
32310144,7650,953397,961047
32310148,53000,10658,63658
32310149,135275,916575,1051850
32310150,24000,105877,129877
32310151,47000,17957,64957
32310152,85000,20810,105810
32310153,88000,117090,205090
32310154,69700,46287,115987
32310156,61391,90762,152153
32310157,71000,144403,215403
32310158,26574,502164,528738
32310159,57747,499645,557392
32310160,185716,875860,1061576
32310161,46277,570878,617155
32310162,168000,455604,623604
32310163,0,85058,85058
32310164,52030,34340,86370
32310165,60000,926461,986461
32310166,174000,9386,183386
32310167,51083,5669,56752
32310168,120000,2796,122796
32310169,43714,51660,95374
32310170,34000,39488,73488
32310172,51713,41175,92888
32310173,125000,123958,248958
32310174,29500,25693,55193
32310175,23000,415642,438642
32310176,145000,22610,167610
32310177,80000,62979,142979
32310178,0,78354,78354
32310180,86000,453560,539560
32310181,44000,675014,719014
32310182,49000,48630,97630
32310183,240000,15363,255363
32310184,20000,68518,88518
32310187,25000,70431,95431
32310188,20000,118275,138275
32310189,95000,17465,112465
32310190,57000,7463,64463
32310191,40000,61254,101254
32310192,118000,23387,141387
32310193,70000,419942,489942
32310194,25500,13898,39398
32310195,35000,5000,40000
32310196,45500,1126,46626
32310197,0,1382630,1382630
32310198,47000,109879,156879
32310200,15700,76,15776
32310201,30000,60708,90708
32310202,48421,6632,55053
32310204,68000,3733,71733
32310205,14000,18000,32000
32310206,50000,556696,606696
32310207,50000,67937,117937
32310208,0,124838,124838
32310210,40000,45949,85949
32310213,185000,1270331,1455331
32310214,19005,901074,920079
32310215,45000,1125602,1170602
32310216,75852,44334,120186
32310217,68665,13104,81769
32310218,152967,841132,994099
32310219,122777,118954,241731
32310220,116250,411345,527595
32310221,96969,863579,960548
32310222,108096,78180,186276
32310223,70000,906910,976910
32310225,145130,416088,561218
32310226,55000,61858,116858
32310227,70000,417000,487000
32310228,76545,53526,130071
32310229,42216,98001,140217
32310230,12000,83789,95789
32310231,130000,33000,163000
32310232,48000,521792,569792
32310233,75000,41005,116005
32310234,49800,181055,230855
32310235,96000,870000,966000
32310236,65000,51174,116174
32310237,20982,473649,494631
32310238,0,1143684,1143684
32310239,88000,410307,498307
32310241,0,942717,942717
32310243,80580,982380,1062960
32310246,136175,764,136939
32310247,0,112499,112499
32310251,3868,687366,691234
32310252,0,0,0
32310258,0,0,0
32310259,98600,976772,1075372
32310261,95000,812141,907141
32310263,49000,1107345,1156345
32310267,57818,31309,89127
32310270,80000,413163,493163
32310274,45000,949262,994262
32310275,25000,887038,912038
32310300,101313,51015,152328
32310301,31000,128643,159643
32310302,70000,93540,163540
32310303,228300,585626,813926
32310305,0,632380,632380
32310306,0,114498,114498
32310307,28000,1000,29000
32310308,79500,389598,469098
32310309,35000,476673,511673
32310312,41000,62339,103339
32310313,0,75430,75430
32310314,110000,851000,961000
32310315,15000,59215,74215
32310316,52686,1048083,1100769
32310317,63000,86280,149280
32310319,80000,878453,958453
32310320,0,60133,60133
32320001,0,562448,562448
32320002,0,0,0
32320005,0,0,0
32320006,0,0,0
32320007,0,0,0
32320008,0,0,0
32320009,313728,279,314007
32320010,616313,870431,1486744
32320011,238535,103059,341594
32320012,0,0,0
32320013,141328,526797,668125
32320014,84655,294779,379434
32320015,412162,0,412162
32320016,216000,410424,626424
32320017,0,0,0
32320018,395126,428884,824010
32320021,0,0,0
32320022,334737,62480,397217
32320023,0,22,22
32320024,175804,411920,587724
32320025,300687,900303,1200990
32320027,0,800000,800000
32320028,200979,5268,206247
32320029,0,394168,394168
32320030,0,0,0
32320031,325756,410983,736739
32320032,0,250659,250659
32320033,361754,4398,366152
32320034,0,712000,712000
32320035,348194,211617,559811
32320036,0,0,0
32320037,0,12000,12000
32320038,20262,267783,288045
32320039,0,0,0
32320040,100000,50000,150000
32320041,79459,18103,97562
32320042,0,0,0
32320043,50000,99701,149701
32320044,70000,35422,105422
32320045,255000,1762151,2017151
32320046,99500,108185,207685
32320047,164494,21368,185862
32320048,82000,110,82110
32320049,386290,1518896,1905186
32320050,0,0,0
32320051,162457,954217,1116674
32320052,223500,606,224106
32320053,300000,951934,1251934
32320054,390000,35645,425645
32320055,80000,414475,494475
32320056,0,824228,824228
32320057,350742,494858,845600
32320058,24270,218150,242420
32320059,50000,343544,393544
32320060,120000,392009,512009
32320061,27000,1162447,1189447
32320062,69672,1103756,1173428
32320063,0,343584,343584
32320064,31605,139165,170770
32320065,75035,42250,117285
32320066,208000,50058,258058
32320067,199101,41248,240349
32320068,130000,127515,257515
32320069,0,4109908,4109908
32320070,300464,903708,1204172
32320072,176160,538531,714691
32320073,75000,56780,131780
32320074,50000,21878,71878
32320075,40000,1320198,1360198
32320076,0,822666,822666
32320077,66000,897,66897
32320078,550000,282592,832592
32320080,110000,1218622,1328622
32320081,200000,1181344,1381344
32320082,200000,920394,1120394
32320083,877802,634057,1511859
32320084,0,0,0
32320085,223025,351873,574898
32320086,150000,19000,169000
32320087,166600,797,167397
32320089,130000,21750,151750
32320090,47500,141,47641
32320093,48000,540966,588966
32320094,70000,43011,113011
32320096,0,546986,546986
32320097,68759,846,69605
32320098,20000,126080,146080
32320099,122000,102377,224377
32320100,75000,37011,112011
32320101,50000,27589,77589
32320102,10262,37738,48000
32320103,82000,2075,84075
32320104,120000,194,120194
32320105,105886,57555,163441
32320108,50000,94668,144668
32320109,40000,514137,554137
32320110,55245,424,55669
32320111,0,38051,38051
32320113,30000,58565,88565
32320114,102000,29717,131717
32320115,92000,827721,919721
32320116,55000,2932,57932
32320118,71000,1910,72910
32320119,104,513782,513886
32320121,121145,412077,533222
32320123,98100,1078,99178
32320124,206000,120126,326126
32320125,54000,819,54819
32320129,110000,410727,520727
32320130,50000,30215,80215
32320131,162000,804925,966925
32320133,76000,469255,545255
32320134,60865,17434,78299
32320135,65000,30644,95644
32320137,0,150450,150450
32320139,30000,26046,56046
32320140,105000,22043,127043
32320141,123938,0,123938
32320142,49000,20000,69000
32320144,62211,475,62686
32320146,28000,84850,112850
32320147,232000,50451,282451
32320148,90000,430865,520865
32320149,40060,22507,62567
32320151,150580,17739,168319
32320153,10000,72893,82893
32320154,100185,336,100521
32320155,0,0,0
32320156,104500,218,104718
32320157,111000,293,111293
32320158,25000,66022,91022
32320159,30185,448194,478379
32320160,46000,526,46526
32320161,76275,31,76306
32320162,150000,3918,153918
32320163,40000,74550,114550
32320165,88700,100,88800
32320168,196390,1197611,1394001
32320169,144300,107450,251750
32320170,48000,3968,51968
32320171,44093,2389,46482
32320174,0,124629,124629
32320175,49000,954372,1003372
32320176,110070,132264,242334
32320180,60000,76568,136568
32320182,159300,110981,270281
32320183,30000,258496,288496
32320184,70000,420172,490172
32320186,31000,17345,48345
32320188,40000,178000,218000
32320190,65000,751,65751
32320195,25000,38602,63602
32320197,80000,51555,131555
32320200,164000,1027858,1191858
32320203,78000,36167,114167
32320204,100000,894707,994707
32320207,14570,131395,145965
32320208,15000,84224,99224
32320211,23000,2000,25000
32320212,75430,9350,84780
32320213,59535,784,60319
32320216,37820,47000,84820
32320217,31000,488178,519178
32320218,160000,16349,176349
32320219,115080,905680,1020760
32320220,168000,20918,188918
32320224,45000,18400,63400
32320226,46000,848617,894617
32320227,0,947559,947559
32320228,85580,45980,131560
32320229,78000,247,78247
32320231,69450,383,69833
32320232,40000,39406,79406
32320234,108000,840,108840
32320237,65194,731082,796276
32320240,23304,1022557,1045861
32320241,116030,21218,137248
32320242,100000,1009637,1109637
32320243,70000,61508,131508
32320244,100000,176759,276759
32320245,40000,64590,104590
32320246,0,172000,172000
32320247,57144,19515,76659
32320249,163176,381,163557
32320250,22168,498339,520507
32320252,90000,881684,971684
32320256,25000,38360,63360
32320257,60000,49288,109288
32320258,50070,41037,91107
32320262,8732,153651,162383
32320267,35,57509,57544
32320268,30070,62259,92329
32320270,21035,143834,164869
32320271,10000,106101,116101
32320272,70584,30,70614
32320273,74530,24867,99397
32320274,79453,781,80234
32320276,155000,20484,175484
32320278,104463,1001847,1106310
32320279,0,516950,516950
32320281,30000,189742,219742
32320282,140935,131791,272726
32320283,112035,3991,116026
32320284,82123,23000,105123
32320286,48070,86372,134442
32320288,75000,27743,102743
32320290,67035,10480,77515
32320293,130070,76635,206705
32320294,172415,383,172798
32320297,20000,52561,72561
32320298,84035,135966,220001
32320300,70035,1026,71061
32320301,30000,12278,42278
32320302,66000,211,66211
32320303,15500,660,16160
32320304,82400,134861,217261
32320306,30000,420,30420
32320307,98000,151283,249283
32320308,94714,12352,107066
32320309,20000,33771,53771
32320310,198302,13848,212150
32320311,36035,48964,84999
32320312,65000,1849,66849
32320313,35,316164,316199
32320315,54535,274,54809
32320316,20000,89704,109704
32320317,35,121499,121534
32320318,30000,54823,84823
32320319,85105,2253,87358
32320320,99000,66115,165115
32320322,75000,87040,162040
32320323,0,0,0
32320325,5200,28625,33825
32320327,86070,2387,88457
32320328,100000,910033,1010033
32320329,100000,412995,512995
32320330,250000,1096705,1346705
32320333,133000,0,133000
32320334,68239,15,68254
32320335,143000,21920,164920
32320336,90000,411915,501915
32320337,140000,939257,1079257
32320339,0,1088,1088
32320340,270939,11,270950
32320341,50000,6414,56414
32320345,62000,608,62608
32320347,105000,425801,530801
32320348,97000,822269,919269
32320349,100000,813405,913405
32320352,80800,63,80863
32320354,73000,412284,485284
32320355,30000,451125,481125
32320356,145000,822375,967375
32320358,143600,843500,987100
32320359,100000,533054,633054
32320360,90000,435834,525834
32320364,110000,1070,111070
32320366,35000,23548,58548
32320367,45000,68662,113662
32320372,92406,1350,93756
32320373,90000,9885,99885
32320374,60000,940,60940
32320375,100000,1015495,1115495
32320378,129000,14745,143745
32320379,78000,27212,105212
32320381,72000,17126,89126
32320382,73000,412833,485833
32320383,110000,29542,139542
32320384,80000,943781,1023781
32320385,69604,0,69604
32320387,103000,5300,108300
32320388,100000,432221,532221
32320389,140000,90959,230959
32320390,70000,859068,929068
32320391,28000,898,28898
32320392,0,48811,48811
32320393,90000,40238,130238
32320395,50000,873482,923482
32320396,98000,411818,509818
32320398,79000,264,79264
32320399,0,124404,124404
32320400,90070,84810,174880
32320401,76070,100078,176148
32320402,225384,101657,327041
32320403,0,71563,71563
32320404,60000,75939,135939
32320405,40105,128680,168785
32320406,0,0,0
32320410,65246,1224,66470
32320411,249070,27302,276372
32320413,100070,21602,121672
32320414,150000,2833,152833
32320416,100070,92311,192381
32320418,105000,411929,516929
32320419,35070,154679,189749
32320422,65000,10357,75357
32320423,24500,457661,482161
32320424,50000,529024,579024
32320425,84000,68592,152592
32320428,68418,0,68418
32320429,100000,25989,125989
32320430,120000,10951,130951
32320431,20105,97420,117525
32320432,90058,40963,131021
32320433,56811,411482,468293
32320435,17110,23747,40857
32320436,70070,12118,82188
32320437,48035,57236,105271
32320438,102000,831,102831
32320439,39500,369,39869
32320440,25000,123585,148585
32320441,50000,19296,69296
32320442,115290,2814,118104
32320443,0,400000,400000
32320444,30000,116155,146155
32320446,90000,42946,132946
32320447,30000,30546,60546
32320448,45000,51390,96390
32320449,87000,411607,498607
32320450,40000,523587,563587
32320451,0,93863,93863
32320452,71000,656,71656
32320453,50000,488506,538506
32320454,80000,8964,88964
32320455,57000,391,57391
32320456,117500,78,117578
32320458,149000,46544,195544
32320459,99832,113279,213111
32320460,73000,531,73531
32320461,78000,823191,901191
32320462,30000,479177,509177
32320464,50000,978190,1028190
32320465,80000,12454,92454
32320466,115000,3646,118646
32320467,122000,800,122800
32320468,117000,1783,118783
32320469,70000,499363,569363
32320470,25000,327139,352139
32320471,74000,132,74132
32320473,95000,49305,144305
32320474,0,520803,520803
32320475,0,432224,432224
32320476,110000,32638,142638
32320477,70000,53454,123454
32320478,21373,45000,66373
32320479,0,144470,144470
32320480,0,119205,119205
32320481,0,46178,46178
32320482,50000,77983,127983
32320484,70000,124985,194985
32320486,30000,8000,38000
32320488,0,109359,109359
32320492,85000,436112,521112
32320495,52200,24024,76224
32320497,364000,755000,1119000
32320498,200000,82704,282704
32320499,139500,1590,141090
32320500,0,63362,63362
32320501,64000,1733,65733
32320502,0,0,0
32320503,50000,802661,852661
32320504,232800,338,233138
32320506,50000,43162,93162
32320507,49000,929647,978647
32320508,70000,80546,150546
32320509,50000,3000,53000
32320510,20000,34393,54393
32320511,22000,1849,23849
32320512,23895,100,23995
32320513,45400,435,45835
32320514,29790,123,29913
32320515,79000,14853,93853
32320516,112790,862902,975692
32320518,80000,430300,510300
32320519,85000,825005,910005
32320520,74080,411615,485695
32320521,112000,682,112682
32320523,100070,101924,201994
32320524,60000,5329,65329
32320526,100000,40000,140000
32320529,65282,251,65533
32320530,100000,91728,191728
32320531,100000,830403,930403
32320532,0,0,0
32320533,0,46504,46504
32320534,42000,22278,64278
32320539,69035,140643,209678
32320541,133285,823565,956850
32320542,138000,290,138290
32320544,44000,659,44659
32320547,103302,452400,555702
32320548,150000,1750,151750
32320549,44000,444,44444
32320550,70000,7592,77592
32320551,69580,9963,79543
32320552,100000,836689,936689
32320554,0,38340,38340
32320555,0,884378,884378
32320556,50000,3700,53700
32320557,60700,300,61000
32320558,53128,285,53413
32320559,0,83805,83805
32320560,110000,530049,640049
32320561,0,392301,392301
32320563,20000,102233,122233
32320564,100000,86524,186524
32320565,50776,10000,60776
32320566,83700,10013,93713
32320567,60121,89067,149188
32320568,38000,11920,49920
32320569,74952,25035,99987
32320571,25000,77964,102964
32320572,0,947726,947726
32320573,35000,102288,137288
32320574,97070,693,97763
32320575,75000,3600,78600
32320577,60000,132173,192173
32320578,43000,385000,428000
32320579,22500,462045,484545
32320580,63000,38379,101379
32320582,50000,91919,141919
32320583,126601,139523,266124
32320585,65000,428653,493653
32320586,100000,327676,427676
32320587,70000,445007,515007
32320588,0,44000,44000
32320589,100000,48762,148762
32320590,150000,50757,200757
32320591,25000,52399,77399
32320593,130000,365,130365
32320594,31394,61735,93129
32320595,185000,57808,242808
32320596,200000,22696,222696
32320598,400000,148785,548785
32320601,50000,137404,187404
32320603,160000,107245,267245
32320604,22000,474,22474
32320605,26070,134743,160813
32320606,35000,41802,76802
32320607,45000,60988,105988
32320608,110000,1058533,1168533
32320609,44000,70171,114171
32320610,127900,600,128500
32320611,65035,1117,66152
32320612,65105,907311,972416
32320613,85000,398,85398
32320614,77500,59,77559
32320615,82881,600969,683850
32320617,0,641817,641817
32320619,50000,484560,534560
32320620,135000,583610,718610
32320621,75000,7232,82232
32320623,94000,947,94947
32320624,80290,40163,120453
32320625,73500,10044,83544
32320626,70000,479000,549000
32320627,45000,39804,84804
32320630,170000,1457,171457
32320631,90000,97002,187002
32320634,74000,876,74876
32320635,40061,7270,47331
32320636,50000,58136,108136
32320637,51000,516,51516
32320638,0,0,0
32320640,0,0,0
32320641,0,421786,421786
32320642,52000,421,52421
32320643,0,0,0
32320644,0,0,0
32320646,0,0,0
32320647,0,44847,44847
32320648,0,0,0
32320649,0,0,0
32320650,130000,14342,144342
32320651,61000,13000,74000
32320652,60874,656,61530
32320653,0,0,0
32320654,0,0,0
32320655,0,0,0
32320658,26550,737,27287
32320659,0,0,0
32320662,100262,527721,627983
32320666,21278,107193,128471
32320667,40000,862059,902059
32320669,58500,166,58666
32320670,0,0,0
32320671,28000,973987,1001987
32320673,0,0,0
32320674,130000,902537,1032537
32320675,0,1021733,1021733
32320676,0,0,0
32320677,0,1128175,1128175
32320680,0,0,0
32320681,80975,458531,539506
32320683,47997,1072675,1120672
32320686,66000,412000,478000
32320687,95000,819618,914618
32320688,40060,692,40752
32320690,46800,0,46800
32320691,80000,372575,452575
32320694,25000,29940,54940
32320695,0,0,0
32320698,0,0,0
32320700,86542,981417,1067959
32320701,74911,15000,89911
32320702,36604,29740,66344
32320704,0,0,0
32320705,85000,959698,1044698
32320706,78000,410490,488490
32320707,44500,41078,85578
32320708,0,0,0
32320709,63500,440,63940
32320710,0,0,0
32320711,0,0,0
32320713,35000,20989,55989
32320714,0,0,0
32320715,71000,466697,537697
32320716,0,0,0
32320717,100000,526847,626847
32320719,42070,107218,149288
32320721,91532,22499,114031
32320722,25000,6000,31000
32320723,25000,2500,27500
32320724,0,0,0
32320728,0,560944,560944
32320729,70000,6976,76976
32320731,0,0,0
32320732,0,0,0
32320736,50000,34939,84939
32320738,120000,865292,985292
32320739,0,0,0
32320740,0,0,0
32320741,48000,1050014,1098014
32320743,66964,29570,96534
32320744,20000,645407,665407
32320749,65000,2000,67000
32320750,0,0,0
32320751,40000,968201,1008201
32320752,103198,50510,153708
32320754,0,0,0
32320755,40000,8000,48000
32320756,215300,839864,1055164
32320759,0,0,0
32320763,151360,831052,982412
32320764,52000,114,52114
32320765,74419,6662,81081
32320766,0,0,0
32320769,0,0,0
32320771,125800,13,125813
32320772,25000,20000,45000
32320774,65000,9803,74803
32320775,0,0,0
32320777,150000,888446,1038446
32320778,0,33153,33153
32320779,0,0,0
32320780,48000,20370,68370
32320781,0,0,0
32320782,147000,827342,974342
32320784,49000,56368,105368
32320785,8030,74497,82527
32320786,0,0,0
32320787,0,0,0
32320788,0,0,0
32320790,64000,9571,73571
32320792,0,0,0
32320793,0,0,0
32320794,0,0,0
32320796,69035,975,70010
32320797,155000,815780,970780
32320798,73000,300,73300
32320799,204425,15508,219933
32320800,97080,148,97228
32320801,0,0,0
32320803,75000,838149,913149
32320804,0,823600,823600
32320805,123054,6,123060
32320806,0,0,0
32320807,0,0,0
32320808,0,0,0
32320809,35000,43049,78049
32320810,0,0,0
32320811,70000,402507,472507
32320813,0,0,0
32320814,86000,199,86199
32320816,109000,820199,929199
32320817,0,0,0
32320819,30000,1354657,1384657
32320825,152071,878931,1031002
32320826,31097,39309,70406
32320828,0,0,0
32320831,0,51840,51840
32320832,31000,1750,32750
32320833,0,85885,85885
32320834,35105,129889,164994
32320835,35,42397,42432
32320837,6535,1208,7743
32320839,31000,33482,64482
32320841,0,0,0
32320843,74000,33816,107816
32320844,0,9014,9014
32320845,40000,43016,83016
32320846,0,1310,1310
32320852,0,0,0
32320853,0,0,0
32320855,50000,627200,677200
32320856,45000,1015487,1060487
32320857,0,943316,943316
32320858,161000,822388,983388
32320859,42500,445853,488353
32320885,50000,540560,590560
32320886,62676,123,62799
32320887,30000,53393,83393
32320889,0,58513,58513
32320890,130000,89973,219973
32320891,100000,25325,125325
32320892,50000,660812,710812
32320894,0,523191,523191
32320895,0,0,0
32320896,40000,167321,207321
32320897,67560,20554,88114
32320898,69000,73732,142732
32320899,100000,882485,982485
32320900,169500,1030801,1200301
32320902,78000,2000,80000
32320903,33176,995006,1028182
32320905,0,0,0
32320906,0,65591,65591
32320907,105000,14856,119856
32320908,20000,37452,57452
32320909,76067,500,76567
32320910,664587,983561,1648148
32320911,75000,160510,235510
32320912,76000,409,76409
32320914,63441,20000,83441
32320915,45000,155556,200556
32320917,50000,12552,62552
32320918,60000,538741,598741
32320919,63745,30627,94372
32320923,138600,459199,597799
32320924,90000,800000,890000
32320925,0,1139047,1139047
32320926,225000,429294,654294
32320930,45210,48471,93681
32320931,31000,393,31393
32320932,106000,531,106531
32320933,130000,13623,143623
32320934,33035,21188,54223
32320935,75000,24468,99468
32320936,70070,45984,116054
32320939,40000,821989,861989
32320941,0,1025,1025
32320942,72000,999284,1071284
32320944,63000,427051,490051
32320946,10000,27423,37423
32320947,66390,51614,118004
32320948,0,97184,97184
32320950,37000,890663,927663
32320951,57000,35809,92809
32320952,52000,44155,96155
32320953,85000,32918,117918
32320955,29000,263,29263
32320956,110000,414,110414
32320957,50000,80129,130129
32320958,71325,9809,81134
32320961,112000,835321,947321
32320962,25000,26208,51208
32320963,150000,2667,152667
32320964,77140,455167,532307
32320966,50000,1608,51608
32330002,465871,997622,1463493
32330003,0,155708,155708
32330004,126500,87049,213549
32330005,0,0,0
32330006,0,1910,1910
32330007,135000,3368,138368
32330008,0,1392,1392
32330009,99230,72290,171520
32330010,410025,119,410144
32330011,113553,2489,116042
32330014,316789,848680,1165469
32330015,0,545940,545940
32330017,172861,197315,370176
32330019,0,821972,821972
32330021,378500,100000,478500
32330022,122100,63395,185495
32330023,0,389200,389200
32330024,298076,857031,1155107
32330025,638034,7404,645438
32330026,174332,1032100,1206432
32330027,187247,172392,359639
32330028,72595,52390,124985
32330029,341640,875076,1216716
32330030,259020,895770,1154790
32330031,622581,826426,1449007
32330032,188000,1626452,1814452
32330033,0,211503,211503
32330034,0,735953,735953
32330035,116139,200007,316146
32330037,771168,50798,821966
32330038,0,0,0
32330040,438540,1589956,2028496
32330041,57630,48734,106364
32330042,80000,1998,81998
32330043,100000,166609,266609
32330044,250000,1049521,1299521
32330045,106179,111979,218158
32330046,49500,705263,754763
32330047,95081,376510,471591
32330048,75213,930723,1005936
32330049,180000,968173,1148173
32330050,282595,177432,460027
32330051,629951,473,630424
32330052,449547,736,450283
32330053,440576,843677,1284253
32330054,70500,109471,179971
32330055,38500,59587,98087
32330056,43981,27837,71818
32330057,84532,31523,116055
32330058,62000,777,62777
32330060,55416,82133,137549
32330061,60000,1505266,1565266
32330062,115029,7474,122503
32330063,377983,123188,501171
32330064,60000,240165,300165
32330065,0,0,0
32330066,0,0,0
32330067,695604,942607,1638211
32330068,177330,865409,1042739
32330069,190000,72002,262002
32330070,155000,926370,1081370
32330071,150000,1003532,1153532
32330073,133213,71347,204560
32330074,50000,1131848,1181848
32330075,167300,170057,337357
32330076,100040,136629,236669
32330077,186490,4255,190745
32330078,350000,929118,1279118
32330079,189000,10411,199411
32330080,77000,513574,590574
32330081,403000,120491,523491
32330083,0,367032,367032
32330084,114000,821449,935449
32330085,201546,1192076,1393622
32330086,222000,4174,226174
32330087,216681,1750728,1967409
32330088,100000,48190,148190
32330089,0,965751,965751
32330090,100000,642183,742183
32330091,318800,822768,1141568
32330092,298120,215607,513727
32330093,104578,371286,475864
32330094,45000,50281,95281
32330095,40449,298007,338456
32330096,100000,1116595,1216595
32330097,15000,1304955,1319955
32330098,225000,1307391,1532391
32330099,0,1153446,1153446
32330100,160000,2390956,2550956
32330101,120000,220000,340000
32330102,275890,137475,413365
32330103,171228,74974,246202
32330104,60000,159703,219703
32330105,99000,3985,102985
32330106,55000,843049,898049
32330108,13000,156616,169616
32330109,20035,125550,145585
32330114,110070,972642,1082712
32330115,127213,423186,550399
32330116,91300,549533,640833
32330117,125000,10587,135587
32330118,173682,944263,1117945
32330119,260070,832340,1092410
32330120,60000,157571,217571
32330121,0,0,0
32330122,50035,163375,213410
32330123,133058,870941,1003999
32330124,40000,648,40648
32330125,41000,50124,91124
32330126,41200,31788,72988
32330128,0,0,463780
32330129,70000,46277,116277
32330130,0,0,0
32330132,30000,84734,114734
32330136,25500,1026,26526
32330138,22076,2664,24740
32330139,55000,4170,59170
32330140,0,1226361,1226361
32330141,0,1029799,1029799
32330142,67105,3765,70870
32330143,47000,44955,91955
32330144,146000,176250,322250
32330145,47105,196900,244005
32330147,128000,1110613,1238613
32330148,48035,576026,624061
32330150,42000,9156,51156
32330152,60000,1046818,1106818
32330153,145035,835231,980266
32330155,111408,1402179,1513587
32330156,0,413822,413822
32330157,22000,2212825,2234825
32330158,110000,63751,173751
32330160,76210,478716,554926
32330161,114000,918929,1032929
32330162,0,495192,495192
32330164,261070,510335,771405
32330165,32079,53701,85780
32330167,15000,35442,50442
32330169,174208,156027,330235
32330172,175580,958033,1133613
32330173,309906,823863,1133769
32330174,27000,74758,101758
32330175,35000,75859,110859
32330176,44600,132201,176801
32330177,18500,599575,618075
32330178,93058,883926,976984
32330179,104939,32091,137030
32330180,29000,489424,518424
32330181,65000,2605,67605
32330182,70000,471185,541185
32330184,0,10328,10328
32330185,50000,1135678,1185678
32330188,115000,490338,605338
32330189,61035,442818,503853
32330190,15035,436550,451585
32330191,96425,31161,127586
32330192,94140,886092,980232
32330193,136000,960471,1096471
32330194,15000,1198121,1213121
32330200,50000,17715,67715
32330206,16000,11555,27555
32330207,15000,38621,53621
32330209,253856,929096,1182952
32330211,70000,34276,104276
32330213,161856,160,162016
32330214,0,77166,77166
32330215,21299,65498,86797
32330216,158554,589555,748109
32330217,85000,284520,369520
32330219,50000,824230,874230
32330224,90000,2271,92271
32330226,209620,65729,275349
32330227,105810,444032,549842
32330230,75312,47347,122659
32330232,55070,30471,85541
32330234,154450,966,155416
32330241,57970,1012020,1069990
32330247,205000,956781,1161781
32330248,118000,108164,226164
32330251,0,0,0
32330252,0,164331,164331
32330256,45000,1060267,1105267
32330257,30000,575731,605731
32330258,50000,465267,515267
32330259,120000,200000,320000
32330263,50000,481798,531798
32330264,58500,189,58689
32330265,65000,105930,170930
32330266,75000,492058,567058
32330269,0,470788,470788
32330270,26222,69081,95303
32330271,71396,202813,274209
32330273,108290,795,109085
32330274,65000,424380,489380
32330275,14846,39574,54420
32330277,58000,99507,157507
32330278,0,0,0
32330279,116500,18700,135200
32330280,44750,512808,557558
32330281,55766,34704,90470
32330283,51000,15027,66027
32330284,65000,62232,127232
32330285,0,0,0
32330287,97638,852804,950442
32330288,20000,454638,474638
32330289,235635,445926,681561
32330290,73180,954056,1027236
32330292,459740,74832,534572
32330296,235000,935192,1170192
32330297,149500,932383,1081883
32330300,189500,933917,1123417
32330301,65726,48557,114283
32330302,30000,4421,34421
32330303,66000,100,66100
32330307,83040,527205,610245
32330308,97000,437607,534607
32330310,115213,183629,298842
32330311,241203,882732,1123935
32330312,83000,2555,85555
32330313,117000,875664,992664
32330314,169213,1000859,1170072
32330316,35500,140400,175900
32330317,25000,30000,55000
32330319,49000,222623,271623
32330320,122213,821915,944128
32330325,72388,1277,73665
32330326,215213,839497,1054710
32330327,186113,823246,1009359
32330328,94129,59162,153291
32330329,93000,1000462,1093462
32330330,80797,860559,941356
32330331,1800,494780,496580
32330332,48000,536636,584636
32330333,0,503964,503964
32330336,40000,1020583,1060583
32330340,90000,879730,969730
32330343,150000,960113,1110113
32330345,104493,852765,957258
32330346,123213,17341,140554
32330347,90213,785,90998
32330349,520745,1073452,1594197
32330350,141388,795668,937056
32330351,65213,41253,106466
32330355,80213,874111,954324
32330356,193781,1132061,1325842
32330357,100000,12543,112543
32330358,21000,256184,277184
32330360,44213,841144,885357
32330361,50127,1996,52123
32330362,71699,275015,346714
32330363,30035,34556,64591
32330364,170000,633325,803325
32330365,90000,412332,502332
32330366,94572,570890,665462
32330369,80000,429901,509901
32330370,72200,883,73083
32330372,100290,414361,514651
32330374,0,497683,497683
32330375,0,0,0
32330377,111729,426013,537742
32330378,0,0,0
32330379,49000,130969,179969
32330380,90000,721546,811546
32330381,0,0,0
32330382,38550,145408,183958
32330383,65000,216026,281026
32330384,180994,14206,195200
32330385,22363,532007,554370
32330386,85000,195764,280764
32330388,133750,83269,217019
32330389,100000,486302,586302
32330391,56000,81684,137684
32330393,50000,153110,203110
32330395,37000,571,37571
32330396,90000,10067,100067
32330397,26000,470603,496603
32330398,147029,40825,187854
32330399,31000,85528,116528
32330400,70000,524533,594533
32330401,0,0,0
32330402,105058,434774,539832
32330403,74000,970,74970
32330406,90000,435226,525226
32330407,15000,58490,73490
32330408,80000,192248,272248
32330409,110000,830988,940988
32330410,90000,13602,103602
32330411,0,0,0
32330412,90000,430442,520442
32330413,0,0,0
32330414,60075,81117,141192
32330415,0,1022841,1022841
32330416,0,39804,39804
32330418,0,911289,911289
32330420,40000,161096,201096
32330421,0,40718,40718
32330422,35000,73892,108892
32330423,0,0,0
32330424,0,67800,67800
32330425,25870,123850,149720
32330426,0,0,0
32330429,0,34504,34504
32330430,9290,43088,52378
32330433,130000,35879,165879
32330436,50000,138716,188716
32330437,90000,813416,903416
32330438,70000,533707,603707
32330439,125000,504710,629710
32330440,55000,16998,71998
32330441,110000,524144,634144
32330444,93000,865,93865
32330445,90000,425287,515287
32330446,215580,2697,218277
32330447,70000,952474,1022474
32330448,222934,436615,659549
32330449,144539,42334,186873
32330450,115000,39281,154281
32330451,0,92707,92707
32330454,104000,163,104163
32330459,70420,61067,131487
32330461,110040,150093,260133
32330463,32500,9436,41936
32330468,67000,1473,68473
32330469,92000,8829,100829
32330470,0,141786,141786
32330471,0,0,0
32330475,2204,84068,86272
32330477,0,0,229044
32330480,137000,498648,635648
32330481,35000,72543,107543
32330482,80000,16216,96216
32330483,80000,13456,93456
32330485,40000,50366,90366
32330486,105000,420135,525135
32330487,165000,5068,170068
32330488,0,0,0
32330489,195000,75787,270787
32330492,64570,25278,89848
32330493,50000,64381,114381
32330494,0,713769,713769
32330495,24000,129,24129
32330496,90000,669083,759083
32330497,60290,884598,944888
32330498,0,510000,510000
32330500,150000,555974,705974
32330501,0,0,0
32330502,140000,14758,154758
32330503,143000,917,143917
32330504,130000,171396,301396
32330505,59414,34875,94289
32330506,50000,657308,707308
32330507,0,0,0
32330508,130290,99581,229871
32330509,52200,870329,922529
32330511,45000,23511,68511
32330512,64000,504399,568399
32330513,0,167063,167063
32330514,215000,124575,339575
32330517,140000,514016,654016
32330518,10000,338803,348803
32330519,95000,906551,1001551
32330520,178775,948852,1127627
32330521,0,0,0
32330522,80000,423251,503251
32330523,33000,73865,106865
32330524,155290,114891,270181
32330525,75000,42105,117105
32330526,0,84398,84398
32330527,132000,5789,137789
32330528,110000,9421,119421
32330530,115000,440751,555751
32330531,83000,1921,84921
32330533,0,0,0
32330534,0,0,0
32330538,12859,75462,88321
32330539,70000,855,70855
32330540,100000,20648,120648
32330541,210856,825475,1036331
32330542,30000,1105457,1135457
32330543,65000,104846,169846
32330544,200145,23483,223628
32330545,20000,1067777,1087777
32330547,50107,87500,137607
32330548,0,0,0
32330549,125713,1180973,1306686
32330551,80000,1173492,1253492
32330552,0,0,0
32330553,68000,60667,128667
32330555,140000,823645,963645
32330557,30000,27805,57805
32330559,25000,785096,810096
32330560,67414,12000,79414
32330565,0,70562,70562
32330568,0,450362,450362
32330569,0,0,0
32330571,93000,30572,123572
32330572,60000,400888,460888
32330573,100000,21593,121593
32330574,60000,12635,72635
32330575,0,0,0
32330576,250316,490229,740545
32330577,0,56000,56000
32330579,155000,429340,584340
32330581,0,121828,121828
32330582,15000,68349,83349
32330583,200000,1062970,1262970
32330584,40000,7099,47099
32330585,25000,37051,62051
32330586,7200,148836,156036
32330587,110000,762226,872226
32330588,179600,350071,529671
32330589,0,341618,341618
32330590,32000,1084476,1116476
32330591,451548,585645,1037193
32330593,180290,219706,399996
32330594,147000,184856,331856
32330595,25000,385495,410495
32330597,188929,667,189596
32330598,0,520735,520735
32330599,25000,71083,96083
32330600,50000,86965,136965
32330601,62000,1295,63295
32330603,40035,101467,141502
32330604,90000,696322,786322
32330605,100000,1901888,2001888
32330606,85000,178753,263753
32330607,223000,156912,379912
32330609,187602,134494,322096
32330610,48000,860,48860
32330611,25000,56404,81404
32330612,65000,11688,76688
32330613,0,530021,530021
32330614,50000,40957,90957
32330615,150000,362601,512601
32330616,30452,1000,31452
32330617,354000,1098766,1452766
32330618,27000,28991,55991
32330619,50000,100451,150451
32330622,109000,49038,158038
32330623,94,168227,168321
32330624,75035,268081,343116
32330625,0,488274,488274
32330627,122000,3100,125100
32330628,29000,425482,454482
32330631,65000,38127,103127
32330632,122000,3120,125120
32330633,88000,15001,103001
32330634,100000,68896,168896
32330636,0,74832,74832
32330637,93500,916477,1009977
32330640,160200,689179,849379
32330641,95000,399674,494674
32330642,82416,100,82516
32330643,43000,517,43517
32330646,70029,100023,170052
32330647,145050,221272,366322
32330648,90200,2,90202
32330649,10000,467596,477596
32330650,57000,416741,473741
32330654,81000,8093,89093
32330655,144040,430991,575031
32330656,95035,535114,630149
32330660,0,85809,85809
32330661,0,224949,224949
32330664,68133,35230,103363
32330665,0,0,0
32330666,28000,324,28324
32330667,199065,910640,1109705
32330668,30000,981762,1011762
32330670,0,470113,470113
32330673,15000,73365,88365
32330674,20041,28636,48677
32330675,50000,439889,489889
32330677,0,100,100
32330678,0,208,208
32330682,0,3678,3678
32330683,0,0,0
32330686,45000,424360,469360
32330688,0,0,0
32330690,30000,37148,67148
32330692,0,0,0
32330693,0,981191,981191
32330694,0,76325,76325
32330697,140000,5445,145445
32330698,69500,5430,74930
32330701,0,0,0
32330703,71790,822784,894574
32330704,63000,59,63059
32330706,0,0,0
32330707,79163,17881,97044
32330708,117911,821679,939590
32330709,145000,841115,986115
32330710,108213,9932,118145
32330712,82000,26957,108957
32330713,0,0,0
32330715,53500,1041,54541
32330717,35175,50684,85859
32330720,30000,23099,53099
32330721,70213,872556,942769
32330722,0,0,0
32330723,0,0,0
32330724,55000,428781,483781
32330726,48000,552372,600372
32330729,5000,82734,87734
32330730,140029,419398,559427
32330732,50000,3252,53252
32330735,50644,20470,71114
32330736,50000,20713,70713
32330737,100000,974209,1074209
32330738,20000,70420,90420
32330740,0,133370,133370
32330743,140000,760213,900213
32330744,79041,443578,522619
32330745,50000,856424,906424
32330746,30000,454475,484475
32330749,41000,31369,72369
32330750,35035,57765,92800
32330751,0,73252,73252
32330752,150000,1116560,1266560
32330753,147450,410899,558349
32330757,186000,683144,869144
32330758,50000,365,50365
32330759,0,119066,119066
32330761,85605,2457,88062
32330762,90000,419699,509699
32330765,28035,195671,223706
32330766,149430,486,149916
32330767,65000,925364,990364
32330768,85500,3622,89122
32330769,200911,856078,1056989
32330770,150000,13726,163726
32330771,119420,598,120018
32330774,31250,426204,457454
32330775,0,96675,96675
32330776,80000,376836,456836
32330777,289070,427922,716992
32330778,120035,591994,712029
32330779,0,0,0
32330780,186160,937550,1123710
32330781,115000,822604,937604
32330782,43000,20398,63398
32330783,53035,26,53061
32330787,119000,39710,158710
32330789,50041,452826,502867
32330790,20000,49447,69447
32330791,0,916162,916162
32330792,1014798,0,1014798
32330794,84647,2000,86647
32330796,38213,858930,897143
32330797,18520,95548,114068
32330800,108395,411294,519689
32330802,50468,0,50468
32330803,133315,80020,213335
32330804,304426,376019,680445
32330805,100065,1400,101465
32330806,74000,917,74917
32330807,47450,30,47480
32330808,52000,3185,55185
32330809,38000,367,38367
32340001,0,0,0
32340003,281565,44326,325891
32340006,162380,303,162683
32340007,435038,7736,442774
32340008,71473,6216,77689
32340009,630505,817,631322
32340010,0,1103,1103
32340012,212835,1080264,1293099
32340013,749548,822860,1572408
32340014,137786,242708,380494
32340015,0,0,0
32340016,103716,1675983,1779699
32340017,154463,30697,185160
32340018,101400,493750,595150
32340019,340000,1234990,1574990
32340020,115000,487535,602535
32340021,166500,471,166971
32340023,0,0,0
32340025,0,0,0
32340026,253500,288832,542332
32340028,45000,984867,1029867
32340029,0,0,0
32340031,20000,554987,574987
32340034,13700,647605,661305
32340036,97500,36638,134138
32340037,62000,39103,101103
32340038,21425,62981,84406
32340045,102244,285046,387290
32340047,27000,485327,512327
32340048,83500,959719,1043219
32340049,189450,841817,1031267
32340050,45000,753777,798777
32340051,150000,179444,329444
32340053,402086,54399,456485
32340054,15000,249134,264134
32340056,105000,1074832,1179832
32340057,24500,239337,263837
32340058,175000,809473,984473
32340061,65000,528614,593614
32340064,136864,5421,142285
32340066,102500,1000095,1102595
32340067,19370,1088624,1107994
32340068,144783,84334,229117
32340071,57454,552419,609873
32340072,30000,144425,174425
32340073,32000,54752,86752
32340075,0,0,0
32340079,121962,8380,130342
32340081,242000,562955,804955
32340082,61236,235163,296399
32340083,116401,130892,247293
32340084,0,0,0
32340085,9000,506472,515472
32340087,194289,175698,369987
32340088,108535,150773,259308
32340089,90070,92306,182376
32340090,26900,149558,176458
32340091,95169,193546,288715
32340093,0,0,0
32340095,56196,121130,177326
32340096,74840,95817,170657
32340097,18000,655027,673027
32340100,161690,204067,365757
32340101,70000,488895,558895
32340103,126530,989542,1116072
32340104,27000,233391,260391
32340107,93000,16308,109308
32340111,148402,116,148518
32340112,104000,855910,959910
32340113,130000,331870,461870
32340115,248000,905157,1153157
32340116,153000,4211,157211
32340120,75332,884069,959401
32340122,0,0,0
32340123,95000,821990,916990
32340124,66795,547708,614503
32340125,77000,968217,1045217
32340127,103879,866625,970504
32340130,198876,2726,201602
32340131,26443,184238,210681
32340135,105721,84354,190075
32340136,232,38283,38515
32340139,60000,517335,577335
32340140,6050,144673,150723
32340141,49118,1225311,1274429
32340142,0,1308967,1308967
32340143,130639,48448,179087
32340144,113300,485676,598976
32340146,74440,50971,125411
32340147,304183,71911,376094
32340148,139756,135829,275585
32340150,12000,225159,237159
32340151,0,416146,416146
32340152,20000,109451,129451
32340153,67000,966193,1033193
32340155,25000,351013,376013
32340157,20000,514610,534610
32340160,0,84421,84421
32340161,77090,306419,383509
32340164,3000,654219,657219
32340166,105000,288856,393856
32340167,30000,42626,72626
32340168,0,0,0
32340169,57000,427903,484903
32340170,0,294415,294415
32340172,108260,1353103,1461363
32340174,15000,1002600,1017600
32340175,0,0,0
32340176,15000,19500,34500
32340178,0,0,0
32340179,0,0,0
32340180,0,80962,80962
32340181,99640,56148,155788
32340182,50000,16766,66766
32340183,0,0,0
32340184,40000,329483,369483
32340186,0,0,0
32340187,0,242772,242772
32340188,103840,21766,125606
32340189,159400,254409,413809
32340190,40000,912571,952571
32340191,351800,951144,1302944
32340192,47000,3554,50554
32340193,0,0,0
32340195,118000,490727,608727
32340196,22000,41618,63618
32340197,74430,112521,186951
32340199,9000,152732,161732
32340200,0,0,0
32340202,0,724033,724033
32340204,22000,73266,95266
32340205,73000,303924,376924
32340208,0,0,0
32340209,50000,767848,817848
32340210,0,172,172
32340211,232000,143036,375036
32340212,95000,112293,207293
32340214,90000,290457,380457
32340216,110057,665441,775498
32340218,99000,60406,159406
32340219,177000,42583,219583
32340220,156000,45518,201518
32340221,0,0,0
32340223,100058,462717,562775
32340224,40000,61648,101648
32340225,85000,305,85305
32340226,165000,73560,238560
32340227,155000,407100,562100
32340228,5000,19778,24778
32340231,0,572265,572265
32340232,100000,1019,101019
32340233,143000,575940,718940
32340234,60000,2094,62094
32340236,0,71881,71881
32340238,228126,196890,425016
32340239,0,0,0
32340240,205000,67175,272175
32340241,183000,4353,187353
32340242,0,0,0
32340243,136000,2970,138970
32340244,30000,209964,239964
32340245,95000,139287,234287
32340246,280000,189116,469116
32340247,130000,78878,208878
32340248,0,0,0
32340249,0,0,0
32340250,54800,98589,153389
32340251,0,0,0
32340255,0,0,0
32340257,0,246975,246975
32340259,0,435,435
32340260,185000,821043,1006043
32340261,0,0,0
32340262,59000,6510,65510
32340263,36904,995773,1032677
32340264,4700,612908,617608
32340267,45500,83676,129176
32340269,35035,95070,130105
32340271,115256,339548,454804
32340272,18825,86040,104865
32340274,89000,411264,500264
32340277,21450,112948,134398
32340278,0,0,0
32340279,148000,55653,203653
32340284,0,0,0
32340285,111800,900669,1012469
32340286,16100,945708,961808
32340299,400000,1373825,1773825
32340300,100000,124,100124
32340301,0,0,0
32340302,20000,113507,133507
32340303,55000,32070,87070
32340307,0,0,0
32340309,148000,491888,639888
32340310,70177,102009,172186
32340311,0,0,0
32340313,0,55554,55554
32340314,132500,61997,194497
32340315,0,55358,55358
32340316,50000,54431,104431
32340317,60000,26731,86731
32340318,57218,29721,86939
32340319,0,0,0
32340320,30000,548680,578680
32340321,20000,41150,61150
32340322,45000,31494,76494
32340323,95395,145345,240740
32340324,4300,44270,48570
32340325,0,0,0
32340327,17000,147831,164831
32340328,50000,889983,939983
32340330,40000,166955,206955
32340331,261000,69546,330546
32340332,155000,452744,607744
32340333,74000,462338,536338
32340335,62000,963801,1025801
32340337,21278,988285,1009563
32340339,70000,902628,972628
32340341,63000,145747,208747
32340342,0,66000,66000
32340344,0,0,0
32340345,91000,92283,183283
32340347,0,29355,29355
32340349,0,68084,68084
32410002,263000,152000,415000
32410004,253531,188633,442164
32410005,259810,93583,353393
32410007,100000,126460,226460
32410009,424242,155894,580136
32410010,36131,658287,694418
32410011,140000,115012,255012
32410012,120000,18524,138524
32410013,0,149224,149224
32410014,96240,38634,134874
32410016,585891,5790,591681
32410017,491769,2078,493847
32410018,859657,498,860155
32410019,0,587138,587138
32410022,362510,201185,563695
32410023,100000,557090,657090
32410025,0,347476,347476
32410026,616143,40580,656723
32410027,72226,332359,404585
32410028,0,10639,10639
32410029,120058,132501,252559
32410030,198000,185804,383804
32410031,245000,76059,321059
32410033,120000,128270,248270
32410034,0,184712,184712
32410035,88500,77358,165858
32410038,0,141712,141712
32410039,98000,430885,528885
32410040,297000,53843,350843
32410041,299095,5087,304182
32410044,256225,250844,507069
32410045,253500,17,253517
32410047,0,0,0
32410048,121332,119299,240631
32410049,169500,32131,201631
32410050,0,216830,216830
32410051,0,231996,231996
32410055,0,209556,209556
32410057,286931,17374,304305
32410058,0,113106,113106
32410059,209073,1020462,1229535
32410063,112000,2356,114356
32410065,62372,21019,83391
32410066,60000,54348,114348
32410067,32500,295020,327520
32410068,70000,59970,129970
32410070,0,0,0
32410071,35000,97001,132001
32410072,38000,1974,39974
32410073,40000,72519,112519
32410075,48000,128195,176195
32410077,80000,74187,154187
32410080,87385,606452,693837
32410081,80000,780081,860081
32410083,0,119616,119616
32410085,30000,539529,569529
32410086,70035,942181,1012216
32410087,64000,419,64419
32410088,80000,4830,84830
32410089,36000,100564,136564
32410090,30000,87658,117658
32410091,50000,31383,81383
32410094,51000,464,51464
32410097,207000,97163,304163
32410099,86406,186761,273167
32410101,43000,3092,46092
32410104,136100,13221,149321
32410105,100315,56120,156435
32410108,75000,70288,145288
32410109,248160,705,248865
32410110,80000,58716,138716
32410119,80093,749819,829912
32410121,34319,25196,59515
32410122,108350,422,108772
32410123,51515,502279,553794
32410126,0,63155,63155
32410127,50000,936274,986274
32410130,34000,38958,72958
32410133,80000,125562,205562
32410134,80000,3064,83064
32410137,133757,0,133757
32410138,40000,75948,115948
32410139,90000,18025,108025
32410140,0,0,0
32410144,42000,23062,65062
32410145,87290,39098,126388
32410146,159790,82255,242045
32410150,200000,46681,246681
32410152,0,58350,58350
32410155,0,86806,86806
32410158,0,200901,200901
32410160,100000,5807,105807
32410161,72000,235,72235
32410162,40000,61728,101728
32410164,0,97056,97056
32410165,0,300121,300121
32410166,270350,72468,342818
32410167,0,226392,226392
32410168,41000,13360,54360
32410169,0,92063,92063
32410172,120000,85478,205478
32410173,44000,84,44084
32410175,99000,12840,111840
32410176,0,89599,89599
32410177,90000,8640,98640
32410181,45000,118065,163065
32410182,68000,979,68979
32410184,170000,22614,192614
32410188,0,179503,179503
32410191,0,125966,125966
32410192,137000,2305,139305
32410193,131000,1663,132663
32410194,78000,82723,160723
32410195,120000,49655,169655
32410202,50000,45536,95536
32410203,110000,237400,347400
32410204,0,1254819,1254819
32410205,120000,109218,229218
32410206,64350,495,64845
32410209,0,258681,258681
32410210,0,146890,146890
32410211,0,57128,57128
32410212,50000,75185,125185
32410213,0,0,0
32410214,120000,104649,224649
32410217,80000,161013,241013
32410218,0,149444,149444
32410219,70000,88009,158009
32410220,40000,29789,69789
32410223,0,77609,77609
32410224,82000,52244,134244
32410225,50000,63071,113071
32410227,0,238537,238537
32410228,52001,38186,90187
32410229,0,149749,149749
32410230,60000,96737,156737
32410231,30000,121060,151060
32410235,0,54803,54803
32410240,0,226529,226529
32410243,0,203368,203368
32410244,40000,21063,61063
32410245,125960,1164,127124
32410246,0,412049,412049
32410247,61000,348,61348
32410248,40000,48629,88629
32410249,61000,646,61646
32410253,150000,1997,151997
32410254,80000,75598,155598
32410255,40000,145400,185400
32410256,50000,912,50912
32410257,38000,709,38709
32410258,77654,822,78476
32410259,0,71259,71259
32410260,0,58948,58948
32410261,40000,19255,59255
32410264,50000,17358,67358
32410266,45000,9115,54115
32410267,50000,14961,64961
32410269,86000,600,86600
32410270,65680,9443,75123
32410271,50000,132095,182095
32410273,68300,353,68653
32410274,0,124861,124861
32410275,90000,16543,106543
32410278,40000,62085,102085
32410279,74000,500,74500
32410281,0,281909,281909
32410282,0,92000,92000
32410285,107338,812,108150
32410286,100000,25002,125002
32410287,0,200840,200840
32410288,80000,10504,90504
32410291,52480,29487,81967
32410292,99706,44148,143854
32410293,90000,41274,131274
32410294,50000,34118,84118
32410295,98015,123964,221979
32410298,174164,180197,354361
32410301,0,143381,143381
32410310,35000,8832,43832
32410312,0,170013,170013
32410314,0,82543,82543
32410315,0,97246,97246
32410318,0,142769,142769
32410320,0,181292,181292
32410321,0,142363,142363
32410322,0,105283,105283
32410326,68890,0,68890
32410327,0,311382,311382
32410328,115000,230237,345237
32410329,40000,74572,114572
32410330,50000,31043,81043
32410332,34000,80846,114846
32410337,37102,7233,44335
32410340,0,74822,74822
32410341,50000,6732,56732
32410342,0,0,0
32410343,120000,28883,148883
32410346,123000,13616,136616
32410347,0,74637,74637
32410348,80000,24536,104536
32410349,0,94647,94647
32410350,175000,497,175497
32410351,0,129799,129799
32410352,40000,84015,124015
32410354,0,0,0
32410358,0,0,0
32410359,50000,67894,117894
32410360,0,0,0
32410362,184000,9318,193318
32410364,0,0,0
32410368,0,62277,62277
32410369,19000,34341,53341
32410370,130000,1549,131549
32410371,110000,30388,140388
32410372,98000,341,98341
32410376,66000,772,66772
32410377,65000,801,65801
32410378,99228,90360,189588
32410383,50000,206500,256500
32410385,142000,135,142135
32410386,65000,410404,475404
32410389,0,207900,207900
32410390,182900,118217,301117
32410391,0,104003,104003
32410392,18000,150186,168186
32410393,124000,40185,164185
32410394,90000,75783,165783
32410395,0,681719,681719
32410396,150783,1007,151790
32410398,82486,100667,183153
32410399,0,90636,90636
32410400,95000,47411,142411
32410402,75000,101623,176623
32410403,123000,497,123497
32410406,80000,79274,159274
32410410,0,0,0
32410411,0,175971,175971
32410412,63300,296,63596
32410415,78000,326,78326
32410416,0,0,0
32410417,94000,4144,98144
32410420,113928,47950,161878
32410421,0,61625,61625
32410422,60000,87983,147983
32410423,102720,95041,197761
32410424,27000,50833,77833
32410428,0,451474,451474
32410429,85000,1627,86627
32410430,63000,237,63237
32410431,50000,51681,101681
32410434,0,223201,223201
32410435,47633,688,48321
32410437,0,67379,67379
32410439,0,92369,92369
32410442,0,155306,155306
32410443,83000,653,83653
32410450,113447,18895,132342
32410451,45000,18541,63541
32410453,58000,892,58892
32410455,80000,29613,109613
32410457,54570,253,54823
32410458,37000,211323,248323
32410460,80000,82558,162558
32410462,56000,1480,57480
32410466,81000,2710,83710
32410469,169000,1356,170356
32410470,0,0,0
32410475,50000,94100,144100
32410483,80000,9592,89592
32410484,0,134286,134286
32410486,0,84321,84321
32410488,87500,250,87750
32410489,60000,20902,80902
32410490,90000,540,90540
32410491,50000,13008,63008
32410492,0,111833,111833
32410496,0,0,0
32410497,70000,2086,72086
32410498,57500,466,57966
32410499,0,104530,104530
32410500,88000,277,88277
32410502,40000,23945,63945
32410503,120070,50650,170720
32410505,0,586000,586000
32410509,71000,986,71986
32410510,37000,305,37305
32410511,0,40447,40447
32410517,30000,21629,51629
32410518,86000,16015,102015
32410519,0,0,0
32410524,30000,30702,60702
32410528,50000,619,50619
32410535,0,64810,64810
32410536,45035,19759,64794
32410537,12000,66696,78696
32410538,65390,14812,80202
32410539,35000,26903,61903
32410541,0,5504,5504
32410542,12000,42545,54545
32410543,32000,17406,49406
32410544,85000,20530,105530
32410545,63000,3539,66539
32410546,43696,40000,83696
32410547,0,210,210
32410550,0,0,0
32410552,120000,106667,226667
32410553,121000,47855,168855
32410554,99000,1591,100591
32410556,40000,157005,197005
32410557,0,200484,200484
32410558,130000,391172,521172
32410559,80000,87472,167472
32410560,25000,117662,142662
32410562,0,126038,126038
32410564,73009,4238,77247
32410565,50000,127531,177531
32410566,80000,166197,246197
32410567,80000,833741,913741
32410568,0,53441,53441
32410569,0,216104,216104
32410570,0,0,0
32410571,0,109169,109169
32410572,0,183125,183125
32410574,50000,28432,78432
32410576,25835,61463,87298
32410580,40000,12103,52103
32410581,40000,78303,118303
32410582,88000,198471,286471
32410584,104044,1578,105622
32410585,124663,8321,132984
32420002,0,1919085,1919085
32420003,729290,194903,924193
32420004,309677,428796,738473
32420006,252600,209602,462202
32420008,266949,0,266949
32420009,0,0,0
32420011,210160,487,210647
32420012,56455,72720,129175
32420013,145454,299271,444725
32420014,427000,5000,432000
32420015,95000,98975,193975
32420016,55472,153076,208548
32420017,354000,15951,369951
32420018,357975,486963,844938
32420019,755207,339141,1094348
32420020,458150,44685,502835
32420021,237000,35508,272508
32420023,0,0,0
32420024,68805,463,69268
32420027,220000,6224,226224
32420028,300263,177000,477263
32420029,180000,7621,187621
32420030,370304,74517,444821
32420031,513902,62520,576422
32420032,0,0,0
32420033,211915,274404,486319
32420034,92000,31220,123220
32420036,7576,262190,269766
32420037,186544,1155,187699
32420038,308661,19313,327974
32420039,238290,44553,282843
32420040,219000,121838,340838
32420042,0,345013,345013
32420044,222817,389244,612061
32420045,216905,25,216930
32420047,0,229060,229060
32420049,221000,168,221168
32420068,22000,681,22681
32420074,90000,115088,205088
32420076,69000,473,69473
32420077,106287,1349621,1455908
32420078,112150,61556,173706
32420080,50000,16009,66009
32420081,0,0,0
32420083,0,62647,62647
32420084,61770,5272,67042
32420087,4400,126,4526
32420091,68000,38122,106122
32420092,60000,80601,140601
32420096,60000,901,60901
32420098,65000,16475,81475
32420100,50000,10449,60449
32420101,135000,1705,136705
32420102,90000,511674,601674
32420104,20000,121392,141392
32420105,79000,2773,81773
32420106,72000,967,72967
32420107,45000,9589,54589
32420108,37500,404,37904
32420109,80000,52506,132506
32420110,58500,384,58884
32420111,50200,3416,53616
32420112,37816,98679,136495
32420113,0,59143,59143
32420115,18000,28658,46658
32420116,0,129951,129951
32420117,60000,50581,110581
32420120,77000,55132,132132
32420122,61500,6677,68177
32420124,90000,41201,131201
32420126,54500,972,55472
32420129,90290,11710,102000
32420130,57150,1459,58609
32420131,85000,10010,95010
32420133,96000,818998,914998
32420134,30000,184700,214700
32420136,90000,393651,483651
32420137,70000,5402,75402
32420139,20000,49747,69747
32420143,49997,3396,53393
32420153,99300,222162,321462
32420154,99114,176254,275368
32420157,56684,153264,209948
32420169,124000,1442,125442
32420173,70000,60228,130228
32420175,128000,46086,174086
32420180,40000,38261,78261
32420185,113000,91554,204554
32420186,56000,105040,161040
32420187,50000,87997,137997
32420189,75000,18469,93469
32420196,110000,815512,925512
32420199,0,0,0
32420200,47013,561,47574
32420203,151510,15022,166532
32420204,74287,33737,108024
32420207,50000,945,50945
32420210,0,67103,67103
32420212,0,859,859
32420213,0,0,0
32420215,25000,26128,51128
32420217,100000,72262,172262
32420218,0,0,24525
32420220,123000,977,123977
32420221,34000,20184,54184
32420222,60000,566,60566
32420225,48000,32829,80829
32420226,63015,1001933,1064948
32420229,60000,7703,67703
32420233,145000,5892,150892
32420234,0,0,0
32420235,0,62669,62669
32420237,57000,7073,64073
32420241,0,0,0
32420247,71000,936,71936
32420249,35000,59367,94367
32420253,143000,361,143361
32420254,76000,113,76113
32420259,0,0,0
32420267,64238,447,64685
32420269,0,0,0
32420270,193000,118016,311016
32420271,88000,38114,126114
32420273,75500,525,76025
32420275,0,0,0
32420276,90000,261201,351201
32420277,45000,50534,95534
32420278,16000,324,16324
32420280,33000,96089,129089
32420283,90000,10877,100877
32420284,0,165559,165559
32420286,75000,5657,80657
32420287,279000,160621,439621
32420288,58000,52988,110988
32420289,0,0,0
32420290,49000,210114,259114
32420291,50000,36052,86052
32420292,45000,119182,164182
32420293,83000,7949,90949
32420295,120290,27425,147715
32420296,146000,435,146435
32420297,77000,68373,145373
32420303,62000,23800,85800
32420305,40000,27930,67930
32420306,50000,58384,108384
32420307,0,0,0
32420308,150000,181405,331405
32420309,35000,141533,176533
32420311,14800,105938,120738
32420312,12000,100322,112322
32420314,40000,59802,99802
32420315,82000,6540,88540
32420318,83000,11604,94604
32420320,0,0,0
32420322,25000,63125,88125
32420323,66000,217220,283220
32420326,0,74966,74966
32420327,33500,27245,60745
32420328,0,222901,222901
32420329,40000,82391,122391
32420330,0,143392,143392
32420331,216,135818,136034
32420332,70091,15277,85368
32420334,90000,68978,158978
32420335,96214,4977,101191
32420337,81844,51813,133657
32420338,0,46078,46078
32420339,50000,54332,104332
32420341,130000,32629,162629
32420343,156825,18227,175052
32420347,100000,2289,102289
32420348,118730,913,119643
32420349,0,0,0
32420355,30000,110415,140415
32420356,0,181980,181980
32420357,0,0,0
32420358,1467,85340,86807
32420359,97000,274,97274
32420361,0,0,0
32420362,0,0,0
32420363,0,0,0
32420364,98449,66666,165115
32420365,0,0,0
32420367,105780,16733,122513
32420368,0,0,0
32420371,120000,59994,179994
32420372,57000,1690,58690
32420373,30000,100011,130011
32420374,0,0,0
32420375,73393,66022,139415
32420378,0,60068,60068
32420379,0,0,0
32420381,76000,53272,129272
32420384,60000,22853,82853
32420385,0,0,0
32420386,46000,3623,49623
32420388,36000,51734,87734
32420390,30000,11292,41292
32420391,50000,42277,92277
32420392,43000,112530,155530
32420396,50000,110787,160787
32420397,20272,98100,118372
32420399,0,124953,124953
32420400,50943,70044,120987
32420401,65000,1084,66084
32420405,96000,89639,185639
32420406,126510,91383,217893
32420408,50000,175382,225382
32420411,0,0,0
32420414,61000,3718,64718
32420417,98097,4,98101
32420421,0,0,0
32420423,62655,64932,127587
32420424,97500,950,98450
32420427,40000,1299,41299
32420432,50000,77537,127537
32420434,28277,48527,76804
32420435,54800,81,54881
32420436,0,81005,81005
32420437,50000,113180,163180
32420444,90000,59013,149013
32420445,80398,31506,111904
32420447,95000,20925,115925
32420448,0,0,0
32420449,80000,2661,82661
32420452,32000,35171,67171
32420460,54000,307,54307
32420461,25000,48778,73778
32420462,77000,746,77746
32420463,140000,1096,141096
32420465,70000,729120,799120
32420468,68000,260,68260
32420470,0,0,0
32420471,125000,5481,130481
32420474,0,0,0
32420475,45000,4779,49779
32420476,140400,445,140845
32420479,9000,522,9522
32420480,2805,87570,90375
32420481,0,0,0
32420486,80500,713,81213
32420488,91000,46,91046
32420494,75862,95585,171447
32420497,22800,23,22823
32420499,64000,471,64471
32420504,52066,58448,110514
32420514,123000,481,123481
32420515,115000,6835,121835
32420519,70184,6454,76638
32420520,0,0,0
32420524,35000,11866,46866
32420551,0,152028,152028
32420553,183100,1840,184940
32420555,0,0,0
32420557,55000,101769,156769
32420558,72000,785,72785
32420560,69000,63230,132230
32420562,72029,118057,190086
32420571,0,0,0
32430004,351766,2087,353853
32430005,49064,54829,103893
32430006,294000,137701,431701
32430008,98000,100896,198896
32430009,282235,243559,525794
32430011,0,0,0
32430012,170927,180803,351730
32430013,160000,72195,232195
32430014,15000,252422,267422
32430015,200175,96998,297173
32430016,72722,332075,404797
32430018,289619,54431,344050
32430019,114000,5433,119433
32430023,92000,900,92900
32430024,50000,38145,88145
32430026,0,0,0
32430028,0,0,0
32430031,0,264170,264170
32430032,95000,790,95790
32430034,50000,38671,88671
32430036,0,96362,96362
32430039,40000,17141,57141
32430040,0,0,0
32430044,300000,194631,494631
32430046,58500,538,59038
32430047,50000,20648,70648
32430048,70000,20363,90363
32430050,42000,911,42911
32430052,0,0,0
32430053,0,0,0
32430057,0,144903,144903
32430058,8,125220,125228
32430060,30000,461139,491139
32430063,95000,43942,138942
32430064,100000,139893,239893
32430065,48000,727,48727
32430066,90000,11768,101768
32430069,0,0,0
32430070,0,98058,98058
32430071,50000,310714,360714
32430072,0,461867,461867
32430076,0,246917,246917
32430077,100000,127447,227447
32430079,45000,6603,51603
32430082,45000,52990,97990
32430085,50000,57147,107147
32430086,0,136695,136695
32430087,301160,153580,454740
32430091,162175,14546,176721
32430092,0,0,0
32430093,25000,102609,127609
32430096,50000,54904,104904
32430097,0,66799,66799
32430099,0,73602,73602
32430101,0,83796,83796
32430102,60000,23066,83066
32430103,28000,989703,1017703
32430104,75000,1744,76744
32430105,9670,571656,581326
32430107,0,299393,299393
32430109,50000,126015,176015
32430110,50000,131199,181199
32430111,50000,23055,73055
32430114,0,4693,4693
32430115,0,0,0
32430116,90000,8692,98692
32430117,0,0,0
32430118,100000,121491,221491
32430119,0,0,0
32430122,50000,144919,194919
32430124,0,109398,109398
32430125,0,186158,186158
32430126,43000,982,43982
32430127,0,0,0
32430129,42000,613,42613
32430131,50000,97540,147540
32430132,0,0,0
32430134,35000,27112,62112
32430137,50000,56966,106966
32430138,0,64863,64863
32430139,52000,46,52046
32430140,50000,546957,596957
32430143,43000,775,43775
32430144,67000,525,67525
32430147,30000,27667,57667
32430148,0,58444,58444
32430149,111000,97,111097
32430154,75000,4377,79377
32430155,105000,3161,108161
32430156,50000,277720,327720
32430157,0,336390,336390
32430158,0,0,0
32430159,0,297334,297334
32430160,48000,1932,49932
32430161,52000,834,52834
32430162,135000,15369,150369
32430163,30000,70937,100937
32430165,0,0,0
32430166,72000,147,72147
32430168,62000,1695,63695
32430169,68000,640,68640
32430170,140000,3297,143297
32430173,91000,1341,92341
32430174,50000,254191,304191
32430178,0,181065,181065
32430179,80000,60113,140113
32430180,75000,3848,78848
32430182,0,106325,106325
32430183,100000,28565,128565
32430184,100000,36124,136124
32430187,95000,99030,194030
32430189,0,0,0
32430190,0,0,0
32430191,55000,438,55438
32430195,0,0,0
32430196,83000,1560,84560
32430197,50000,77814,127814
32430198,0,60951,60951
32430199,138000,1315,139315
32430201,0,198236,198236
32430205,0,175148,175148
32430207,65000,267368,332368
32430209,0,82369,82369
32430213,89000,18123,107123
32430214,10000,198211,208211
32430217,0,0,0
32430218,0,57509,57509
32430219,50000,67127,117127
32430220,65000,1042,66042
32430223,80000,782,80782
32430224,0,112329,112329
32430228,92000,343,92343
32430250,76000,367,76367
32430251,50000,64832,114832
32430259,0,53869,53869
32430260,0,313036,313036
32430263,0,0,0
33110008,55795,205430,261225
33110011,30000,44927,74927
33110013,0,330032,330032
33110014,5054,101232,106286
33110015,0,0,0
33110016,0,113700,113700
33110018,0,180079,180079
33110019,49200,121101,170301
33110021,30854,49024,79878
33110022,14656,392145,406801
33110023,110000,464550,574550
33110024,1635,0,1635
33110025,0,97588,97588
33110026,45000,109971,154971
33110027,25000,224035,249035
33110032,0,681062,681062
33110033,0,76004,76004
33110034,7500,203334,210834
33110035,438655,53374,492029
33110037,10800,49031,59831
33110038,0,104988,104988
33110039,8000,49842,57842
33110044,25129,193870,218999
33110045,0,85906,85906
33110050,0,7027,7027
33110052,25000,49132,74132
33110055,0,120313,120313
33110056,8293,229978,238271
33110059,11287,135529,146816
33110061,236000,613510,849510
33110062,0,204167,204167
33110063,47118,220954,268072
33110066,25000,64992,89992
33110067,0,652,652
33110069,0,230633,230633
33110072,2000,136088,138088
33110073,27874,8239,36113
33110075,0,96893,96893
33110076,0,272265,272265
33110077,25000,211659,236659
33110078,3000,610,3610
33110080,0,60552,60552
33110083,0,72643,72643
33110084,17606,130638,148244
33110085,0,87096,87096
33110086,4000,62846,66846
33110089,103861,29438,133299
33110090,13000,106851,119851
33110091,9799,252667,262466
33110095,17000,60965,77965
33110096,6541,149041,155582
33110097,176684,201319,378003
33110098,89,339046,339135
33110101,0,251008,251008
33110102,96048,43168,139216
33110106,137217,125536,262753
33110107,0,104338,104338
33110110,16369,151619,167988
33110112,0,274297,274297
33110114,0,240406,240406
33110115,0,89530,89530
33110116,8000,114707,122707
33110117,224485,236638,461123
33110118,14220,11711,25931
33110119,7000,67541,74541
33110121,0,296659,296659
33110122,0,247000,247000
33110123,29000,31909,60909
33110124,140560,1475,142035
33110125,0,66145,66145
33110127,19000,188131,207131
33110128,72000,8121,80121
33110129,12000,289993,301993
33110130,0,1456,1456
33110131,13009,96264,109273
33110132,23713,40563,64276
33110134,0,216313,216313
33110135,0,277650,277650
33110137,150,2032,2182
33110138,9032,196819,205851
33110139,8000,106140,114140
33110140,0,317640,317640
33110142,12000,54189,66189
33110143,0,61160,61160
33110144,2970,101658,104628
33110145,0,92108,92108
33110146,0,196871,196871
33110147,0,403600,403600
33110149,0,156602,156602
33110150,0,150715,150715
33110151,71500,115480,186980
33110152,0,240320,240320
33110153,10035,72020,82055
33110154,20000,103772,123772
33110155,0,129663,129663
33110156,30000,69783,99783
33110158,70000,81539,151539
33110160,0,166900,166900
33110161,0,2683,2683
33110163,81519,63151,144670
33110165,65000,199938,264938
33110168,10350,0,10350
33110169,0,233921,233921
33110171,4435,107731,112166
33110172,13852,89066,102918
33110173,0,866230,866230
33110175,4385,170975,175360
33110176,43631,469423,513054
33110177,20000,175675,195675
33110178,39000,796476,835476
33110179,29415,543368,572783
33110181,0,46567,46567
33110182,51500,232153,283653
33110183,30000,74434,104434
33110186,45000,85003,130003
33110190,119282,26157,145439
33110191,2500,113390,115890
33110192,22030,79566,101596
33110193,4437,171296,175733
33110195,0,92999,92999
33110196,11700,234334,246034
33110197,110246,283761,394007
33110198,0,380633,380633
33110199,0,395626,395626
33110200,0,145685,145685
33110202,0,768823,768823
33110203,11351,112600,123951
33110204,0,199269,199269
33110207,0,419258,419258
33110208,0,120712,120712
33110209,35000,45015,80015
33110210,20974,189910,210884
33110211,0,110827,110827
33110213,56340,351632,407972
33110214,4360,187946,192306
33110216,158508,61400,219908
33110218,0,350218,350218
33110219,31035,52736,83771
33110220,2880,164197,167077
33110221,27936,333509,361445
33110224,93262,309829,403091
33110225,2200,190510,192710
33110226,58000,312534,370534
33110227,1215900,972196,2188096
33110228,0,87200,87200
33110229,123765,414822,538587
33110230,5000,81751,86751
33110232,7608,553682,561290
33110233,21077,137387,158464
33110234,631781,27334,659115
33110235,45000,86031,131031
33110236,76433,190916,267349
33110237,21488,94207,115695
33110238,74280,91657,165937
33110239,0,288951,288951
33110240,213531,578900,792431
33110241,48000,154785,202785
33110242,12348,55651,67999
33110243,141960,241432,383392
33110244,4450,127793,132243
33110245,0,314408,314408
33110246,0,421586,421586
33110247,32396,254578,286974
33110248,221699,512684,734383
33110249,0,1466067,1466067
33110250,0,320839,320839
33110252,0,615475,615475
33110253,5000,293031,298031
33110254,35521,391838,427359
33110255,0,296304,296304
33110257,0,272877,272877
33110258,70821,272230,343051
33110259,0,214568,214568
33110260,99017,262195,361212
33110262,90,112348,112438
33110263,10088,116061,126149
33110265,0,709800,709800
33110266,0,517773,517773
33110267,0,345218,345218
33110268,50000,276189,326189
33110269,17370,22833,40203
33110270,0,166702,166702
33110271,45000,969357,1014357
33110272,89699,179966,269665
33110273,78788,443484,522272
33110274,142339,94490,236829
33110275,0,513997,513997
33110276,150000,304835,454835
33110277,0,482151,482151
33110278,0,562483,562483
33110279,9000,356756,365756
33110280,0,2000,2000
33110281,247775,1331,249106
33110282,185139,128694,313833
33110283,13242,183501,196743
33110285,0,452128,452128
33110286,0,437590,437590
33110288,0,459245,459245
33110289,0,273584,273584
33110291,111664,201844,313508
33110292,0,76947,76947
33110293,24077,150669,174746
33110294,0,195633,195633
33110295,0,365549,365549
33110296,0,130792,130792
33110297,29000,273364,302364
33110298,49208,109280,158488
33110300,5148,211529,216677
33110301,979620,0,979620
33110302,771438,261910,1033348
33110303,226475,57701,284176
33110305,153837,138873,292710
33110306,91676,136802,228478
33110307,0,728240,728240
33110308,0,282916,282916
33110309,139949,120051,260000
33110310,390,434019,434409
33110311,188956,20093,209049
33110312,223486,222221,445707
33110313,0,470539,470539
33110314,50512,474074,524586
33110315,195272,1438825,1634097
33110316,244621,402852,647473
33110317,0,494665,494665
33110318,241198,200334,441532
33110319,606828,9077,615905
33110321,0,426396,426396
33110322,190586,497229,687815
33110323,35,1218127,1218162
33110324,36000,789891,825891
33110325,0,855699,855699
33110326,189510,260670,450180
33110327,123300,201022,324322
33110328,54025,304022,358047
33110329,237088,569941,807029
33110330,0,126430,126430
33110331,123463,1264,124727
33110332,51119,251443,302562
33110333,314726,632411,947137
33110334,1016646,8093,1024739
33110335,405673,104121,509794
33110336,150000,687717,837717
33110337,0,462315,462315
33110338,0,729090,729090
33110340,78680,379617,458297
33110341,0,636978,636978
33110342,76322,253155,329477
33110343,0,999662,999662
33110344,14660,399023,413683
33110345,0,415907,415907
33110346,334310,33000,367310
33110347,0,551560,551560
33110348,20500,267385,287885
33110349,0,673272,673272
33110350,0,464042,464042
33110351,0,393480,393480
33110352,351698,11459,363157
33110353,0,529535,529535
33110354,468268,98,468366
33110355,280736,782857,1063593
33110356,0,351294,351294
33110357,76635,972444,1049079
33110358,0,529531,529531
33110359,94180,743074,837254
33110360,47094,249875,296969
33110361,0,783010,783010
33110362,0,836559,836559
33110363,420242,1007047,1427289
33110364,0,894721,894721
33110365,0,755180,755180
33110366,68544,129888,198432
33110367,116715,78961,195676
33110368,0,377725,377725
33110369,237697,204554,442251
33110370,0,1060318,1060318
33110371,268567,27750,296317
33110372,222919,12,222931
33110373,64674,507921,572595
33110374,0,438147,438147
33110375,0,335273,335273
33110376,0,679525,679525
33110377,296311,845544,1141855
33110378,0,320525,320525
33110379,0,1834333,1834333
33110380,0,715120,715120
33110381,0,511400,511400
33110401,0,139673,139673
33110402,0,208635,208635
33110404,205000,4216,209216
33110407,0,113831,113831
33110408,0,0,1333
33110424,0,0,0
33110616,9700,148175,157875
33120002,0,103517,103517
33120003,170000,7499,177499
33120007,15000,440,15440
33120009,0,241534,241534
33120011,0,31747,31747
33120013,0,52053,52053
33120019,0,31572,31572
33120038,0,1642,1642
33120040,0,486,486
33120047,0,1109,1109
33120048,800,55601,56401
33120049,5000,65215,70215
33120051,50000,492086,542086
33120054,0,1159,1159
33120055,85000,120338,205338
33120058,0,48,48
33120059,3000,93988,96988
33120060,30000,106262,136262
33120061,1000,135465,136465
33120063,0,66296,66296
33120064,49500,168216,217716
33120065,3000,87211,90211
33120070,0,186919,186919
33120071,0,470493,470493
33120072,0,57424,57424
33120073,16000,130617,146617
33120074,0,11058,11058
33120075,0,1037,1037
33120076,0,515248,515248
33120077,0,49,49
33120078,0,158,158
33120083,0,74924,74924
33120085,75000,131502,206502
33120086,0,71260,71260
33120087,0,105351,105351
33120089,0,38118,38118
33120090,13500,487,13987
33120092,9730,229640,239370
33120093,38800,146992,185792
33120094,5000,5675,10675
33120098,19358,10969,30327
33120100,0,68179,68179
33120103,0,117906,117906
33120104,50000,91363,141363
33120105,150000,536324,686324
33120106,15000,78156,93156
33120107,20000,106279,126279
33120108,6459,107633,114092
33120109,50000,62350,112350
33120110,0,242818,242818
33120112,0,63,63
33120113,25500,21140,46640
33120115,0,74600,74600
33120116,0,79525,79525
33120117,0,84,84
33120120,27184,277797,304981
33120122,0,115276,115276
33120123,0,100809,100809
33120124,0,175532,175532
33120127,4500,10822,15322
33120129,0,48558,48558
33120130,0,11,11
33120132,9865,196109,205974
33120133,30000,57491,87491
33120134,0,145191,145191
33120136,0,110882,110882
33120137,0,68076,68076
33120138,5100,49931,55031
33120139,0,192902,192902
33120140,0,73401,73401
33120141,40000,25084,65084
33120142,0,41099,41099
33120143,0,114654,114654
33120144,0,72996,72996
33120145,0,18897,18897
33120146,7000,45682,52682
33120147,0,20981,20981
33120148,0,1185,1185
33120149,10000,117743,127743
33120150,0,45596,45596
33120151,0,88357,88357
33120153,0,153296,153296
33120154,2350,76964,79314
33120156,0,78749,78749
33120157,0,73755,73755
33120158,0,95216,95216
33120159,23000,51680,74680
33120160,0,763,763
33120161,0,92013,92013
33120162,55000,1400,56400
33120163,0,64032,64032
33120164,0,108078,108078
33120165,0,45389,45389
33120166,0,98722,98722
33120167,0,93276,93276
33120170,0,49370,49370
33120172,49000,13231,62231
33120173,0,90930,90930
33120174,162000,59988,221988
33120175,0,71825,71825
33120176,0,235199,235199
33120178,0,17534,17534
33120179,0,74000,74000
33120180,0,83101,83101
33120181,0,845,845
33120182,0,297,297
33120183,0,44843,44843
33120184,10000,45115,55115
33120185,0,248,248
33120188,22011,229316,251327
33120189,88000,119246,207246
33120190,0,100631,100631
33120191,20000,93142,113142
33120192,0,41112,41112
33120193,0,1483,1483
33120194,0,59465,59465
33120195,0,19075,19075
33120196,0,56628,56628
33120197,6000,251383,257383
33120198,11000,191544,202544
33120199,55000,51696,106696
33120201,0,76240,76240
33120202,6000,100965,106965
33120203,100000,110509,210509
33120205,0,108429,108429
33120206,74000,56612,130612
33120207,14000,24274,38274
33120209,0,114319,114319
33120210,231615,19753,251368
33120212,0,487847,487847
33120214,0,51250,51250
33120215,0,686,686
33120216,0,143295,143295
33120218,0,629,629
33120219,0,577,577
33120220,0,39700,39700
33120222,50000,79796,129796
33120223,0,60403,60403
33120226,45000,114166,159166
33120227,0,0,0
33120229,43000,32400,75400
33120230,0,119635,119635
33120231,0,42150,42150
33120232,0,1122,1122
33120234,25000,50000,75000
33120235,0,108023,108023
33120237,0,147600,147600
33120238,0,60963,60963
33120239,20000,75876,95876
33120240,35540,54420,89960
33120241,0,30055,30055
33120242,50000,77394,127394
33120243,0,93587,93587
33120244,0,150308,150308
33120248,3000,70276,73276
33120251,0,55104,55104
33120253,20000,104300,124300
33120254,0,92444,92444
33120255,0,39676,39676
33120256,7000,48452,55452
33120257,290,107121,107411
33120258,0,18443,18443
33120259,1392,44075,45467
33120260,0,54,54
33120261,3000,68245,71245
33120262,0,137794,137794
33120263,0,64927,64927
33120264,20290,122473,142763
33120265,15000,134231,149231
33120267,0,122277,122277
33120269,42365,205271,247636
33120270,0,68826,68826
33120271,10000,451,10451
33120272,166500,5394,171894
33120273,0,140015,140015
33120274,30000,63088,93088
33120276,50000,188600,238600
33120278,47300,122464,169764
33120280,6000,94286,100286
33120281,16000,99150,115150
33120282,16000,3075,19075
33120283,5000,66066,71066
33120284,4000,266,4266
33120286,0,1386,1386
33120289,0,1631,1631
33120290,0,1125,1125
33120291,500,114,614
33120292,4000,988,4988
33120293,10000,38558,48558
33120294,0,790,790
33120295,45370,1212,46582
33120297,0,128526,128526
33120298,52000,106010,158010
33120299,28000,85102,113102
33120300,0,808,808
33120301,0,15258,15258
33120302,0,608,608
33120303,0,119752,119752
33120304,0,665,665
33120305,46800,528440,575240
33120306,5440,67968,73408
33120308,0,76,76
33120310,61518,57971,119489
33120311,85600,56129,141729
33120312,0,1169,1169
33120316,0,114800,114800
33120317,37000,1500,38500
33120318,0,54538,54538
33120319,0,54943,54943
33120321,0,17569,17569
33120322,0,76757,76757
33120324,0,0,0
33120325,0,103437,103437
33120326,1310,85805,87115
33120327,3000,76176,79176
33120328,0,92261,92261
33120329,0,343,343
33120331,0,0,0
33120335,66500,84364,150864
33120336,0,79495,79495
33120337,0,41106,41106
33120338,15500,147223,162723
33120339,20000,202912,222912
33120340,34000,55122,89122
33120341,0,91000,91000
33120342,50000,84420,134420
33120343,9623,13642,23265
33120344,0,127149,127149
33120345,0,42766,42766
33120346,0,2179,2179
33120348,0,90210,90210
33120349,10000,90677,100677
33120350,0,189152,189152
33120351,0,157407,157407
33120352,8950,188167,197117
33120355,31000,79736,110736
33120356,60000,42341,102341
33120357,0,85089,85089
33120358,0,0,0
33120359,0,77440,77440
33120360,0,0,0
33120361,115000,149064,264064
33120362,0,753,753
33120363,0,2693,2693
33120364,21247,21044,42291
33120365,0,713,713
33120366,289000,304,289304
33120367,77000,20214,97214
33120368,0,2,2
33120369,0,243998,243998
33120370,0,16619,16619
33120371,13500,1692,15192
33120372,7000,477335,484335
33120373,106000,286732,392732
33120374,0,229779,229779
33120375,0,74587,74587
33120377,0,41,41
33120378,0,211416,211416
33120380,0,139900,139900
33120381,9657,85123,94780
33120382,3500,200,3700
33120383,60000,175,60175
33120384,12000,257611,269611
33120385,20000,1957,21957
33120386,19435,261036,280471
33120387,0,13002,13002
33120388,10000,45000,55000
33120389,0,139444,139444
33120393,0,104109,104109
33120396,55000,72587,127587
33120398,9000,865,9865
33120400,44000,44162,88162
33120402,0,34499,34499
33120403,30000,17029,47029
33120404,27000,89267,116267
33120405,0,43828,43828
33120406,20000,987,20987
33120407,17110,166183,183293
33120408,0,116961,116961
33120409,22184,48165,70349
33120410,0,6956,6956
33120411,0,126000,126000
33120412,0,108164,108164
33120413,0,0,0
33120414,0,0,0
33120415,0,182961,182961
33120416,0,163900,163900
33120417,20000,241832,261832
33120418,0,67374,67374
33120419,103600,157144,260744
33120420,10000,134879,144879
33120421,10000,149812,159812
33120422,30000,4239,34239
33120423,7400,134358,141758
33120425,36000,62975,98975
33120426,3000,154,3154
33120427,20000,127318,147318
33120428,0,0,0
33120429,122000,107470,229470
33120430,0,0,0
33120431,0,70,70
33120432,0,91735,91735
33120433,11000,8,11008
33120434,23000,113984,136984
33120435,3500,156550,160050
33120436,54100,155753,209853
33120438,20000,86019,106019
33120439,0,0,0
33120440,0,95659,95659
33120441,40000,68959,108959
33120442,28574,24418,52992
33120443,0,142426,142426
33120444,0,59406,59406
33120445,0,0,0
33120446,4500,243349,247849
33120447,0,22430,22430
33120448,5000,84896,89896
33120449,5000,10707,15707
33120452,0,492,492
33120454,0,96706,96706
33120455,0,87000,87000
33120456,0,933,933
33120457,4996,190588,195584
33120459,0,3635,3635
33120460,10000,60335,70335
33120461,3500,47170,50670
33120465,0,2746,2746
33120467,0,65837,65837
33120468,66838,52463,119301
33120469,0,153690,153690
33120470,0,173298,173298
33120471,16000,89754,105754
33120472,0,71273,71273
33120473,17848,37696,55544
33120474,0,255233,255233
33120475,0,117676,117676
33120477,70000,120784,190784
33120478,0,0,0
33120481,50000,26219,76219
33120483,0,119000,119000
33120486,46000,2768,48768
33120487,40000,48672,88672
33120489,10200,109383,119583
33120490,35000,65746,100746
33120491,13500,76727,90227
33120494,80000,86413,166413
33120495,0,542,542
33120497,10000,75412,85412
33120498,0,74785,74785
33120500,0,384,384
33120501,24207,23679,47886
33120502,0,42588,42588
33120503,0,966,966
33120504,0,0,0
33120505,0,755,755
33120506,0,0,0
33120507,0,970,970
33120508,46000,37971,83971
33120509,15000,28996,43996
33120511,5000,101353,106353
33120512,0,29144,29144
33120514,0,278,278
33120515,0,156088,156088
33120516,0,68151,68151
33120517,43000,101960,144960
33120518,0,214833,214833
33120519,0,0,0
33120520,12413,13453,25866
33120522,0,717,717
33120523,0,103279,103279
33120524,0,238833,238833
33120525,0,98335,98335
33120526,0,163272,163272
33120527,20000,58080,78080
33120528,22333,48544,70877
33120530,10000,119548,129548
33120532,0,55801,55801
33120533,0,37107,37107
33120534,0,102039,102039
33120535,0,33386,33386
33120536,0,56409,56409
33120537,0,49600,49600
33120538,0,50446,50446
33120539,4458,181708,186166
33120540,0,8731,8731
33120541,0,187350,187350
33120542,10000,35979,45979
33120543,0,59729,59729
33120544,0,36482,36482
33120545,0,0,0
33120547,3658,50930,54588
33120548,20000,31417,51417
33120549,0,45605,45605
33120550,0,150010,150010
33120551,0,12385,12385
33120552,0,0,64148
33120553,10000,14921,24921
33120554,22995,444435,467430
33120555,60176,219167,279343
33120556,0,108526,108526
33120557,50000,76163,126163
33120558,0,69470,69470
33120559,6963,118234,125197
33120560,0,98820,98820
33120562,0,78391,78391
33120563,0,81712,81712
33120565,2500,193084,195584
33120566,0,68423,68423
33120567,30000,139287,169287
33120568,215675,132886,348561
33120569,32000,105171,137171
33120572,0,138953,138953
33120573,20000,76288,96288
33120574,36000,63180,99180
33120575,0,286353,286353
33120577,0,74473,74473
33120578,0,80367,80367
33120579,16941,171150,188091
33120580,0,88832,88832
33120581,86569,251188,337757
33120582,2853,46310,49163
33120583,0,604,604
33120584,0,11831,11831
33120585,35000,111532,146532
33120587,0,269589,269589
33120588,0,88249,88249
33120589,0,29241,29241
33120590,0,60248,60248
33120591,109000,78393,187393
33120593,0,845,845
33120594,3230,127373,130603
33120595,0,188193,188193
33120596,12000,178086,190086
33120597,98000,8383,106383
33120598,13000,429,13429
33120599,155406,122919,278325
33120600,54500,69571,124071
33120601,0,804,804
33120602,50000,51473,101473
33120603,29619,161788,191407
33120604,0,194407,194407
33120605,227169,270,227439
33120606,85000,123366,208366
33120608,49000,103675,152675
33120609,0,310414,310414
33120610,0,90139,90139
33120611,0,1591,1591
33120612,0,1316,1316
33120613,3870,457479,461349
33120614,0,186025,186025
33120615,0,187411,187411
33120617,50000,57677,107677
33120618,0,18179,18179
33120619,0,183139,183139
33120621,45500,154219,199719
33120622,81600,248109,329709
33120623,0,16885,16885
33120624,45000,48665,93665
33120625,0,138387,138387
33120626,0,0,0
33120627,0,2012,2012
33120628,146000,1770,147770
33120629,0,202104,202104
33120630,0,213146,213146
33120631,293402,1556,294958
33120632,17435,539660,557095
33120633,6000,60355,66355
33120634,7000,164790,171790
33120635,161000,392,161392
33120636,0,136333,136333
33120637,122176,846200,968376
33120638,64000,123952,187952
33120639,0,0,0
33120640,6710,125367,132077
33120641,0,3159,3159
33120642,50000,233842,283842
33120643,0,2868,2868
33120644,0,198571,198571
33120645,0,607,607
33120646,216720,45680,262400
33120647,0,98158,98158
33120648,13070,177819,190889
33120649,0,304275,304275
33120650,22224,61134,83358
33120651,0,92057,92057
33120652,0,114270,114270
33120653,15000,74359,89359
33120654,0,1854,1854
33120655,0,152937,152937
33120656,196312,317965,514277
33120657,0,315661,315661
33120658,0,981,981
33120659,23606,5401,29007
33120660,307358,653229,960587
33120661,67780,42302,110082
33120662,0,119634,119634
33120663,0,148521,148521
33120664,43000,143417,186417
33120665,0,0,0
33120666,0,144302,144302
33120667,18400,150902,169302
33120668,26000,371836,397836
33120669,0,273785,273785
33120670,0,497,497
33120671,5000,174020,179020
33120672,3118,215106,218224
33120673,361000,192929,553929
33120674,0,206779,206779
33120675,0,409491,409491
33120676,88620,303398,392018
33120677,13000,249479,262479
33120678,153000,0,153000
33120679,0,68365,68365
33120680,24084,254662,278746
33120681,0,169542,169542
33120682,387616,0,387616
33120683,79443,39175,118618
33120684,0,207233,207233
33120685,546652,5302,551954
33120686,4100,189789,193889
33120687,169310,1267,170577
33120688,0,831534,831534
33120689,202926,1333997,1536923
33120690,0,0,0
33120691,0,198845,198845
33120692,150000,150628,300628
33120693,0,149462,149462
33120694,0,338500,338500
33120695,25000,181710,206710
33120696,0,100068,100068
33120697,2000,166894,168894
33120698,0,170551,170551
33120700,0,319522,319522
33120701,337278,193,337471
33120702,49959,281557,331516
33120703,0,205733,205733
33120704,0,252042,252042
33120705,395000,28288,423288
33120706,0,274215,274215
33120707,0,227853,227853
33120708,188726,463,189189
33120709,203546,0,203546
33120710,0,310571,310571
33120711,0,267997,267997
33120712,0,141210,141210
33120713,70000,81762,151762
33120714,57460,238851,296311
33120715,110000,180000,290000
33120716,89,254018,254107
33120717,249995,217995,467990
33120718,0,306664,306664
33120719,0,330609,330609
33120720,43735,187631,231366
33120721,372229,0,372229
33120722,326366,21962,348328
33120723,42473,226144,268617
33120724,0,318981,318981
33120725,0,0,0
33120726,286071,104272,390343
33120727,37986,221119,259105
33120728,292041,6151,298192
33120729,0,386428,386428
33120730,167000,34140,201140
33120731,0,546040,546040
33120732,345175,1794236,2139411
33120733,101231,286935,388166
33120734,0,184962,184962
33120735,0,0,0
33120736,0,234119,234119
33120737,0,14683,14683
33120738,0,1000,1000
33120739,391247,12000,403247
33120740,747099,1465,748564
33120741,0,0,0
33120742,0,200000,200000
33120743,0,412980,412980
33120744,0,302873,302873
33120745,0,363925,363925
33120746,0,157600,157600
33120747,0,0,0
33120748,0,153201,153201
33120749,15000,236209,251209
33120750,0,330032,330032
33120751,0,275941,275941
33120752,0,329110,329110
33120753,100000,100462,200462
33120755,48493,121070,169563
33120756,5244,212659,217903
33120757,293000,52199,345199
33120758,20990,433390,454380
33120759,0,305659,305659
33120760,0,518246,518246
33120761,940215,833,941048
33120762,0,350866,350866
33120763,240008,396247,636255
33120764,0,791927,791927
33120765,0,870462,870462
33120767,0,145184,145184
33120768,0,75070,75070
33120769,0,104954,104954
33120770,0,89931,89931
33120771,30000,24783,54783
33130008,3000,77447,80447
33130009,0,0,0
33130011,0,74768,74768
33130012,0,130794,130794
33130015,11920,106743,118663
33130016,3500,69827,73327
33130017,0,695,695
33130019,26160,63498,89658
33130021,0,138451,138451
33130024,0,138371,138371
33130025,45893,27,45920
33130026,4500,61589,66089
33130030,0,290545,290545
33130031,0,30442,30442
33130032,0,194428,194428
33130035,0,78894,78894
33130036,78000,85561,163561
33130037,0,268686,268686
33130039,16634,275,16909
33130041,0,127420,127420
33130042,39000,138825,177825
33130044,0,182823,182823
33130045,27547,120664,148211
33130046,45100,138286,183386
33130047,10000,145745,155745
33130048,0,64956,64956
33130050,0,47594,47594
33130051,40588,161132,201720
33130052,8350,78461,86811
33130053,0,85423,85423
33130057,5535,300599,306134
33130058,9137,179622,188759
33130059,0,119820,119820
33130060,0,63823,63823
33130061,0,114042,114042
33130063,51762,44585,96347
33130064,0,88812,88812
33130066,50000,57983,107983
33130067,17000,61906,78906
33130070,0,58922,58922
33130074,15000,29898,44898
33130077,0,0,0
33130081,5000,209233,214233
33130083,0,139860,139860
33130087,0,0,0
33130089,0,91656,91656
33130090,9775,147058,156833
33130092,0,81149,81149
33130093,25000,80320,105320
33130095,2400,109283,111683
33130096,0,99651,99651
33130098,0,170425,170425
33130101,0,1150,1150
33130103,41957,163960,205917
33130104,9625,109103,118728
33130105,0,94306,94306
33130107,39000,53467,92467
33130109,290,174889,175179
33130110,0,54110,54110
33130112,15284,117521,132805
33130116,0,446,446
33130117,0,92854,92854
33130119,0,52824,52824
33130120,0,69856,69856
33130122,0,102297,102297
33130123,0,96018,96018
33130124,0,143395,143395
33130125,4576,109673,114249
33130126,50000,28300,78300
33130127,0,69721,69721
33130128,58000,137018,195018
33130129,0,127347,127347
33130130,21128,84852,105980
33130131,0,48472,48472
33130133,0,74090,74090
33130134,0,2206,2206
33130135,0,45994,45994
33130136,0,80793,80793
33130137,11000,111608,122608
33130139,0,39,39
33130141,0,41,41
33130143,14122,75063,89185
33130147,1160,32757,33917
33130148,10187,224822,235009
33130150,0,89693,89693
33130151,0,69323,69323
33130154,0,66965,66965
33130155,54078,275459,329537
33130157,55000,268749,323749
33130158,0,237568,237568
33130159,0,100161,100161
33130160,14552,89312,103864
33130161,115500,67705,183205
33130163,57233,68000,125233
33130164,0,0,0
33130167,0,44391,44391
33130168,0,67962,67962
33130169,0,108543,108543
33130170,3650,138662,142312
33130171,0,67635,67635
33130172,40433,206242,246675
33130174,0,221,221
33130175,0,0,0
33130176,50000,62112,112112
33130177,0,0,0
33130180,0,154068,154068
33130181,0,144487,144487
33130182,0,0,0
33130186,20000,304485,324485
33130187,20000,236997,256997
33130188,0,969,969
33130189,32000,65826,97826
33130190,0,398541,398541
33130191,0,51538,51538
33130192,0,229979,229979
33130193,50000,99100,149100
33130194,0,46615,46615
33130195,36922,38964,75886
33130196,0,99478,99478
33130197,50000,55736,105736
33130198,0,214706,214706
33130199,0,334473,334473
33130200,80000,119331,199331
33130201,4839,157656,162495
33130202,57000,160968,217968
33130203,48447,111189,159636
33130204,0,26523,26523
33130205,0,56757,56757
33130207,0,106040,106040
33130210,0,247,247
33130213,50000,1651,51651
33130214,26000,28993,54993
33130218,69820,165275,235095
33130220,60500,43153,103653
33130221,15000,95573,110573
33130223,160233,8754,168987
33130224,45000,70004,115004
33130225,0,106551,106551
33130226,45500,82594,128094
33130227,25000,44527,69527
33130229,5000,183900,188900
33130233,100000,154786,254786
33130235,30000,172385,202385
33130236,0,0,0
33130237,18000,250361,268361
33130238,0,64043,64043
33130239,61153,110095,171248
33130240,15000,56440,71440
33130241,0,1547,1547
33130242,0,142470,142470
33130243,0,50000,50000
33130244,40000,30452,70452
33130245,23850,72415,96265
33130246,46710,122572,169282
33130247,10000,139970,149970
33130248,20000,90311,110311
33130249,0,149506,149506
33130250,0,32410,32410
33130251,0,174,174
33130254,0,370,370
33130261,0,244062,244062
33130263,0,76437,76437
33130266,0,3108,3108
33130267,0,0,0
33130268,0,99573,99573
33130269,0,164246,164246
33130270,0,185023,185023
33130271,0,81441,81441
33130272,14453,172868,187321
33130273,39000,53096,92096
33130274,2300,56,2356
33130275,0,144080,144080
33130276,0,119472,119472
33130277,0,101001,101001
33130278,0,90418,90418
33130279,0,218852,218852
33130280,0,10931,10931
33130282,0,190097,190097
33130283,0,182276,182276
33130284,0,187715,187715
33130285,56851,29295,86146
33130286,58753,229689,288442
33130287,0,96039,96039
33130289,54615,226091,280706
33130291,0,96132,96132
33130292,23165,237530,260695
33130293,0,0,0
33130294,0,0,0
33130295,0,129044,129044
33130296,9846,84324,94170
33130297,0,251466,251466
33130298,2000,159184,161184
33130299,0,153483,153483
33130300,0,0,0
33130301,0,56690,56690
33130302,58075,217128,275203
33130303,10000,130730,140730
33130304,25000,140367,165367
33130305,0,114,114
33130306,227210,468,227678
33130307,0,332487,332487
33130308,40000,31346,71346
33130309,50000,110103,160103
33130310,0,193570,193570
33130311,25005,89311,114316
33130312,140000,1666,141666
33130313,25000,125396,150396
33130314,0,1108,1108
33130315,4747,90798,95545
33130316,45251,115010,160261
33130317,20000,82136,102136
33130318,0,118506,118506
33130319,0,126001,126001
33130320,0,196686,196686
33130321,0,179704,179704
33130322,0,2641,2641
33130323,251307,2014,253321
33130324,0,133719,133719
33130325,32000,146449,178449
33130326,0,204,204
33130327,28150,241294,269444
33130328,15000,139085,154085
33130329,7358,115299,122657
33130330,0,2195,2195
33130331,0,0,0
33130332,5500,132512,138012
33130333,0,141884,141884
33130334,27015,72443,99458
33130335,101343,18533,119876
33130336,0,74114,74114
33130337,37662,121317,158979
33130338,0,321995,321995
33130339,0,171960,171960
33130340,22262,198606,220868
33130341,0,0,0
33130342,0,210,210
33130343,0,149005,149005
33130344,50000,58674,108674
33130345,45000,76933,121933
33130346,0,422282,422282
33130347,52094,249098,301192
33130348,0,245700,245700
33130349,171052,38816,209868
33130350,63000,153704,216704
33130351,150000,144751,294751
33130352,0,299225,299225
33130353,0,6422,6422
33130354,100000,312294,412294
33130355,50000,259309,309309
33130356,50000,101837,151837
33130357,268888,74982,343870
33130358,97150,1198006,1295156
33130359,0,255656,255656
33130360,0,135226,135226
33130361,0,232864,232864
33130362,0,0,0
33130363,81973,98335,180308
33130364,0,0,0
33130365,0,297314,297314
33130366,0,527696,527696
33130367,85000,235805,320805
33130368,0,0,0
33130369,150000,231725,381725
33130370,0,20271,20271
33130371,0,6190,6190
33130372,0,4720,4720
33130373,0,2,2
33130374,103000,70855,173855
33130375,130076,278,130354
33130376,0,0,0
33130377,0,191510,191510
33130378,0,639028,639028
33130379,0,297104,297104
33130380,0,403472,403472
33130381,15569,159261,174830
33130382,0,337629,337629
33130383,0,1012,1012
33130384,0,238071,238071
33130385,0,1585,1585
33130386,0,0,0
33130387,0,445049,445049
33130388,0,230593,230593
33130389,88672,83948,172620
33130390,0,758,758
33130391,0,177123,177123
33130392,0,171,171
33130393,75000,1454,76454
33130394,50000,365169,415169
33130395,0,872757,872757
33130396,0,467701,467701
33130397,0,161729,161729
33130398,10500,148246,158746
33130399,90000,58149,148149
33130400,0,54425,54425
33140025,0,36567,36567
33140029,8000,1736,9736
33140031,11535,1330,12865
33140032,80000,135870,215870
33140033,212418,31941,244359
33140034,9000,115,9115
33140035,31330,22181,53511
33140036,0,190989,190989
33140037,0,313493,313493
33140038,46706,464460,511166
33140039,0,108964,108964
33140041,0,191424,191424
33140042,9919,89013,98932
33140043,12500,234030,246530
33140044,0,56104,56104
33140045,18000,69150,87150
33140046,6500,53860,60360
33140047,0,48368,48368
33140048,31000,123358,154358
33140049,5000,47010,52010
33140050,3269,42023,45292
33140051,0,216489,216489
33140052,40000,46124,86124
33140055,0,28261,28261
33140056,0,212508,212508
33140057,0,45192,45192
33140058,20000,78693,98693
33140059,0,144562,144562
33140060,0,217,217
33140061,0,169561,169561
33140063,55000,738,55738
33140064,8800,83090,91890
33140068,0,110279,110279
33140069,6500,108488,114988
33140070,0,128615,128615
33140074,0,135897,135897
33140075,10000,26398,36398
33140076,35,136139,136174
33140081,0,2484,2484
33140082,0,52420,52420
33140083,0,142671,142671
33140084,0,63700,63700
33140085,40000,77874,117874
33140089,6500,67038,73538
33140090,0,5585,5585
33140094,26887,87942,114829
33140095,0,233403,233403
33140096,45292,178189,223481
33140097,0,60641,60641
33140098,0,77475,77475
33140100,19061,35507,54568
33140102,0,55990,55990
33140103,35273,145478,180751
33140104,24350,122148,146498
33140105,50000,565922,615922
33140106,15000,50628,65628
33140107,0,174924,174924
33140108,0,110595,110595
33140112,1000,84034,85034
33140113,8284,78830,87114
33140114,28000,43207,71207
33140116,0,17626,17626
33140117,0,140875,140875
33140118,0,138617,138617
33140120,0,470,470
33140121,45000,78913,123913
33140122,0,110189,110189
33140123,0,950,950
33140124,0,155,155
33140125,0,199387,199387
33140126,0,140000,140000
33140129,25916,106507,132423
33140130,0,167783,167783
33140131,0,69405,69405
33140132,0,276732,276732
33140134,0,48109,48109
33140135,37000,892,37892
33140136,11536,157465,169001
33140137,0,187779,187779
33140138,50351,162205,212556
33140139,0,227820,227820
33140140,67205,58380,125585
33140141,15000,73629,88629
33140142,6982,455471,462453
33140143,75000,93238,168238
33140146,0,96397,96397
33140148,48000,98677,146677
33140150,45000,37111,82111
33140151,22235,153279,175514
33140152,0,73472,73472
33140153,8031,139021,147052
33140154,35,109628,109663
33140155,0,146397,146397
33140156,5000,53910,58910
33140157,0,179253,179253
33140158,110000,158900,268900
33140161,0,99367,99367
33140163,0,63209,63209
33140167,0,64580,64580
33140168,29909,136241,166150
33140169,0,98902,98902
33140170,40000,12192,52192
33140171,0,168124,168124
33140173,0,88775,88775
33140174,0,130088,130088
33140175,50000,139140,189140
33140176,0,165781,165781
33140177,0,651,651
33140178,0,104670,104670
33140179,25000,129804,154804
33140180,0,101317,101317
33140183,0,240390,240390
33140184,31000,51616,82616
33140185,60000,276634,336634
33140186,0,75674,75674
33140192,20639,135420,156059
33140193,0,0,0
33140194,0,214418,214418
33140195,0,108196,108196
33140196,9800,72843,82643
33140197,20071,28995,49066
33140203,0,1180,1180
33140204,0,60757,60757
33140206,5000,119226,124226
33140207,3500,90628,94128
33140208,20000,106334,126334
33140209,10000,199013,209013
33140212,0,102227,102227
33140213,0,477,477
33140215,0,415,415
33140216,0,0,0
33140218,56040,55259,111299
33140223,0,82157,82157
33140225,49000,10983,59983
33140226,0,5000,5000
33140227,11508,145211,156719
33140229,63113,1263,64376
33140230,0,42400,42400
33140231,0,54041,54041
33140232,0,41788,41788
33140233,0,33642,33642
33140234,0,129682,129682
33140235,0,64400,64400
33140236,0,145178,145178
33140238,0,127476,127476
33140239,0,40447,40447
33140240,10000,23770,33770
33140241,0,154173,154173
33140242,0,54912,54912
33140244,0,38822,38822
33140246,25000,65382,90382
33140247,0,91825,91825
33140250,0,44432,44432
33140251,77900,0,77900
33140253,20000,129510,149510
33140255,0,1695,1695
33140256,158052,460,158512
33140257,99124,616900,716024
33140258,17733,195295,213028
33140259,0,115647,115647
33140261,15000,75249,90249
33140262,0,114369,114369
33140263,3500,125143,128643
33140264,0,62694,62694
33140266,0,60127,60127
33140267,0,77197,77197
33140268,20000,75633,95633
33140269,0,714,714
33140270,50000,236399,286399
33140271,0,1291,1291
33140273,0,0,0
33140274,0,398,398
33140275,3500,178748,182248
33140276,0,51192,51192
33140277,0,104274,104274
33140278,0,202347,202347
33140280,80990,3560,84550
33140282,12000,93663,105663
33140283,0,201553,201553
33140284,42464,225258,267722
33140285,0,207133,207133
33140286,49000,118547,167547
33140287,11584,14083,25667
33140288,0,52473,52473
33140289,0,88689,88689
33140290,0,70234,70234
33140291,19000,55258,74258
33140292,42000,136825,178825
33140293,0,331,331
33140294,22500,123109,145609
33140296,35557,23457,59014
33140297,15000,92818,107818
33140298,16000,123572,139572
33140300,0,73150,73150
33140301,50000,135489,185489
33140302,0,75049,75049
33140303,39500,20681,60181
33140306,0,113552,113552
33140307,0,1476,1476
33140308,10000,164339,174339
33140309,10000,214672,224672
33140310,24752,197591,222343
33140311,65830,184543,250373
33140312,12000,106446,118446
33140313,0,165417,165417
33140314,0,70636,70636
33140315,50000,111945,161945
33140316,8556,198420,206976
33140317,0,173756,173756
33140318,11356,154016,165372
33140319,33651,109363,143014
33140321,3000,25000,28000
33140322,42000,15988,57988
33140323,5000,65707,70707
33140325,42000,85576,127576
33140327,3629,108263,111892
33140328,12200,112521,124721
33140329,0,112799,112799
33140330,0,490,490
33140331,39689,98780,138469
33140332,0,239206,239206
33140333,0,138270,138270
33140334,0,79827,79827
33140335,75070,238497,313567
33140336,5000,153237,158237
33140337,60000,130303,190303
33140338,11635,34571,46206
33140339,0,394,394
33140340,37000,97863,134863
33140342,0,252465,252465
33140343,17820,172083,189903
33140344,0,0,0
33140348,7000,197167,204167
33140349,16000,85257,101257
33140350,5000,168,5168
33140351,40000,49218,89218
33140352,10000,74816,84816
33140353,0,72992,72992
33140354,0,71900,71900
33140355,11916,71037,82953
33140356,20000,29304,49304
33140358,0,118405,118405
33140360,64010,128371,192381
33140361,0,161958,161958
33140362,0,257,257
33140363,9240,80795,90035
33140364,8000,138171,146171
33140365,0,52675,52675
33140366,25000,27356,52356
33140367,0,44,44
33140368,0,154084,154084
33140370,0,1884,1884
33140371,0,18854,18854
33140374,12500,26858,39358
33140375,17497,37298,54795
33140376,20000,59812,79812
33140377,0,456,456
33140378,0,100898,100898
33140379,25000,94245,119245
33140380,6700,113817,120517
33140382,0,112,112
33140383,5000,69599,74599
33140385,0,123,123
33140386,0,111025,111025
33140387,0,151653,151653
33140388,34000,122440,156440
33140389,0,30885,30885
33140392,0,5366,5366
33140394,30000,76994,106994
33140395,35500,64009,99509
33140396,0,107486,107486
33140397,30000,11290,41290
33140400,0,65911,65911
33140401,4000,789,4789
33140402,0,84542,84542
33140403,24251,2769,27020
33140404,41012,300,41312
33140405,0,164946,164946
33140407,10000,40420,50420
33140411,0,49401,49401
33140412,26920,0,26920
33140413,0,0,0
33140414,93718,41833,135551
33140415,0,0,0
33140416,0,94275,94275
33140417,10000,232960,242960
33140418,0,193903,193903
33140419,20000,132923,152923
33140420,138210,109843,248053
33140421,0,0,46
33140422,0,297323,297323
33140423,0,0,0
33140425,0,668818,668818
33140426,0,80289,80289
33140427,0,322826,322826
33140428,0,104990,104990
33140429,4102,158174,162276
33140430,359027,12200,371227
33140431,0,365482,365482
33140432,0,171935,171935
33140433,2060,259073,261133
33140434,36000,264896,300896
33140435,50000,89823,139823
33140436,0,295893,295893
33140437,0,230681,230681
33140438,0,5793,5793
33140439,0,209361,209361
33140440,43743,207348,251091
33140442,0,106459,106459
33140443,39405,160458,199863
33140444,0,431472,431472
33140445,3600,670918,674518
33140446,0,425991,425991
33140447,0,140243,140243
33140448,0,241724,241724
33140449,16000,145248,161248
33140450,0,176086,176086
33140451,0,411,411
33140452,0,182277,182277
33140453,16830,150883,167713
33140454,0,111217,111217
33140455,40529,164905,205434
33140456,0,136645,136645
33140457,0,880,880
33140458,0,418087,418087
33140459,67175,114527,181702
33140460,0,141125,141125
33140461,26660,230352,257012
33140462,0,206675,206675
33140463,60000,227973,287973
33140464,0,366276,366276
33140465,79600,160219,239819
33140466,89927,1024,90951
33140467,0,116028,116028
33140468,0,367330,367330
33140469,139680,17854,157534
33140470,0,135819,135819
33140471,47621,120332,167953
33140472,0,159277,159277
33140473,10000,188705,198705
33140474,43223,134656,177879
33140475,0,374255,374255
33140476,0,213890,213890
33140477,39775,262614,302389
33140478,71266,95596,166862
33140479,0,156188,156188
33140481,0,120873,120873
33140482,0,536695,536695
33140483,122227,145409,267636
33140484,79000,189446,268446
33140485,100000,309568,409568
33140486,40000,217738,257738
33140487,45220,124053,169273
33140488,97418,32046,129464
33140489,287,140034,140321
33140490,40456,287292,327748
33140491,12000,423137,435137
33140492,28786,295072,323858
33140493,180366,92686,273052
33140495,4000,223260,227260
33140496,50000,274959,324959
33140497,0,108359,108359
33140498,20000,244003,264003
33140499,0,1900,1900
33140500,23737,599297,623034
33140501,0,267843,267843
33140502,15417,163535,178952
33140503,9999,92141,102140
33140504,0,215491,215491
33140505,31600,106783,138383
33140506,55000,26035,81035
33140507,10000,361389,371389
33140508,0,2966,2966
33140509,0,932,932
33140510,0,199795,199795
33140511,0,181861,181861
33140512,0,155484,155484
33140513,0,310799,310799
33140514,19784,76415,96199
33140515,47000,216274,263274
33140516,2000,128651,130651
33140517,45070,195620,240690
33140518,0,306346,306346
33140519,0,371723,371723
33140521,0,112736,112736
33140522,0,460,460
33140523,40000,56885,96885
33140524,0,175370,175370
33140525,200000,96380,296380
33140526,39551,87605,127156
33140527,0,122843,122843
33140528,0,163677,163677
33140529,34000,34222,68222
33140530,0,348698,348698
33140531,0,171668,171668
33140532,114988,608,115596
33140533,0,19952,19952
33140534,89440,201494,290934
33140535,710,207123,207833
33140536,45009,251447,296456
33140537,0,5952,5952
33140538,0,381553,381553
33140539,201699,47523,249222
33140540,0,248834,248834
33140541,36907,1041371,1078278
33140542,0,158354,158354
33140543,118723,304618,423341
33140544,275948,1476,277424
33140545,215231,379401,594632
33140546,209557,1996,211553
33140547,203428,107659,311087
33140548,83151,199368,282519
33140549,0,139865,139865
33140550,0,200067,200067
33140551,0,246672,246672
33140552,1160,369756,370916
33140553,0,176752,176752
33140554,0,245036,245036
33140555,0,0,0
33140556,0,164967,164967
33140557,142607,204552,347159
33140558,0,324289,324289
33140559,6000,143693,149693
33140560,0,264923,264923
33140561,234863,9479,244342
33140562,0,370889,370889
33140563,0,181060,181060
33140564,0,129116,129116
33140565,0,340866,340866
33140566,0,485390,485390
33140567,300000,25317,325317
33140568,0,223342,223342
33140569,0,154063,154063
33140570,0,243000,243000
33140571,126788,183707,310495
33140572,225000,0,225000
33140573,43641,213992,257633
33140574,0,579327,579327
33140575,50000,186105,236105
33140577,0,241700,241700
33140578,97816,36608,134424
33140579,0,276912,276912
33140580,0,333794,333794
33140581,29560,283389,312949
33140582,0,158905,158905
33140583,425251,780756,1206007
33140584,62991,338123,401114
33140585,0,239247,239247
33140586,0,198621,198621
33140587,0,523101,523101
33140588,0,161022,161022
33140589,40000,89700,129700
33140590,25000,201284,226284
33140591,34316,224950,259266
33140592,0,155684,155684
33140593,36000,144140,180140
33140594,0,273358,273358
33140595,99568,187279,286847
33140596,0,572,572
33140597,0,773900,773900
33140598,227901,83169,311070
33140599,0,447448,447448
33140600,350000,269370,619370
33140601,50000,191638,241638
33140602,126467,52000,178467
33140603,0,252044,252044
33140604,0,74506,74506
33140605,0,478127,478127
33140606,0,607807,607807
33140607,199969,395392,595361
33140608,199853,250932,450785
33140609,275962,319849,595811
33140610,329752,151861,481613
33140611,0,1372,1372
33140612,0,647390,647390
33140613,300000,289069,589069
33140614,0,0,0
33140615,86500,200863,287363
33140616,0,540,540
33140617,7585,52965,60550
33140619,0,48119,48119
33150001,0,45539,45539
33150011,0,44232,44232
33150013,3100,44661,47761
33150014,0,2629,2629
33150016,0,103840,103840
33150017,11320,165002,176322
33150020,17879,29800,47679
33150021,30000,16234,46234
33150022,308000,409137,717137
33150023,3000,59897,62897
33150024,6750,106919,113669
33150025,35778,76226,112004
33150026,10032,59346,69378
33150028,3500,70781,74281
33150030,0,329,329
33150031,6500,51305,57805
33150032,0,77312,77312
33150033,30000,105456,135456
33150034,0,5436,5436
33150035,0,35797,35797
33150036,0,43296,43296
33150037,6000,81083,87083
33150038,0,1336,1336
33150039,0,270182,270182
33150040,0,140494,140494
33150041,0,1809,1809
33150042,1989,77587,79576
33150043,0,84509,84509
33150045,5822,123472,129294
33150046,0,39470,39470
33150047,0,65943,65943
33150049,16309,60578,76887
33150050,0,43421,43421
33150051,0,0,0
33150052,16000,19077,35077
33150053,0,47693,47693
33150054,0,89396,89396
33150055,0,99433,99433
33150056,0,163918,163918
33150058,0,144278,144278
33150059,0,114263,114263
33150060,63000,27845,90845
33150061,0,0,0
33150062,0,338,338
33150063,0,32215,32215
33150065,62120,123334,185454
33150066,3500,163472,166972
33150067,28300,82347,110647
33150069,28900,41589,70489
33150070,0,93145,93145
33150072,1504,47580,49084
33150074,0,27962,27962
33150075,0,30834,30834
33150076,0,71451,71451
33150077,0,630,630
33150078,0,116415,116415
33150079,5073,59163,64236
33150080,0,71365,71365
33150081,8000,45795,53795
33150082,0,31687,31687
33150084,0,98639,98639
33150086,0,76209,76209
33150087,5000,66135,71135
33150088,2000,111085,113085
33150089,12727,218213,230940
33150091,4312,90622,94934
33150092,12973,225995,238968
33150093,0,140195,140195
33150094,0,933,933
33150095,0,377,377
33150097,0,91800,91800
33150098,66921,177973,244894
33150099,1666,86501,88167
33150100,15000,44321,59321
33150101,6000,135827,141827
33150102,10290,93207,103497
33150104,0,441,441
33150108,0,47592,47592
33150109,9288,31405,40693
33150110,0,80493,80493
33150111,0,36934,36934
33150112,9851,62783,72634
33150113,40000,20161,60161
33150114,3600,128449,132049
33150115,48000,83862,131862
33150116,18000,73892,91892
33150117,34000,80761,114761
33150119,10695,134944,145639
33150120,0,140417,140417
33150121,0,57799,57799
33150122,0,203460,203460
33150123,18367,156232,174599
33150124,107541,246190,353731
33150125,0,32235,32235
33150126,0,65643,65643
33150127,0,50966,50966
33150128,0,546,546
33150129,0,54487,54487
33150130,25000,50488,75488
33150131,0,79434,79434
33150132,23500,14455,37955
33150133,0,4023,4023
33150134,0,109516,109516
33150135,0,85355,85355
33150136,0,48739,48739
33150137,0,53608,53608
33150138,15000,43056,58056
33150139,290,46876,47166
33150140,0,63712,63712
33150141,0,95600,95600
33150142,35000,13341,48341
33150143,0,0,0
33150144,0,46943,46943
33150145,0,5525,5525
33150147,0,93333,93333
33150148,0,6188,6188
33150149,122156,67871,190027
33150150,0,91276,91276
33150151,0,141,141
33150152,15700,52397,68097
33150153,0,37587,37587
33150154,0,69551,69551
33150155,97300,134879,232179
33150156,0,148,148
33150157,0,64508,64508
33150158,10000,61638,71638
33150159,3000,77759,80759
33150160,0,47798,47798
33150161,43318,66637,109955
33150162,0,0,0
33150163,5000,69210,74210
33150164,0,89207,89207
33150165,0,44048,44048
33150166,0,127810,127810
33150167,0,51373,51373
33150168,0,158184,158184
33150169,40000,95284,135284
33150171,0,112272,112272
33150172,20000,55560,75560
33150173,17576,202830,220406
33150174,8240,112344,120584
33150175,14612,125625,140237
33150176,0,49779,49779
33150177,0,215694,215694
33150180,0,45708,45708
33150181,0,86226,86226
33150182,40000,120160,160160
33150183,68000,149328,217328
33150184,46075,343142,389217
33150186,0,276434,276434
33150187,43286,268238,311524
33150188,0,165201,165201
33150190,17347,259883,277230
33150191,51488,95312,146800
33150192,12000,89,12089
33150193,0,132095,132095
33150194,45793,174534,220327
33150195,0,171571,171571
33150196,8000,93216,101216
33150197,81290,194883,276173
33150198,0,1000,1000
33150199,0,190918,190918
33150200,27081,97139,124220
33150201,0,321262,321262
33150202,167607,94198,261805
33150203,0,305098,305098
33150204,0,91552,91552
33150205,0,226513,226513
33150206,0,222162,222162
33150207,0,510350,510350
33150208,0,113300,113300
33150209,0,199130,199130
33150210,0,123801,123801
33150211,92205,146351,238556
33150212,2830,287896,290726
33150213,0,170805,170805
33150214,84890,91935,176825
33150215,193600,3364,196964
33150216,0,601578,601578
33150217,297599,8492,306091
33150218,0,166041,166041
33150219,0,133290,133290
33150220,0,129988,129988
33150221,0,281184,281184
33150222,0,251349,251349
33150223,21938,341247,363185
33150224,0,149000,149000
33150225,0,161447,161447
33150226,8500,211480,219980
33150227,189302,78457,267759
33150228,138688,44395,183083
33150229,0,162317,162317
33150230,0,296047,296047
33150231,211328,55036,266364
33150232,0,715000,715000
33150233,0,756079,756079
33150235,0,210202,210202
33150236,0,46908,46908
33160002,0,54574,54574
33160003,15000,45388,60388
33160004,35000,50019,85019
33160005,0,46200,46200
33160008,0,76651,76651
33160021,0,76946,76946
33160025,0,41680,41680
33160031,0,276,276
33160033,0,109799,109799
33160036,0,85656,85656
33160037,0,119358,119358
33160038,0,399,399
33160039,0,97499,97499
33160041,0,79236,79236
33160042,0,118192,118192
33160043,50000,54354,104354
33160045,0,113672,113672
33160046,5000,171797,176797
33160047,0,284790,284790
33160049,0,183868,183868
33160050,0,109439,109439
33160051,0,76279,76279
33160052,3000,72948,75948
33160053,0,80301,80301
33160054,50000,165479,215479
33160055,44800,13169,57969
33160057,0,94790,94790
33160060,0,76220,76220
33160063,0,51452,51452
33160065,0,41393,41393
33160066,0,70129,70129
33160067,0,82762,82762
33160068,30000,83820,113820
33160069,4000,87116,91116
33160070,0,98324,98324
33160071,0,0,0
33160072,0,57267,57267
33160073,0,57894,57894
33160074,0,145285,145285
33160075,0,96120,96120
33160076,0,59991,59991
33160077,0,124185,124185
33160078,0,97152,97152
33160079,0,93922,93922
33160081,0,78697,78697
33160082,21641,92209,113850
33160083,0,148629,148629
33160084,0,198260,198260
33160085,0,122079,122079
33160086,35160,130576,165736
33160087,0,118207,118207
33160088,0,104249,104249
33160089,0,126055,126055
33160091,17000,43390,60390
33160092,0,17464,17464
33160093,97024,400,97424
33160094,0,74406,74406
33160095,0,118155,118155
33160096,10000,79534,89534
33160097,0,68040,68040
33160098,0,45548,45548
33160099,0,68319,68319
33160100,0,34644,34644
33160101,0,2260,2260
33160102,0,104926,104926
33160104,0,183397,183397
33160105,0,79747,79747
33160106,126015,35732,161747
33160107,0,40564,40564
33160108,4000,115268,119268
33160110,0,58313,58313
33160111,0,33170,33170
33160112,30000,23054,53054
33160113,0,118346,118346
33160114,0,748,748
33160115,40000,41364,81364
33160117,0,135044,135044
33160118,0,0,0
33160120,0,115000,115000
33160124,0,160017,160017
33160125,12000,220314,232314
33160126,0,84062,84062
33160127,0,86395,86395
33160129,0,87561,87561
33160131,0,84114,84114
33160132,0,98908,98908
33160133,50000,86064,136064
33160134,0,61957,61957
33160135,30000,38827,68827
33160136,0,64723,64723
33160137,0,70463,70463
33160139,0,61468,61468
33160140,0,92953,92953
33160141,0,145100,145100
33160142,0,121834,121834
33160143,30000,66473,96473
33160144,0,80016,80016
33160145,0,71959,71959
33160146,0,84360,84360
33160147,0,431,431
33160148,40000,21845,61845
33160149,0,615,615
33160150,5000,21905,26905
33160151,0,160161,160161
33160152,0,98067,98067
33160153,0,75851,75851
33160154,0,81719,81719
33160155,0,58733,58733
33160156,0,205915,205915
33160157,0,0,0
33160158,0,41939,41939
33160159,0,93918,93918
33160160,0,77295,77295
33160161,0,1558,1558
33160162,100000,43690,143690
33160163,0,98688,98688
33160164,0,100911,100911
33160165,0,570,570
33160166,0,136495,136495
33160168,0,2770,2770
33160169,0,62527,62527
33160170,0,163,163
33160171,0,56168,56168
33160172,0,170360,170360
33160173,0,420,420
33160174,0,88022,88022
33160177,0,829,829
33160178,0,528,528
33160179,0,36047,36047
33160181,0,52040,52040
33160182,0,113875,113875
33160184,0,0,0
33160185,0,335,335
33160186,0,58759,58759
33160187,0,84524,84524
33160188,3500,112963,116463
33160189,0,87656,87656
33160190,0,119604,119604
33160192,0,62977,62977
33160193,0,79596,79596
33160194,0,74299,74299
33160195,0,0,0
33160196,0,0,0
33160197,0,96676,96676
33160200,0,121880,121880
33160201,0,87499,87499
33160202,0,53484,53484
33160203,0,196835,196835
33160204,0,91100,91100
33160205,0,71056,71056
33160206,0,77543,77543
33160207,0,144040,144040
33160208,0,159091,159091
33160210,12000,128821,140821
33160211,0,126925,126925
33160212,0,125624,125624
33160217,26000,161858,187858
33160218,0,62685,62685
33160219,0,116205,116205
33160220,0,91262,91262
33160221,0,170726,170726
33160222,900,162820,163720
33160224,0,102371,102371
33160225,20000,75311,95311
33160226,0,232875,232875
33160227,0,70850,70850
33160229,0,117803,117803
33160230,27500,89903,117403
33160232,62000,23162,85162
33160233,12000,7521,19521
33160234,12311,13059,25370
33160235,4000,123772,127772
33160237,5000,0,5000
33160238,12000,83389,95389
33160239,20290,105025,125315
33160240,30000,88399,118399
33160242,8700,113332,122032
33160245,4700,155987,160687
33160246,20000,9614,29614
33160248,0,122764,122764
33160249,4000,195590,199590
33160251,0,0,0
33160254,10000,131420,141420
33160255,37000,31772,68772
33160256,52200,130664,182864
33160260,12000,100167,112167
33160263,0,135297,135297
33160264,0,78579,78579
33160265,0,79914,79914
33160266,0,58673,58673
33160267,7500,101193,108693
33160268,0,73194,73194
33160270,0,72882,72882
33160271,0,95526,95526
33160273,0,129620,129620
33160275,24800,56402,81202
33160279,0,74679,74679
33160280,0,91038,91038
33160282,0,186237,186237
33160283,8500,106415,114915
33160284,7848,15621,23469
33160285,0,0,0
33160286,0,107480,107480
33160287,90000,151692,241692
33160288,0,136958,136958
33160289,43000,38883,81883
33160290,0,101365,101365
33160293,30000,103213,133213
33160294,50000,54676,104676
33160295,0,145683,145683
33160296,0,90142,90142
33160297,0,89459,89459
33160299,0,0,0
33160302,50000,291442,341442
33160304,0,125237,125237
33160306,0,0,0
33160308,15000,150916,165916
33160309,0,0,0
33160310,0,63133,63133
33160311,0,0,0
33160312,28803,48,28851
33160313,25300,49895,75195
33160314,0,75641,75641
33160315,0,288,288
33160317,0,92182,92182
33160322,0,77422,77422
33160323,37440,96211,133651
33160324,0,0,0
33160325,0,1020,1020
33160326,55000,67994,122994
33160327,8000,957,8957
33160328,0,146496,146496
33160329,0,0,0
33160330,52000,77784,129784
33160331,0,112568,112568
33160333,83000,169,83169
33160334,50000,32663,82663
33160335,100000,186829,286829
33160336,1300,51823,53123
33160337,50000,1647122,1697122
33160338,109633,7116,116749
33160341,0,92814,92814
33160342,19000,76438,95438
33160343,40000,66980,106980
33160344,0,73746,73746
33160345,0,79797,79797
33160346,0,80894,80894
33160347,0,153512,153512
33160349,0,93933,93933
33160352,0,75599,75599
33160353,96241,300373,396614
33160360,100000,7410,107410
33160367,5135,209816,214951
33160368,0,183638,183638
33160369,0,110018,110018
33160370,99642,189380,289022
33160371,0,201453,201453
33160372,0,179717,179717
33160373,50000,373754,423754
33160374,0,176707,176707
33160375,0,71216,71216
33160376,0,1879,1879
33160377,0,206194,206194
33160378,0,137951,137951
33160379,0,0,0
33160380,0,669,669
33160381,0,139287,139287
33160383,0,158436,158436
33160384,0,135216,135216
33160385,0,274037,274037
33160386,29013,161215,190228
33160387,120000,150031,270031
33160388,35000,150428,185428
33160389,0,334522,334522
33160390,0,93199,93199
33160391,60000,315522,375522
33160392,0,98151,98151
33160393,0,164705,164705
33160394,0,275384,275384
33160395,3290,631686,634976
33160396,0,238294,238294
33160397,55000,92155,147155
33160398,24500,136476,160976
33160399,0,136846,136846
33160400,0,89434,89434
33160401,0,169670,169670
33160402,60000,64057,124057
33160403,20000,108953,128953
33160404,0,0,0
33160405,0,0,0
33160406,78039,133683,211722
33160407,26729,495927,522656
33160408,3500,161691,165191
33160409,0,0,0
33160410,0,204441,204441
33160411,252000,512,252512
33160412,15000,132342,147342
33160413,0,317374,317374
33160414,93000,114341,207341
33160415,224320,10680,235000
33160416,0,225973,225973
33160417,0,466005,466005
33160418,0,156947,156947
33160419,100000,305287,405287
33160420,0,384,384
33160421,0,370103,370103
33160422,0,162259,162259
33160423,0,0,0
33160424,0,164748,164748
33160425,29000,194542,223542
33160426,0,0,0
33160427,0,224086,224086
33160428,0,154876,154876
33160429,88168,257959,346127
33160430,0,216510,216510
33160431,0,1892,1892
33160432,151025,59,151084
33160433,58000,102200,160200
33160434,0,262187,262187
33160435,0,218109,218109
33160436,387256,0,387256
33160437,0,301518,301518
33160438,0,290830,290830
33160439,0,864,864
33160440,76000,347372,423372
33160441,0,227149,227149
33160442,161230,556015,717245
33160443,0,659169,659169
33160444,0,103000,103000
33160445,0,0,0
33160446,50000,183728,233728
33160447,0,425244,425244
33160448,0,364260,364260
33160449,0,932620,932620
33160453,100000,109655,209655
33160454,0,65454,65454
33160455,0,83901,83901
33160456,0,56832,56832
33160457,0,117573,117573
33220002,55922,22585,78507
33220003,479610,57340,536950
33220004,763402,0,763402
33220005,539412,30447,569859
33220006,319289,330301,649590
33220012,28753,749824,778577
33220013,279950,242745,522695
33220014,357970,169,358139
33220015,102657,550,103207
33220016,133420,7118,140538
33220017,292923,217937,510860
33220018,49576,220038,269614
33220019,267467,8860,276327
33220020,133917,124963,258880
33220021,17732,510,18242
33220022,430391,1251,431642
33220023,354574,1967,356541
33220024,334931,5210,340141
33220025,250000,42547,292547
33220026,141034,17306,158340
33220027,554257,766723,1320980
33220028,401238,282102,683340
33220029,176616,101127,277743
33220030,145460,188074,333534
33220031,317983,230688,548671
33220032,110440,249134,359574
33220036,200000,277564,477564
33220040,15087,1207,16294
33220041,198352,239009,437361
33220042,65000,102657,167657
33220043,170575,282,170857
33220044,38959,446592,485551
33220045,79327,90976,170303
33220046,85850,102,85952
33220047,169265,305447,474712
33220048,0,0,0
33220049,0,0,0
33220050,335358,15633,350991
33220051,400531,56,400587
33220052,0,0,0
33220053,76,4295,4371
33220054,0,150243,150243
33220055,218216,227834,446050
33220056,230993,324742,555735
33220057,99900,126951,226851
33220058,1174012,826,1174838
33220062,115270,480218,595488
33220063,181343,469434,650777
33220064,472840,299842,772682
33220065,1064917,13265,1078182
33220066,185541,467051,652592
33220067,339856,11911,351767
33220068,0,793263,793263
33220069,319890,39843,359733
33220070,503313,422941,926254
33220071,31813,122969,154782
33220072,120175,58120,178295
33220073,165706,0,165706
33220074,0,202489,202489
33220075,152921,132891,285812
33220076,115930,150979,266909
33220077,482175,746,482921
33220078,761463,54,761517
33220088,95000,202869,297869
33220089,110000,337,110337
33220090,195000,3664,198664
33220091,200000,22779,222779
33220092,102990,355524,458514
33220093,83913,164802,248715
33220094,273435,30419,303854
33220095,266751,197,266948
33220096,99685,111362,211047
33220097,158606,0,158606
33220098,176179,203285,379464
33220099,120000,100671,220671
33220100,107000,68783,175783
33220101,129261,216487,345748
33220102,141500,677,142177
33220103,94941,332483,427424
33220104,195405,10645,206050
33220105,229000,178653,407653
33220106,246633,30724,277357
33220107,380175,145233,525408
33220108,335416,115699,451115
33220109,125000,48302,173302
33220110,151207,239126,390333
33220111,65000,118565,183565
33220115,210000,25647,235647
33220116,245620,98384,344004
33220117,175000,9859,184859
33220118,335651,282360,618011
33220119,0,350859,350859
33220120,155935,313963,469898
33220121,140000,53941,193941
33220123,157675,478,158153
33220124,180000,261,180261
33220125,106000,653,106653
33220126,117707,179425,297132
33220136,250000,6508,256508
33220137,90000,100892,190892
33220138,145790,241613,387403
33220139,166707,96286,262993
33220140,159000,10342,169342
33220141,159607,316757,476364
33220142,81912,40938,122850
33220143,200000,386183,586183
33220144,150600,81554,232154
33220145,50000,83043,133043
33220146,150000,76747,226747
33220147,49441,73579,123020
33220148,120000,48809,168809
33220149,174000,1051,175051
33220150,0,294491,294491
33220151,100000,53838,153838
33220152,50411,405159,455570
33220153,195000,146763,341763
33220154,119603,53924,173527
33220155,135000,3995,138995
33220156,150000,100903,250903
33220157,210000,84008,294008
33220158,349243,349325,698568
33220159,227750,212260,440010
33220160,106117,165879,271996
33220161,310000,272245,582245
33220162,305796,0,305796
33220163,0,172628,172628
33220164,0,991,991
33220165,200000,34681,234681
33220166,0,625488,625488
33220167,0,439121,439121
33220168,50000,40537,90537
33220169,180000,6896,186896
33220170,0,134959,134959
33220171,124436,188138,312574
33220172,103878,394702,498580
33220173,134492,933,135425
33220174,58178,299585,357763
33220175,95000,0,95000
33220176,128317,22795,151112
33220177,100000,283,100283
33220178,0,0,0
33220179,1600,165653,167253
33220180,160000,64170,224170
33220181,100000,228633,328633
33220182,339816,35109,374925
33220183,0,0,0
33220184,213542,431321,644863
33220234,0,0,0
33220241,78665,209693,288358
33220242,74221,1852,76073
33220247,38335,93953,132288
33220248,27400,87891,115291
33220249,78000,2214,80214
33220250,85929,76,86005
33220251,100128,4543,104671
33220253,28000,197105,225105
33220255,46500,672,47172
33220256,122000,560,122560
33220257,25572,253823,279395
33220258,35000,51462,86462
33220261,131690,52255,183945
33220263,67000,689,67689
33220264,75252,84312,159564
33220265,141000,34009,175009
33220267,150000,15326,165326
33220268,152076,10317,162393
33220269,109700,498,110198
33220271,212000,100415,312415
33220272,67000,1472,68472
33220275,97363,339972,437335
33220277,69820,2222,72042
33220279,75000,470,75470
33220283,94050,1577,95627
33220284,110000,7189,117189
33220285,77983,877,78860
33220287,79260,18812,98072
33220288,80500,142,80642
33220290,40000,79618,119618
33220291,32100,131522,163622
33220294,130000,1819,131819
33220295,100100,4281,104381
33220296,158500,943,159443
33220299,70890,61,70951
33220300,125331,86962,212293
33220301,70035,89496,159531
33220303,60000,200428,260428
33220304,60000,36237,96237
33220305,100000,1683,101683
33220307,58000,1572,59572
33220308,98000,154837,252837
33220309,50000,31278,81278
33220311,65000,11501,76501
33220316,55580,786,56366
33220317,123000,893,123893
33220319,99000,42000,141000
33220320,51000,1701,52701
33220322,50000,25872,75872
33220325,0,51064,51064
33220328,42035,110326,152361
33220329,43070,44648,87718
33220331,0,54660,54660
33220341,58700,1037,59737
33220342,186615,109384,295999
33220344,100514,4031,104545
33220348,50000,64055,114055
33220349,0,254996,254996
33220351,72597,302,72899
33220352,100000,208442,308442
33220355,86579,0,86579
33220356,17000,117755,134755
33220357,318375,88396,406771
33220358,112000,58979,170979
33220361,38943,45729,84672
33220362,84325,5383,89708
33220363,0,108545,108545
33220364,15000,82870,97870
33220365,53000,30445,83445
33220366,380600,55510,436110
33220367,152151,12902,165053
33220368,78000,8758,86758
33220369,117000,288,117288
33220370,47450,104677,152127
33220373,75000,2583,77583
33220374,143800,72,143872
33220376,1666,104694,106360
33220379,75000,5901,80901
33220380,85000,5854,90854
33220421,264000,608,264608
33220422,33695,96897,130592
33220423,80000,14288,94288
33220425,20000,217225,237225
33220427,45000,16228,61228
33220429,248580,405,248985
33220430,0,0,0
33220431,124000,34580,158580
33220432,137000,92,137092
33220434,0,253328,253328
33220435,45000,51488,96488
33220437,182600,144762,327362
33220438,80000,40539,120539
33220439,50000,63435,113435
33220440,127000,82,127082
33220441,98500,3238,101738
33220442,270000,20665,290665
33220444,0,60664,60664
33220447,0,151969,151969
33220449,50000,212269,262269
33220450,70000,16819,86819
33220451,100000,37408,137408
33220452,63000,635,63635
33220454,124000,158,124158
33220457,125000,34620,159620
33220459,0,97960,97960
33220460,139000,256862,395862
33220461,119211,683,119894
33220463,72000,255,72255
33220465,86260,28445,114705
33220466,112000,6,112006
33220467,348500,164,348664
33220469,144000,1288,145288
33220471,46362,54837,101199
33220472,37000,100800,137800
33220473,129000,41118,170118
33220475,31502,77704,109206
33220476,69100,8,69108
33220478,0,117453,117453
33220482,107000,2048,109048
33220486,105506,0,105506
33220487,95000,855,95855
33220488,0,66395,66395
33220489,80420,14080,94500
33220491,102450,29,102479
33220492,47500,428,47928
33220493,116500,85107,201607
33220494,134000,10081,144081
33220495,36000,27701,63701
33220496,50000,30698,80698
33220497,70000,0,70000
33220498,115070,13480,128550
33220499,50000,102516,152516
33220500,128000,565,128565
33220501,29000,74719,103719
33220503,65000,990,65990
33220504,129800,31536,161336
33220506,132999,1896,134895
33220510,0,138049,138049
33220512,220610,31790,252400
33220515,45380,4783,50163
33220518,58588,37531,96119
33220519,74849,49,74898
33220522,52500,188,52688
33220525,50000,14546,64546
33220526,17050,50044,67094
33220527,105070,13457,118527
33220528,88381,565,88946
33220530,40530,142197,182727
33220532,44789,12233,57022
33220537,65000,1198,66198
33220538,95000,41699,136699
33220540,92000,46142,138142
33220541,96000,40587,136587
33220542,88000,25003,113003
33220543,173550,752,174302
33220544,70000,23248,93248
33220546,78050,70,78120
33220549,77517,0,77517
33220550,50000,100717,150717
33220551,90000,17354,107354
33220552,35000,62911,97911
33220556,140000,116769,256769
33220557,138000,64,138064
33220558,65000,38698,103698
33220559,55493,2056,57549
33220561,70000,1629,71629
33220562,105000,17944,122944
33220563,69000,657,69657
33220564,30000,60189,90189
33220568,105000,27969,132969
33220569,78336,1330,79666
33220570,37743,643,38386
33220571,60000,138706,198706
33220572,58500,14642,73142
33220577,25575,53890,79465
33220580,72990,167639,240629
33220583,20275,33154,53429
33220587,0,49298,49298
33220588,30000,57876,87876
33220590,46661,2983,49644
33220591,27000,24976,51976
33220592,41836,471,42307
33220596,136756,36615,173371
33220597,40000,35149,75149
33220598,110000,2512,112512
33220601,112418,80319,192737
33220606,133918,34413,168331
33220607,40000,73651,113651
33220608,60000,3700,63700
33220609,35000,61709,96709
33220610,200000,17884,217884
33220663,150000,17512,167512
33220664,30000,69717,99717
33220665,50000,42194,92194
33220666,0,86346,86346
33220668,90000,2838,92838
33220669,60,76714,76774
33220670,150000,16699,166699
33220671,79800,98,79898
33220680,0,0,0
33220682,0,0,0
33220686,0,234700,234700
33220691,83000,1400,84400
33220692,95106,4586,99692
33220693,40000,23647,63647
33220694,90000,50889,140889
33220695,105000,39830,144830
33220697,125000,201179,326179
33220698,65000,18836,83836
33220700,45000,215,45215
33220701,62000,3325,65325
33220702,0,72643,72643
33220704,73000,1052,74052
33220705,45000,675,45675
33220706,86000,346,86346
33220708,0,92082,92082
33220709,0,150822,150822
33220710,78000,150,78150
33220711,100000,12034,112034
33220713,0,0,0
33220714,60000,3534,63534
33220716,78000,179,78179
33220717,70000,20359,90359
33220718,0,173378,173378
33220720,56000,983,56983
33220722,81000,16713,97713
33220723,0,49686,49686
33220724,91160,10179,101339
33220731,27513,68000,95513
33220733,83000,62,83062
33220734,52000,44695,96695
33220735,50000,1381,51381
33220736,70000,478,70478
33220737,69500,77,69577
33220738,214824,5059,219883
33220740,113880,9,113889
33220741,115000,1618,116618
33220742,259160,144042,403202
33220744,50000,12364,62364
33220745,0,0,0
33220746,174561,523,175084
33220747,100635,13793,114428
33220748,89177,162,89339
33220750,50000,13164,63164
33220751,50000,27535,77535
33220752,108700,101,108801
33220754,65000,238,65238
33220757,72000,36027,108027
33220758,0,95686,95686
33220760,35000,79620,114620
33220761,113365,1007,114372
33220762,80000,1819,81819
33220768,40000,123797,163797
33220769,60000,1074,61074
33220771,0,58249,58249
33220773,0,426305,426305
33220775,30000,30401,60401
33220776,50000,93528,143528
33220778,0,164870,164870
33220779,108000,0,108000
33220783,50000,52314,102314
33220784,46000,16,46016
33220786,44000,183,44183
33220791,101365,0,101365
33220792,80000,4714,84714
33220795,47000,4179,51179
33220796,60000,363,60363
33220801,110000,1756,111756
33220803,65200,196,65396
33220804,60000,126804,186804
33220805,52234,88805,141039
33220806,50000,4343,54343
33220811,0,0,0
33220817,50000,24391,74391
33220818,11930,124519,136449
33220821,0,102673,102673
33220823,51500,344,51844
33220824,135661,172426,308087
33220825,10000,55487,65487
33220827,35000,71828,106828
33220828,83000,1133,84133
33220829,30000,136699,166699
33220831,70000,23334,93334
33220833,25000,52251,77251
33220835,60000,52243,112243
33220836,76000,61,76061
33220837,0,0,0
33220840,208000,158702,366702
33220841,50000,27001,77001
33220842,50088,29430,79518
33220844,0,196953,196953
33220846,90000,137255,227255
33220848,73000,781,73781
33220850,20000,48936,68936
33220851,67000,221,67221
33220852,43000,351,43351
33220854,0,88296,88296
33220856,30000,23330,53330
33220857,15000,22014,37014
33220858,50000,55820,105820
33220859,0,228310,228310
33220861,50000,5271,55271
33220862,9000,170851,179851
33220863,88174,6712,94886
33220864,132000,886,132886
33220865,50000,34204,84204
33220868,0,79069,79069
33220869,70000,13240,83240
33220870,74163,544,74707
33220871,0,124552,124552
33220872,110564,571,111135
33220874,50000,149108,199108
33220875,182000,59180,241180
33220876,50000,42849,92849
33220877,95000,237,95237
33220878,59000,316,59316
33220879,110000,8872,118872
33220880,54000,697,54697
33220881,0,240494,240494
33220882,44000,500,44500
33220883,0,167445,167445
33220884,50306,91,50397
33220886,169000,113,169113
33220887,72500,96,72596
33220888,106000,1098,107098
33220890,60000,92596,152596
33220891,0,2209,2209
33220892,63000,676,63676
33220893,250000,509298,759298
33220895,0,0,0
33220896,85266,9,85275
33220897,85000,47634,132634
33220898,80000,28317,108317
33220899,55000,163082,218082
33220902,10000,45316,55316
33220903,43000,64,43064
33220906,0,113361,113361
33220908,20000,21068,41068
33220909,0,58592,58592
33220910,0,55858,55858
33220911,55000,340,55340
33220912,40000,56687,96687
33220913,0,93128,93128
33220915,0,236504,236504
33220916,0,47250,47250
33220917,0,280996,280996
33220919,45000,53920,98920
33220921,0,133158,133158
33220922,118000,274,118274
33220923,6000,403988,409988
33220924,105000,1073,106073
33220925,53900,7370,61270
33220926,150000,4242,154242
33220928,0,256101,256101
33220929,0,0,0
33220930,150000,3586,153586
33220931,89000,238,89238
33220932,84000,1841,85841
33220933,109000,69833,178833
33220935,49000,103800,152800
33220936,50000,36930,86930
33220937,97000,837,97837
33220940,118272,27104,145376
33220941,80000,20433,100433
33220943,60000,1693,61693
33220944,61000,1093,62093
33220946,50000,54461,104461
33220947,107593,176298,283891
33220948,88000,672,88672
33220950,50000,234453,284453
33220952,0,60430,60430
33220953,50000,6863,56863
33220954,107800,74,107874
33220955,180000,954,180954
33220956,97000,1763,98763
33220957,75700,20,75720
33220959,0,0,0
33220960,105000,2360,107360
33220962,99000,258,99258
33220966,0,136419,136419
33220968,86300,24951,111251
33220970,0,0,0
33220971,85000,65319,150319
33220972,100000,152071,252071
33220974,0,0,0
33220975,191473,245,191718
33220977,25000,179727,204727
33220978,5541,773311,778852
33220979,92977,274314,367291
33220980,0,165653,165653
33220981,0,0,0
33220982,99000,97775,196775
33220983,164000,1246,165246
33220984,75000,130547,205547
33220987,50000,2129,52129
33220992,130000,45856,175856
33220993,100000,5934,105934
33220994,98000,7741,105741
33221046,0,0,0
33221051,92000,70204,162204
33221054,11668,71978,83646
33221057,100300,21987,122287
33221060,60570,24320,84890
33221061,188000,152556,340556
33221062,135000,43058,178058
33221064,161000,770,161770
33221065,30000,114458,144458
33221067,0,189302,189302
33221071,63000,257,63257
33221072,50000,221076,271076
33221073,58000,200101,258101
33221074,100000,33057,133057
33221075,58000,777,58777
33221076,17557,150297,167854
33221077,172362,13000,185362
33221080,0,0,0
33221081,105043,3386,108429
33221083,72608,12000,84608
33221084,95000,4381,99381
33221087,0,0,0
33221090,0,83753,83753
33221094,95600,39,95639
33221095,82500,1276,83776
33221099,34000,10934,44934
33221100,100000,67900,167900
33221101,60000,10963,70963
33221103,132000,1468,133468
33221104,109000,670,109670
33221107,50000,48802,98802
33221109,0,107602,107602
33221110,0,63628,63628
33221113,95926,37348,133274
33221114,84936,1233,86169
33221115,65000,799,65799
33221120,0,43448,43448
33221122,30000,16388,46388
33221124,70000,2825,72825
33221137,111329,1626,112955
33221138,61050,520,61570
33221139,0,0,0
33221140,135450,5836,141286
33221141,105000,21368,126368
33221142,227600,698,228298
33221143,108000,1839,109839
33221144,110000,17144,127144
33221146,51000,746,51746
33221147,50000,117090,167090
33221148,64374,367,64741
33221151,50000,15593,65593
33221153,160000,1394,161394
33221154,0,0,0
33221155,0,101998,101998
33221157,77000,525,77525
33221158,25421,11174,36595
33221161,30110,42900,73010
33221162,0,124284,124284
33221163,15000,88152,103152
33221165,122420,6128,128548
33221166,100000,3636,103636
33221167,50000,85177,135177
33221168,50290,9161,59451
33221169,9605,70582,80187
33221170,23035,91040,114075
33221172,88000,101488,189488
33221173,55000,1248,56248
33221174,110000,1411,111411
33221176,98636,3679,102315
33221178,150000,47458,197458
33221179,0,0,0
33221180,0,0,0
33221182,0,0,0
33221183,66500,700,67200
33221184,0,0,0
33221185,0,0,0
33221186,61180,109362,170542
33221187,75000,11918,86918
33221188,219800,16,219816
33221193,40000,41458,81458
33221194,0,0,0
33221196,50000,44353,94353
33221197,140290,1423,141713
33221198,61000,754,61754
33221199,90259,65,90324
33221200,6200,57708,63908
33221201,50700,62243,112943
33221202,107710,40862,148572
33221203,0,0,0
33221208,55000,783,55783
33221211,40000,7689,47689
33221212,50550,543,51093
33221213,45000,45000,90000
33221214,0,57774,57774
33221216,59000,588,59588
33221217,10222,70458,80680
33221218,0,283898,283898
33221219,106000,1505,107505
33221220,100530,29471,130001
33221221,69100,637,69737
33221223,150000,28824,178824
33221224,0,0,0
33221225,45000,2080,47080
33221226,72020,134077,206097
33221227,0,0,0
33221228,46670,455,47125
33221229,135000,10629,145629
33221230,48558,11776,60334
33221231,88920,31264,120184
33221234,199253,726,199979
33221235,70335,7713,78048
33221236,0,47203,47203
33221240,27000,20544,47544
33221242,100625,524,101149
33221243,103000,22753,125753
33221244,335,85561,85896
33221245,0,333132,333132
33221246,90000,63132,153132
33221249,45984,34638,80622
33221251,84840,52916,137756
33221254,0,0,0
33221255,40000,25941,65941
33221256,120000,19436,139436
33221259,178657,21557,200214
33221260,20000,257571,277571
33221263,124000,497,124497
33221264,0,87958,87958
33221265,65000,132365,197365
33221267,40000,78945,118945
33221268,182500,506,183006
33221269,80000,491,80491
33221272,100300,15515,115815
33221274,155465,67103,222568
33221275,40000,34001,74001
33221276,192050,354,192404
33221278,7000,90027,97027
33221279,144255,58735,202990
33221280,39300,656,39956
33221281,40000,179697,219697
33221282,50000,2820,52820
33221283,70000,16734,86734
33221284,77462,981,78443
33221285,52000,743,52743
33221286,120000,16078,136078
33221287,77000,908,77908
33221289,50000,774,50774
33221290,40000,70189,110189
33221292,86000,163,86163
33221294,65000,375,65375
33221295,100000,103628,203628
33221298,75000,1642,76642
33221299,0,0,0
33221300,156381,29684,186065
33221301,40000,56469,96469
33221302,90000,35656,125656
33221303,64000,296,64296
33221304,100000,34711,134711
33221305,79750,266,80016
33221306,120000,21812,141812
33221308,50000,15680,65680
33221312,95000,10432,105432
33221316,43500,24444,67944
33221322,57000,623,57623
33221368,91470,1360,92830
33221371,171300,2388,173688
33221375,0,156044,156044
33221376,67500,150,67650
33221378,20000,43286,63286
33221379,100600,23331,123931
33221394,50000,150094,200094
33221404,43500,1343,44843
33221406,50000,76766,126766
33221407,45000,20902,65902
33221410,90000,512,90512
33221413,49000,916,49916
33221420,50000,22049,72049
33221422,71750,100,71850
33221424,164854,2100,166954
33221425,105848,25351,131199
33221427,7486,69207,76693
33221447,80000,825,80825
33221449,65000,4826,69826
33221450,110000,24469,134469
33221452,84433,3929,88362
33221454,45000,97941,142941
33221457,60000,41121,101121
33221458,100000,15738,115738
33221462,80000,88789,168789
33221464,129873,0,129873
33221467,75045,6000,81045
33221475,90000,5420,95420
33230003,156281,1037966,1194247
33230008,304048,8395,312443
33230009,153650,233356,387006
33230010,395334,666,396000
33230016,75956,274984,350940
33230018,338000,897,338897
33230019,570927,321418,892345
33230020,202072,4197,206269
33230021,150000,46113,196113
33230022,687076,61770,748846
33230023,327540,12288,339828
33230024,434000,611,434611
33230025,129566,0,129566
33230026,320000,571,320571
33230028,455107,744545,1199652
33230029,135495,149750,285245
33230031,424227,118612,542839
33230036,648404,712612,1361016
33230037,482202,647067,1129269
33230038,743604,4429,748033
33230039,23443,619667,643110
33230040,249557,163198,412755
33230041,0,209516,209516
33230042,0,204861,204861
33230057,0,1169,1169
33230058,0,809,809
33230059,0,27901,27901
33230060,24935,35009,59944
33230061,0,330,330
33230062,0,1452,1452
33230063,0,251,251
33230064,151,1730,1881
33230065,143,4226,4369
33230066,328000,924,328924
33230067,0,13810,13810
33230068,237784,397,238181
33230069,0,1208,1208
33230070,0,658,658
33230071,95000,82875,177875
33230072,163355,21315,184670
33230073,0,1830,1830
33230084,123471,139961,263432
33230085,153000,101,153101
33230086,0,74261,74261
33230087,51033,233972,285005
33230088,98121,1375,99496
33230089,0,0,0
33230090,59025,757,59782
33230091,81178,72842,154020
33230092,175321,153001,328322
33230093,317689,29847,347536
33230094,42000,31411,73411
33230095,80100,33473,113573
33230096,61000,259,61259
33230097,153016,223,153239
33230098,46000,201,46201
33230099,243195,4516,247711
33230100,317000,261056,578056
33230205,50035,10660,60695
33230207,50000,23992,73992
33230208,0,222710,222710
33230209,26000,488,26488
33230210,0,395,395
33230211,0,1615,1615
33230212,91372,26491,117863
33230213,21000,131,21131
33230214,0,1949,1949
33230216,97500,1215,98715
33230219,48000,29447,77447
33230220,172000,1577,173577
33230223,0,336801,336801
33230224,0,0,0
33230225,0,1144,1144
33230227,0,603,603
33230228,0,2442,2442
33230229,0,411,411
33230230,0,1869,1869
33230231,0,15378,15378
33230232,0,1182,1182
33230233,0,900,900
33230234,0,3202,3202
33230236,0,5697,5697
33230237,6000,10360,16360
33230238,64575,5676,70251
33230240,50000,22392,72392
33230242,0,1199,1199
33230243,0,715,715
33230244,0,632,632
33230245,34000,1296,35296
33230246,0,404,404
33230248,0,1330,1330
33230249,0,610,610
33230250,29500,289,29789
33230251,17500,7282,24782
33230253,0,1806,1806
33230254,0,382,382
33230256,0,2308,2308
33230257,0,974,974
33230258,0,34272,34272
33230259,76000,720,76720
33230260,0,876,876
33230261,4100,38,4138
33230262,124600,637083,761683
33230263,12000,75,12075
33230265,0,1837,1837
33230267,74000,1477,75477
33230269,0,426,426
33230271,0,1212,1212
33230272,100000,247,100247
33230273,0,935,935
33230274,0,1258,1258
33230276,40000,3272,43272
33230277,36575,419,36994
33230278,30000,57934,87934
33230279,0,763,763
33230280,1167,0,1167
33230282,30000,86608,116608
33230285,580,260,840
33230286,57,58896,58953
33230288,82000,1465,83465
33230289,0,76944,76944
33230290,4000,162,4162
33230291,100000,11500,111500
33230292,108439,2971,111410
33230293,0,164,164
33230294,45731,359,46090
33230295,0,966,966
33230298,0,52930,52930
33230299,50000,3588,53588
33230301,0,54317,54317
33230303,77581,0,77581
33230304,0,206,206
33230305,0,244,244
33230306,9300,8524,17824
33230307,72,4068,4140
33230308,0,88,88
33230309,0,31,31
33230311,0,65,65
33230312,0,183,183
33230314,0,4152,4152
33230315,0,1219,1219
33230316,0,500,500
33230318,0,54,54
33230319,0,2041,2041
33230321,0,15561,15561
33230323,0,941,941
33230324,0,1045,1045
33230326,0,106,106
33230327,0,231,231
33230329,0,224,224
33230330,0,1358,1358
33230332,50000,88637,138637
33230333,97000,154354,251354
33230335,0,1300,1300
33230339,0,11,11
33230341,0,126,126
33230342,0,183,183
33230344,25000,1216,26216
33230345,16000,70556,86556
33230346,58000,54612,112612
33230347,0,433,433
33230348,50000,2959,52959
33230349,0,1127,1127
33230350,0,149,149
33230501,33000,1061,34061
33230505,0,946,946
33230507,30028,269,30297
33230508,75000,221,75221
33230512,149999,26673,176672
33230513,60000,1534,61534
33230514,29000,284,29284
33230515,41700,2,41702
33230517,60000,8693,68693
33230518,114690,13126,127816
33230519,0,66654,66654
33230520,66000,388,66388
33230521,46000,162,46162
33230524,0,27008,27008
33230525,32000,29152,61152
33230527,68000,846,68846
33230529,0,54494,54494
33230530,40000,103922,143922
33230531,31000,443,31443
33230533,50000,49851,99851
33230534,53000,1061,54061
33230535,34000,2245,36245
33230537,0,97767,97767
33230538,44000,733,44733
33230540,0,59449,59449
33230542,44000,7361,51361
33230543,50000,4750,54750
33230544,39185,866,40051
33230545,65000,1464,66464
33230546,140846,210,141056
33230549,70000,278,70278
33230552,26000,943,26943
33230553,30000,129,30129
33230555,0,55588,55588
33230558,0,48493,48493
33230559,43000,584,43584
33230560,55000,99,55099
33230561,100000,3861,103861
33230563,60000,5772,65772
33230564,46949,2478,49427
33230565,28800,8954,37754
33230566,0,68846,68846
33230568,79500,423,79923
33230569,69000,3160,72160
33230570,39000,802,39802
33230571,31000,1447,32447
33230572,46000,1190,47190
33230573,0,26040,26040
33230574,75000,1585,76585
33230575,50000,1803,51803
33230576,47000,50,47050
33230577,0,26947,26947
33230578,39500,337,39837
33230579,98000,906,98906
33230580,0,79181,79181
33230583,23000,116,23116
33230584,0,159624,159624
33230585,28500,521,29021
33230586,30000,32800,62800
33230587,15000,8607,23607
33230589,49000,217,49217
33230590,103753,5171,108924
33230591,38000,300,38300
33230592,42000,939,42939
33230593,68000,105832,173832
33230594,38000,1650,39650
33230595,27000,1435,28435
33230596,100000,47984,147984
33230597,50000,10468,60468
33230598,50000,63889,113889
33230600,39000,490,39490
33230601,53000,93,53093
33230602,47000,276,47276
33230603,75000,4284,79284
33230604,40468,8033,48501
33230607,78000,8733,86733
33230609,80000,1953,81953
33230610,146882,116415,263297
33230613,0,478,478
33230616,24000,36,24036
33230618,132619,735,133354
33230619,55000,1472,56472
33230621,39000,1245,40245
33230622,42000,302,42302
33230623,24000,26117,50117
33230624,0,46842,46842
33230629,86000,8640,94640
33230630,36000,36,36036
33230633,50000,51296,101296
33230635,28000,17863,45863
33230637,43703,9390,53093
33230638,72000,1381,73381
33230639,0,109940,109940
33230641,0,0,0
33230642,0,71812,71812
33230643,25710,260,25970
33230645,32500,233,32733
33230646,50000,5599,55599
33230647,50000,54317,104317
33230648,45090,4165,49255
33230649,112300,1365,113665
33230651,28000,817,28817
33230652,66000,2861,68861
33230653,36000,459,36459
33230655,45000,1306,46306
33230656,36626,2000,38626
33230657,20000,6610,26610
33230658,0,23540,23540
33230659,20000,5884,25884
33230660,50000,27007,77007
33230661,24000,899,24899
33230662,24000,875,24875
33230664,80900,500,81400
33230665,0,28042,28042
33230667,50000,2663,52663
33230668,35754,165,35919
33230671,23500,137,23637
33230672,47000,363,47363
33230674,88000,91,88091
33230676,0,102448,102448
33230678,48000,1747,49747
33230679,26000,862,26862
33230680,0,32740,32740
33230682,49000,49607,98607
33230684,54000,363,54363
33230685,80674,135922,216596
33230686,36000,329,36329
33230687,45123,100509,145632
33230689,34000,277,34277
33230691,25000,911,25911
33230692,50000,42780,92780
33230694,35000,1484,36484
33230695,0,35599,35599
33230696,20000,3598,23598
33230697,28041,1793,29834
33230699,43720,15,43735
33230700,29000,783,29783
33230701,10000,18028,28028
33230702,109650,562,110212
33230752,1994,50666,52660
33230753,0,0,16168
33230755,0,1497,1497
33230771,0,1611,1611
33230778,0,1453,1453
33230780,0,5611,5611
33230783,7215,2938,10153
33230790,30000,9428,39428
33230797,0,810,810
33230804,175000,103786,278786
33230805,0,912,912
33230806,0,965,965
33230807,110000,107005,217005
33230849,100428,1140,101568
33240001,253842,1237,255079
33240002,19000,755,19755
33240004,176000,472620,648620
33240005,183000,6314,189314
33240006,215502,197392,412894
33240007,65008,320279,385287
33240011,98721,773,99494
33240012,0,0,0
33240013,169805,491,170296
33240014,294419,1860,296279
33240015,0,1583,1583
33240017,400000,75395,475395
33240027,0,227298,227298
33240030,0,723741,723741
33240032,151453,569,152022
33240033,315600,457,316057
33240034,198947,3114,202061
33240035,26918,316706,343624
33240043,73334,132,73466
33240044,0,0,0
33240045,0,8,8
33240046,0,180454,180454
33240047,0,0,0
33240048,193000,1985,194985
33240049,191776,3026,194802
33240050,320900,891,321791
33240051,72277,317128,389405
33240052,59844,352294,412138
33240053,164301,156759,321060
33240054,250000,4641,254641
33240055,100153,186647,286800
33240056,50000,118766,168766
33240074,217299,860,218159
33240075,30000,68304,98304
33240076,140000,38265,178265
33240077,95500,10858,106358
33240078,106190,107,106297
33240079,171702,3040,174742
33240080,146721,155,146876
33240081,165000,17291,182291
33240082,171955,62339,234294
33240083,153447,179525,332972
33240103,80080,478,80558
33240107,242998,151048,394046
33240108,143035,46944,189979
33240109,24035,125593,149628
33240110,140000,9301,149301
33240111,115000,34852,149852
33240114,119000,6538,125538
33240116,83400,115,83515
33240117,93348,1182,94530
33240118,64217,92712,156929
33240119,171981,255693,427674
33240120,120000,42045,162045
33240121,70000,45908,115908
33240122,40000,21442,61442
33240123,0,0,0
33240124,70000,69824,139824
33240125,130000,13247,143247
33240126,105330,8025,113355
33240128,0,0,92468
33240130,71252,0,71252
33240131,65669,0,65669
33240132,50000,20967,70967
33240133,0,68819,68819
33240135,48000,315,48315
33240136,100000,14788,114788
33240137,40000,35808,75808
33240138,0,99735,99735
33240139,100300,106645,206945
33240140,66700,82779,149479
33240141,10000,64854,74854
33240142,60000,4248,64248
33240143,83058,1394,84452
33240144,85000,8895,93895
33240145,130000,57023,187023
33240146,76751,264,77015
33240147,21300,187461,208761
33240148,14056,40777,54833
33240149,76000,1282,77282
33240151,91000,500,91500
33240154,73733,32000,105733
33240155,50000,86973,136973
33240158,110000,63545,173545
33240159,180058,5041,185099
33240160,30000,125077,155077
33240161,191000,921,191921
33240162,214868,36081,250949
33240163,139592,356,139948
33240164,101076,0,101076
33240167,105000,3239,108239
33240168,60360,716,61076
33240169,260070,397,260467
33240170,138500,326,138826
33240171,179569,672,180241
33240172,18000,112432,130432
33240173,70000,166830,236830
33240174,190300,1224,191524
33240175,40000,65203,105203
33240176,37500,107838,145338
33240182,183075,47545,230620
33240183,40000,85781,125781
33240185,18000,197070,215070
33240186,70003,556,70559
33240187,30000,35278,65278
33240188,100000,158206,258206
33240189,91035,789,91824
33240190,59000,808,59808
33240191,72058,2600,74658
33240192,130000,6876,136876
33240194,195535,7927,203462
33240195,110000,4414,114414
33240197,169696,267438,437134
33240198,64000,70397,134397
33240199,67000,155037,222037
33240200,65000,21683,86683
33240202,70000,38543,108543
33240203,145628,308,145936
33240353,30000,45741,75741
33240355,0,0,0
33240356,23900,24033,47933
33240357,50000,62000,112000
33240359,68000,637,68637
33240360,24000,27261,51261
33240363,36093,44907,81000
33240364,140223,1245,141468
33240365,100000,6864,106864
33240366,65000,60854,125854
33240367,50000,22355,72355
33240368,79000,20538,99538
33240369,78000,622,78622
33240370,175290,8141,183431
33240372,49000,3475,52475
33240375,95000,974,95974
33240378,43000,72870,115870
33240379,103420,13,103433
33240384,80000,146582,226582
33240385,0,75880,75880
33240386,13500,60428,73928
33240388,32000,36118,68118
33240389,0,0,0
33240390,150000,81375,231375
33240391,96255,10000,106255
33240392,0,0,0
33240393,30000,28515,58515
33240394,43000,20614,63614
33240395,70219,6545,76764
33240396,65000,653,65653
33240397,0,0,135765
33240398,30000,49701,79701
33240400,92000,394,92394
33240401,100000,14970,114970
33240403,151500,688,152188
33240404,144004,128669,272673
33240405,150000,71098,221098
33240406,49428,4751,54179
33240407,92212,1000,93212
33240408,0,0,0
33240409,101647,439,102086
33240410,23300,81490,104790
33240411,115770,597,116367
33240413,45000,38802,83802
33240415,0,90450,90450
33240418,0,170351,170351
33240421,85000,32664,117664
33240422,165050,418,165468
33240423,0,0,79875
33240425,5000,96576,101576
33240426,50000,126173,176173
33240427,33270,71751,105021
33240428,91000,58604,149604
33240429,0,173798,173798
33240432,85000,48906,133906
33240434,0,147519,147519
33240435,78057,154,78211
33240436,98000,785,98785
33240437,145353,480,145833
33240438,91000,661,91661
33240440,115000,527,115527
33240442,97000,5711,102711
33240443,105000,13081,118081
33240444,0,64442,64442
33240445,25580,16002,41582
33240447,130000,20045,150045
33240448,0,111993,111993
33240450,0,0,0
33240451,40077,54675,94752
33240452,59000,455,59455
33240453,0,0,0
33240454,72000,608,72608
33240455,90142,39582,129724
33240456,50000,26504,76504
33240457,211,152546,152757
33240460,75000,321,75321
33240461,80370,47122,127492
33240462,87000,408,87408
33240464,1278,135341,136619
33240465,62000,235,62235
33240467,66944,11186,78130
33240468,13000,34217,47217
33240469,0,0,0
33240471,94000,843,94843
33240472,90000,1095,91095
33240473,70000,3124,73124
33240474,69000,472,69472
33240475,68009,1114,69123
33240476,90000,300,90300
33240479,0,61973,61973
33240480,50000,16409,66409
33240481,78000,1371,79371
33240482,35050,25988,61038
33240483,50000,30360,80360
33240484,33500,624,34124
33240485,80000,9297,89297
33240486,40000,8139,48139
33240487,50000,31144,81144
33240488,30000,39983,69983
33240489,40000,46234,86234
33240490,75330,178,75508
33240491,35000,107988,142988
33240494,30000,164736,194736
33240496,59000,457,59457
33240497,103000,64,103064
33240498,100215,14858,115073
33240499,88000,204,88204
33240650,50093,790,50883
33240712,23610,83500,107110
33240714,84000,3048,87048
33240733,0,265116,265116
33240735,147105,15480,162585
33240736,100035,979,101014
33240740,90000,780,90780
33240741,82448,288,82736
33240742,185600,5005,190605
33240743,96000,1191,97191
33240744,85000,501,85501
33240748,119100,368,119468
33240848,0,0,0
33240851,40000,769,40769
33240853,99000,16964,115964
33240855,0,50865,50865
33250001,274731,454018,728749
33250007,123195,131394,254589
33250008,1165609,335119,1500728
33250009,258388,3418,261806
33250010,25000,59890,84890
33250011,387628,120294,507922
33250033,0,0,0
33250034,227705,152399,380104
33250035,425459,887,426346
33250037,230941,23790,254731
33250038,283692,851662,1135354
33250039,199000,171855,370855
33250059,309500,310,309810
33250060,147195,737,147932
33250061,394176,88,394264
33250079,25192,36274,61466
33250080,118093,32966,151059
33250081,147088,93313,240401
33250082,212701,2430,215131
33250083,272364,437,272801
33250084,0,0,0
33250085,0,459,459
33250086,86395,97930,184325
33250087,66772,22751,89523
33250112,147000,95522,242522
33250113,0,194139,194139
33250114,178000,147622,325622
33250127,150176,77756,227932
33250128,463766,2505,466271
33250129,190000,17574,207574
33250130,39357,301406,340763
33250133,200000,2057,202057
33250134,184000,8991,192991
33250135,48000,110538,158538
33250185,123184,1059,124243
33250186,111772,0,111772
33250187,114109,83232,197341
33250188,5490,141027,146517
33250191,84906,40068,124974
33250192,52981,1570,54551
33250193,65035,67729,132764
33250194,105000,51974,156974
33250196,120452,515,120967
33250197,174505,911,175416
33250198,84163,3283,87446
33250199,50000,1197,51197
33250200,36470,148163,184633
33250201,90160,87781,177941
33250204,67035,889,67924
33250205,73580,66219,139799
33250208,120058,606,120664
33250209,129000,842,129842
33250210,172091,15348,187439
33250211,70000,179890,249890
33250212,49435,30249,79684
33250213,49030,5757,54787
33250214,80030,16819,96849
33250215,101649,483,102132
33250216,126000,1545,127545
33250217,297903,164808,462711
33250220,69000,566,69566
33250221,85965,293,86258
33250224,100300,13057,113357
33250225,88000,273,88273
33250226,39116,49093,88209
33250228,20000,5110,25110
33250229,91004,53285,144289
33250230,15226,54666,69892
33250381,105395,1743,107138
33250382,264035,133458,397493
33250384,0,25723,25723
33250388,115624,1165,116789
33250389,55779,94,55873
33250390,41342,17560,58902
33250391,45939,154,46093
33250394,40000,2412,42412
33250395,64000,1112,65112
33250396,70035,309,70344
33250398,140000,63656,203656
33250399,53000,108,53108
33250401,220464,44169,264633
33250402,63914,0,63914
33250403,77827,8633,86460
33250405,142000,27248,169248
33250407,142415,405824,548239
33250408,79000,711,79711
33250409,95360,9245,104605
33250410,139172,20018,159190
33250412,0,42686,42686
33250415,0,75791,75791
33250419,110368,1191,111559
33250453,90000,45600,135600
33250611,310807,1367,312174
33250612,50105,35308,85413
33250613,230000,126515,356515
33250614,19626,144207,163833
33250616,0,171408,171408
33250618,0,102066,102066
33250619,0,248353,248353
33250620,53500,83780,137280
33250621,49000,81437,130437
33250622,69170,152073,221243
33250624,85000,44525,129525
33250626,135000,454,135454
33250628,72914,213530,286444
33250629,64160,91785,155945
33250630,75000,1323,76323
33250632,33060,44690,77750
33250633,78000,59604,137604
33250637,0,90666,90666
33250638,124000,78085,202085
33250639,28000,101001,129001
33250640,15000,3971,18971
33250641,57000,3097,60097
33250642,50000,1581,51581
33250643,89562,4879,94441
33250646,0,173133,173133
33250648,115000,19116,134116
33250649,57000,40508,97508
33250651,0,46783,46783
33250652,115000,93825,208825
33250653,89000,145,89145
33250654,34000,103569,137569
33250656,31110,19269,50379
33250658,67035,1662,68697
33250659,80000,3989,83989
33250661,73883,297,74180
33250998,42000,13197,55197
33250999,122000,57630,179630
33251001,10000,60367,70367
33251002,50000,27402,77402
33251003,130000,43035,173035
33251004,79000,236,79236
33251005,128000,3378,131378
33251006,35000,93541,128541
33251007,80000,120495,200495
33251008,50000,1728,51728
33251010,0,92234,92234
33251013,30150,14876,45026
33251014,30000,17304,47304
33251015,40000,54448,94448
33251017,29288,24326,53614
33251018,91261,996,92257
33251019,30000,117522,147522
33251020,57261,136408,193669
33251021,62000,52173,114173
33251023,90000,5645,95645
33251024,145000,264019,409019
33251025,50000,5547,55547
33251026,106514,622,107136
33251027,76850,64710,141560
33251028,100000,2220,102220
33251029,57731,39607,97338
33251030,0,59812,59812
33251032,65240,41342,106582
33251033,0,46855,46855
33251034,151344,120,151464
33251036,49571,1039,50610
33251037,93193,71253,164446
33251038,30000,41373,71373
33251039,41544,539,42083
33251040,0,0,0
33251042,53000,50469,103469
33251043,130635,418,131053
33251044,0,78259,78259
33251045,240,109292,109532
33251326,50500,41847,92347
33251329,60000,2235,62235
33251330,60500,33,60533
33251332,44014,304,44318
33251333,51070,12819,63889
33251334,55082,31563,86645
33251337,154000,2022,156022
33251342,0,60080,60080
33251400,211506,671,212177
33251448,190227,49959,240186
33251451,36000,1054,37054
33251461,80000,36811,116811
33251466,0,82673,82673
33251469,64341,150,64491
33251472,50000,1410,51410
33251473,50,45516,45566
33251474,0,59644,59644
33251475,66100,26603,92703
33310001,286036,133570,419606
33310002,66878,592,67470
33310004,0,23515,23515
33310005,31424,700,32124
33310006,62000,73410,135410
33310007,0,553,553
33310008,0,72,72
33310009,0,5104,5104
33310010,0,0,0
33310011,25242,272184,297426
33310012,61003,85843,146846
33310013,303,83552,83855
33310014,0,1667,1667
33310015,0,381,381
33310016,0,65855,65855
33310017,0,1947,1947
33310018,80815,455536,536351
33310019,99279,1,99280
33310020,0,342,342
33310021,0,8595,8595
33310022,0,250,250
33310023,0,0,0
33310024,65171,16061,81232
33310025,0,1107,1107
33310026,0,200989,200989
33310027,0,1205,1205
33310028,237906,189697,427603
33310029,19120,1,19121
33310030,0,1019,1019
33310031,0,140059,140059
33310032,9869,113249,123118
33310033,0,281,281
33310034,8541,237129,245670
33310035,0,393,393
33310036,0,1345,1345
33310037,250,3850,4100
33310038,0,4429,4429
33310039,0,1111,1111
33310040,0,332,332
33310041,0,311804,311804
33310042,0,598,598
33310043,64693,182502,247195
33310044,79345,31539,110884
33310045,38304,37830,76134
33310046,63059,6571,69630
33310047,93570,77679,171249
33310048,150,197765,197915
33310049,80065,38399,118464
33310050,52315,56377,108692
33310051,19007,184211,203218
33310052,68478,19752,88230
33310053,146924,171356,318280
33310054,160807,16929,177736
33310055,49900,113100,163000
33310056,7987,1279,9266
33310057,65000,79921,144921
33310058,10482,111996,122478
33310059,139947,147168,287115
33310060,0,233396,233396
33310061,95959,111073,207032
33310062,30860,8571,39431
33310063,19091,448349,467440
33310064,14670,1412,16082
33310065,152502,523687,676189
33310066,84500,26089,110589
33310067,40395,34654,75049
33310068,0,0,0
33310069,69079,47283,116362
33310070,78135,211293,289428
33310071,40943,173565,214508
33310072,54000,302,54302
33310073,120959,224956,345915
33310074,31351,198389,229740
33310075,45214,71043,116257
33310076,294000,5329,299329
33310077,59570,85090,144660
33310078,82101,27731,109832
33310079,65255,86852,152107
33310080,27880,13085,40965
33310081,64909,52492,117401
33310082,97160,174493,271653
33310083,78000,288,78288
33310084,15433,46274,61707
33310085,28,159059,159087
33310086,0,302,302
33310087,48493,9087,57580
33310088,143500,2503,146003
33310089,0,244719,244719
33310090,111925,203237,315162
33310091,43300,112,43412
33310092,45696,33855,79551
33310093,62000,85286,147286
33310094,33065,44726,77791
33310095,56784,27148,83932
33310096,44800,173172,217972
33310098,6000,86147,92147
33310099,11759,36269,48028
33310100,14932,83364,98296
33310101,1712,1775,3487
33310102,0,63,63
33310103,2000,65,2065
33310104,60331,1821,62152
33310105,15000,40068,55068
33310107,37150,6290,43440
33310109,0,351,351
33310110,32835,32171,65006
33310111,22920,13286,36206
33310112,50000,62,50062
33310113,35000,20381,55381
33310114,8436,74878,83314
33310115,115405,117368,232773
33310119,24700,8815,33515
33310121,112251,94688,206939
33310122,18000,115975,133975
33310123,0,118182,118182
33310125,3300,22253,25553
33310126,58709,76314,135023
33310127,26700,27361,54061
33310128,202119,831297,1033416
33310129,63500,65980,129480
33310130,46000,1025,47025
33310132,35000,115,35115
33310133,81718,1533,83251
33310134,6160,248083,254243
33310135,6000,221338,227338
33310137,29000,42101,71101
33310138,43550,3338,46888
33310140,98000,959,98959
33310141,22523,18150,40673
33310142,79250,62645,141895
33310143,113876,184869,298745
33310144,49970,15499,65469
33310146,45000,7628,52628
33310149,4000,115485,119485
33310151,15000,55390,70390
33310152,34000,44320,78320
33310153,15225,100661,115886
33310154,41055,42502,83557
33310155,55000,19485,74485
33310156,5710,23348,29058
33310157,38500,5727,44227
33310158,0,7332,7332
33310160,63780,90904,154684
33310161,30000,29982,59982
33310163,17000,33373,50373
33310164,14000,2887,16887
33310165,50000,41295,91295
33310168,23470,191,23661
33310169,42765,22214,64979
33310170,0,136847,136847
33310171,75290,178,75468
33310172,62000,96095,158095
33310173,40400,38378,78778
33310174,0,176,176
33310175,70000,158226,228226
33310176,56500,31,56531
33310177,16647,75472,92119
33310178,110872,69040,179912
33310179,211211,0,211211
33310180,0,64736,64736
33310181,0,41108,41108
33310182,62000,46418,108418
33310184,20000,206921,226921
33310185,30590,56950,87540
33310186,81400,3168,84568
33310187,32200,50999,83199
33310189,102320,87117,189437
33310190,5126,13730,18856
33310191,73050,4050,77100
33310193,0,136188,136188
33310194,109000,3261,112261
33310197,33000,24694,57694
33310198,0,27589,27589
33310199,71300,98805,170105
33310200,48823,207529,256352
33310202,19543,634,20177
33310204,0,77852,77852
33310206,122700,20351,143051
33310207,0,32326,32326
33310208,0,79442,79442
33310209,6000,1341,7341
33310210,45800,133277,179077
33310211,24956,15081,40037
33310212,6666,18577,25243
33310213,0,62749,62749
33310214,27930,110290,138220
33310215,0,1050,1050
33310216,18160,41822,59982
33310218,0,949,949
33310221,0,1866,1866
33310222,52098,44815,96913
33310223,0,499,499
33310225,35000,50875,85875
33310226,0,60096,60096
33310228,0,83489,83489
33310231,0,39902,39902
33310232,4777,140,4917
33310233,29912,539,30451
33310234,36000,688,36688
33310236,1800,18,1818
33310237,0,52116,52116
33310238,0,85116,85116
33310239,7890,70703,78593
33310242,0,61747,61747
33310243,34000,6482,40482
33310245,25000,19641,44641
33310246,45000,86245,131245
33310248,0,109204,109204
33310249,91160,127892,219052
33310250,0,4006,4006
33310251,0,121923,121923
33310252,45000,119685,164685
33310253,45000,117930,162930
33310254,0,67316,67316
33310255,49590,72645,122235
33310256,55000,117950,172950
33310257,30000,134899,164899
33310258,45000,13111,58111
33310259,34000,183885,217885
33310260,38500,11692,50192
33310262,35200,88044,123244
33310263,4000,118655,122655
33310264,79566,147454,227020
33310265,30000,52697,82697
33310266,4000,47287,51287
33310267,32700,15583,48283
33310268,53000,255,53255
33310269,4500,34374,38874
33310270,56000,86511,142511
33310271,10295,78034,88329
33310272,0,27156,27156
33310273,4000,48013,52013
33310274,27326,36768,64094
33310275,8000,29291,37291
33310276,44000,44716,88716
33310277,95667,24371,120038
33310280,4000,41386,45386
33310281,88725,7123,95848
33310282,37000,355,37355
33310283,35000,73164,108164
33310284,72000,49709,121709
33310285,22492,25541,48033
33310286,8000,11016,19016
33310287,22000,1208,23208
33310288,46000,86041,132041
33310290,23600,33505,57105
33310291,143490,7593,151083
33310292,72300,31854,104154
33310293,106811,154065,260876
33310294,88555,23000,111555
33310295,50000,439,50439
33310296,11280,65920,77200
33310297,0,79688,79688
33310298,56300,36790,93090
33310299,55000,25628,80628
33310300,36000,31683,67683
33310301,83999,37430,121429
33310303,55992,2494,58486
33310304,102038,21279,123317
33310305,48000,33729,81729
33310307,103201,129173,232374
33310308,0,3708,3708
33310309,30000,15444,45444
33310310,85100,540,85640
33310311,48900,56012,104912
33310312,85732,2440,88172
33310313,16290,63991,80281
33310314,36800,44,36844
33310315,37435,5348,42783
33310316,41000,5297,46297
33310317,50160,6696,56856
33310318,0,55825,55825
33310319,28400,128368,156768
33310320,105074,86767,191841
33310321,89200,1781,90981
33310322,49790,18562,68352
33310326,138463,103953,242416
33310327,83287,9808,93095
33310328,39168,227,39395
33310329,34724,11301,46025
33310330,47120,156082,203202
33310331,48000,46,48046
33310332,50000,83642,133642
33310333,33893,718,34611
33310334,9500,273,9773
33310336,31588,79656,111244
33310337,30000,58876,88876
33310338,35393,53322,88715
33310339,6727,47,6774
33310340,35992,20034,56026
33310341,12059,191718,203777
33310342,32450,117892,150342
33310343,30000,1544,31544
33310344,0,75427,75427
33310345,23000,138635,161635
33310346,0,39379,39379
33310347,43257,106475,149732
33310348,49000,214764,263764
33310349,0,134698,134698
33310350,32078,0,32078
33310351,15000,15704,30704
33310352,0,24,24
33310353,64370,306,64676
33310354,90731,24296,115027
33310355,0,17426,17426
33310357,85000,88,85088
33310358,31230,5362,36592
33310359,32444,4381,36825
33310360,22000,22365,44365
33310361,31345,34765,66110
33310362,35000,503,35503
33310363,70630,19865,90495
33310364,40000,1535,41535
33310365,57000,451,57451
33310366,0,73501,73501
33310367,10860,15950,26810
33310368,73766,25963,99729
33310369,35000,8255,43255
33310370,17000,90443,107443
33310371,54000,16274,70274
33310372,0,193416,193416
33310373,32000,1222,33222
33310374,0,34002,34002
33310376,84000,665,84665
33310377,9490,243,9733
33310378,63705,10616,74321
33310379,21000,34147,55147
33310380,0,55776,55776
33310381,22000,68238,90238
33310387,20000,19661,39661
33310388,24000,21142,45142
33310390,34000,5200,39200
33310394,0,466,466
33310396,44000,217,44217
33310402,63910,36404,100314
33310403,52000,33895,85895
33320002,0,569716,569716
33320008,146598,256071,402669
33320009,0,672,672
33320010,0,3566,3566
33320011,0,3297,3297
33320012,0,4111,4111
33320013,0,274100,274100
33320014,0,210,210
33320015,0,161623,161623
33320016,0,3232,3232
33320017,0,2863,2863
33320018,0,233612,233612
33320026,25000,130068,155068
33320028,0,227393,227393
33320029,0,18,18
33320030,0,19847,19847
33320035,13000,600,13600
33320036,15000,101662,116662
33320037,26410,36508,62918
33320038,15000,87367,102367
33320039,20779,31681,52460
33320040,67115,49656,116771
33320041,16067,821,16888
33320042,19600,81710,101310
33320043,0,498495,498495
33320044,115000,3065,118065
33320045,60000,13720,73720
33320049,91000,126049,217049
33320050,80000,27438,107438
33320051,17000,152799,169799
33320061,0,501,501
33320062,16013,44075,60088
33320063,140516,298660,439176
33320064,11000,684,11684
33320065,149384,57055,206439
33320066,189558,2172,191730
33320067,0,7966,7966
33320068,145000,252714,397714
33320069,22032,132968,155000
33320070,75700,59,75759
33320071,36435,308,36743
33320072,107109,66221,173330
33320073,92639,157372,250011
33320074,108000,16459,124459
33320075,55772,166761,222533
33320076,58370,204139,262509
33320077,0,114,114
33320078,0,1544,1544
33320079,135000,104475,239475
33320080,30485,110296,140781
33320081,157940,123390,281330
33320082,191790,159334,351124
33320083,0,25,25
33320084,24945,179290,204235
33320085,21454,60941,82395
33320086,92660,351237,443897
33320087,13000,35066,48066
33320088,0,236459,236459
33320089,73000,96702,169702
33320094,55000,81597,136597
33320095,25550,75451,101001
33320100,85000,108247,193247
33320101,0,13430,13430
33320103,62881,251486,314367
33320106,0,242608,242608
33320109,32778,241171,273949
33320110,29808,41654,71462
33320111,47856,32686,80542
33320176,35100,22545,57645
33320177,4000,96834,100834
33320178,67500,174881,242381
33320180,37638,161788,199426
33320181,22700,5870,28570
33320183,0,36008,36008
33320184,6500,106447,112947
33320186,57000,51534,108534
33320187,78000,119413,197413
33320188,0,56074,56074
33320189,0,51872,51872
33320193,38000,38994,76994
33320196,30000,70628,100628
33320198,0,451,451
33320199,7000,98638,105638
33320200,40000,10108,50108
33320201,2000,78686,80686
33320202,30465,26400,56865
33320203,37000,14,37014
33320204,0,27490,27490
33320206,30000,78266,108266
33320207,0,72470,72470
33320208,0,61471,61471
33320209,15000,12756,27756
33320210,161540,1990,163530
33320211,0,411,411
33320212,0,3115,3115
33320213,12034,138908,150942
33320214,66624,15759,82383
33320216,9000,33430,42430
33320217,181558,305663,487221
33320218,35000,110301,145301
33320219,49750,5939,55689
33320220,63468,30604,94072
33320221,25000,57148,82148
33320223,120000,10313,130313
33320224,42700,45239,87939
33320230,27315,32845,60160
33320233,17000,991,17991
33320234,9000,2064,11064
33320235,26465,7937,34402
33320236,71433,5102,76535
33320238,72000,18899,90899
33320239,27408,134380,161788
33320240,40000,51855,91855
33320241,0,85992,85992
33320244,38000,1392,39392
33320245,0,52940,52940
33320247,0,49850,49850
33320248,17847,289,18136
33320249,32000,29422,61422
33320250,0,1159,1159
33320252,130000,1189,131189
33320253,17000,63606,80606
33320264,77000,8252,85252
33320265,0,35834,35834
33320266,95290,60473,155763
33320267,10000,19965,29965
33320282,10000,87954,97954
33320284,0,9593,9593
33320287,29241,57404,86645
33320292,40000,2186,42186
33320293,15000,22814,37814
33320335,65746,32653,98399
33320336,38000,60716,98716
33320337,71290,4043,75333
33320338,115600,231,115831
33320340,18700,51871,70571
33320341,63436,9048,72484
33320342,19556,94291,113847
33320343,100000,5831,105831
33320344,6000,5946,11946
33320345,34000,155838,189838
33320346,74000,88580,162580
33320347,57650,59686,117336
33320348,30000,57718,87718
33320350,7500,77670,85170
33320351,8108,69987,78095
33320352,0,62987,62987
33320353,33780,113952,147732
33320354,52000,68313,120313
33320355,43000,131826,174826
33320356,19206,6569,25775
33320358,20140,107765,127905
33320359,120000,39124,159124
33320360,50290,92762,143052
33320361,22200,80215,102415
33320362,45000,10330,55330
33320363,79000,779,79779
33320364,18360,1858,20218
33320365,61000,22099,83099
33320367,47000,13778,60778
33320368,47000,161897,208897
33320370,60000,102834,162834
33320371,0,68429,68429
33320372,31342,47353,78695
33320373,2700,127519,130219
33320374,12000,67909,79909
33320375,31601,143852,175453
33320376,0,0,0
33320377,14690,94946,109636
33320378,20000,33687,53687
33320379,0,73312,73312
33320380,4140,107061,111201
33320381,64000,90702,154702
33320382,49634,100115,149749
33320383,75000,65174,140174
33320384,10000,36627,46627
33320385,0,46115,46115
33320386,0,51,51
33320387,0,76732,76732
33320388,9354,52365,61719
33320389,25000,43251,68251
33320391,0,43083,43083
33320397,31000,195248,226248
33320402,53000,97655,150655
33320405,37477,83088,120565
33320408,81430,1136862,1218292
33320409,30200,82651,112851
33320410,77522,140060,217582
33320455,50858,88111,138969
33320463,0,988,988
33320466,0,0,0
33320472,0,0,0
33320473,0,518,518
33320491,72800,23777,96577
33320492,75000,5746,80746
33320493,75000,210927,285927
33320496,0,0,0
33320504,0,219063,219063
33320513,32500,38205,70705
33330001,0,186499,186499
33330002,0,0,0
33330003,99340,201047,300387
33330004,0,955268,955268
33330005,0,125769,125769
33330007,99819,295240,395059
33330009,0,129,129
33330012,0,210,210
33330013,0,289454,289454
33330014,0,646,646
33330015,0,0,0
33330016,11000,1004,12004
33330017,123633,612747,736380
33330018,99436,44538,143974
33330019,0,187950,187950
33330020,0,2,2
33330021,0,0,0
33330022,0,166425,166425
33330023,65000,416402,481402
33330024,12215,28418,40633
33330025,0,5248,5248
33330026,34270,51963,86233
33330027,12050,1515,13565
33330028,9580,224106,233686
33330029,268756,36345,305101
33330030,811384,281165,1092549
33330031,0,721,721
33330032,45349,1547,46896
33330033,4000,170281,174281
33330034,21478,207809,229287
33330035,0,102019,102019
33330036,17474,1615,19089
33330037,31698,139174,170872
33330038,0,167795,167795
33330039,0,222537,222537
33330040,0,387405,387405
33330044,638,5825,6463
33330045,25599,205102,230701
33330046,0,257558,257558
33330047,0,560,560
33330048,112435,275197,387632
33330049,22236,627892,650128
33330050,0,215605,215605
33330051,0,37538,37538
33330052,0,611,611
33330053,0,288035,288035
33330054,0,149476,149476
33330055,0,0,0
33330056,4389,37688,42077
33330057,35,134971,135006
33330058,77462,37796,115258
33330060,36835,236333,273168
33330063,101195,40135,141330
33330064,34715,13249,47964
33330066,150000,79086,229086
33330067,0,188751,188751
33330068,0,280828,280828
33330069,39000,59083,98083
33330070,52609,33521,86130
33330071,117762,203794,321556
33330072,20701,287859,308560
33330073,120089,45354,165443
33330074,22263,205811,228074
33330075,36987,205291,242278
33330076,245000,979,245979
33330077,25045,51265,76310
33330078,0,353268,353268
33330079,37640,101525,139165
33330080,57500,41215,98715
33330081,109360,14406,123766
33330082,0,110091,110091
33330083,72035,157593,229628
33330085,502,41075,41577
33330086,124489,130767,255256
33330087,20000,87516,107516
33330088,93800,102881,196681
33330089,28857,0,28857
33330090,7274,1494,8768
33330091,183333,509851,693184
33330092,0,37,37
33330093,0,458,458
33330094,40615,483490,524105
33330096,91909,156354,248263
33330097,30000,55195,85195
33330098,28621,136058,164679
33330106,44200,205247,249447
33330107,34408,346304,380712
33330108,9100,69075,78175
33330109,0,228349,228349
33330110,97000,20032,117032
33330111,0,185427,185427
33330112,90000,105803,195803
33330113,0,72596,72596
33330114,57000,2138,59138
33330115,44743,167347,212090
33330116,141304,289796,431100
33330117,24383,138224,162607
33330118,63736,171253,234989
33330119,72965,183118,256083
33330120,28000,81399,109399
33330121,40000,90041,130041
33330122,150,483,633
33330123,20949,1019,21968
33330124,194148,51123,245271
33330125,106844,95833,202677
33330126,67187,179425,246612
33330127,17367,143010,160377
33330128,2990,928,3918
33330129,111875,50899,162774
33330130,107172,11638,118810
33330131,52570,272615,325185
33330132,0,100412,100412
33330133,110000,366338,476338
33330134,22857,156419,179276
33330135,107556,205580,313136
33330136,50000,63826,113826
33330137,90580,9920,100500
33330138,0,57907,57907
33330139,0,833,833
33330140,50989,229121,280110
33330141,80408,2444,82852
33330142,30650,223127,253777
33330143,20035,218415,238450
33330144,49135,25784,74919
33330145,64594,77516,142110
33330146,45615,64576,110191
33330147,95189,193704,288893
33330148,38000,30418,68418
33330149,0,175401,175401
33330150,75000,113064,188064
33330151,65698,212112,277810
33330152,95885,202565,298450
33330153,0,214000,214000
33330154,19593,203386,222979
33330155,10000,349750,359750
33330156,0,0,199
33330157,0,153641,153641
33330158,87000,125143,212143
33330159,4783,573598,578381
33330160,90000,2943,92943
33330162,0,1958,1958
33330163,31160,5085,36245
33330165,20000,28866,48866
33330167,65490,360970,426460
33330169,8000,43654,51654
33330170,164000,171518,335518
33330178,20000,62224,82224
33330179,18000,131223,149223
33330181,7260,98208,105468
33330195,24000,37794,61794
33330197,24000,30844,54844
33330206,2310,181,2491
33330207,49000,70624,119624
33330208,0,18990,18990
33330209,61866,187700,249566
33330210,0,101539,101539
33330211,101323,359771,461094
33330212,30000,2823,32823
33330216,43493,28655,72148
33330217,56000,345,56345
33330218,25204,4135,29339
33330219,8780,53195,61975
33330220,110035,97513,207548
33330222,5000,98999,103999
33330223,59406,121324,180730
33330225,22700,19187,41887
33330227,90000,31220,121220
33330228,50000,45292,95292
33330230,13000,45813,58813
33330231,77000,406,77406
33330232,27800,30982,58782
33330236,82122,1674,83796
33330237,56048,128609,184657
33330238,49610,29242,78852
33330239,40290,9992,50282
33330240,70000,323308,393308
33330241,8000,1516,9516
33330242,0,686,686
33330245,30000,9929,39929
33330251,6700,125676,132376
33330253,23500,78659,102159
33330256,0,81477,81477
33330259,11600,16777,28377
33330261,10000,292,10292
33330263,14062,70265,84327
33330264,15000,124449,139449
33330265,30542,65970,96512
33330267,8000,77993,85993
33330268,65400,17177,82577
33330269,40200,13199,53399
33330270,46900,75044,121944
33330271,29000,93231,122231
33330272,24000,156356,180356
33330273,136934,193767,330701
33330274,33750,100369,134119
33330275,35480,56749,92229
33330278,73194,112819,186013
33330279,20290,42183,62473
33330280,3000,512,3512
33330281,74529,113898,188427
33330283,52540,3860,56400
33330285,90064,3728,93792
33330286,40290,105551,145841
33330289,75900,83795,159695
33330290,15000,130208,145208
33330291,42000,560,42560
33330292,40000,87713,127713
33330293,10000,853,10853
33330294,50000,27130,77130
33330295,20000,44170,64170
33330296,10000,36670,46670
33330297,180035,117588,297623
33330298,78125,37616,115741
33330299,21000,16119,37119
33330300,51990,13845,65835
33330301,26400,3310,29710
33330302,42000,2548,44548
33330303,45000,27524,72524
33330305,40000,87680,127680
33330306,45580,11375,56955
33330309,95374,6023,101397
33330310,15000,94895,109895
33330311,55680,143979,199659
33330315,45727,187615,233342
33330316,129730,119744,249474
33330320,0,480,480
33330321,36000,67412,103412
33330322,30941,193511,224452
33330323,24581,78443,103024
33330327,55000,80497,135497
33330328,47817,0,47817
33330329,75000,116589,191589
33330330,7256,129590,136846
33330331,77036,71763,148799
33330332,54599,267827,322426
33330333,12000,38165,50165
33330334,12320,103888,116208
33330335,70000,169174,239174
33330336,2700,61001,63701
33330337,40000,60564,100564
33330340,30000,48451,78451
33330341,115000,48165,163165
33330342,77626,36976,114602
33330343,53000,73949,126949
33330344,16500,80430,96930
33330345,34296,2635,36931
33330346,120974,61171,182145
33330349,70000,22921,92921
33330350,0,4052,4052
33330351,55775,30674,86449
33330352,245408,20856,266264
33330353,5074,7745,12819
33330354,0,0,0
33330355,1850,101049,102899
33330357,22229,101198,123427
33330360,40000,13546,53546
33330361,46600,139986,186586
33330362,75660,10225,85885
33330363,68000,71301,139301
33330364,24340,152348,176688
33330365,49680,227371,277051
33330366,0,86909,86909
33330369,10000,200619,210619
33330370,5661,77397,83058
33330380,91530,61885,153415
33330381,45840,275740,321580
33330382,100000,148717,248717
33330383,0,20859,20859
33330384,47270,125745,173015
33330385,10000,66581,76581
33330386,11000,64179,75179
33330387,50000,27369,77369
33330388,20500,79,20579
33330389,20000,2756,22756
33330393,69000,758,69758
33330394,59000,724,59724
33330395,33000,59506,92506
33330396,0,0,0
33330397,93000,836,93836
33330398,0,162432,162432
33330399,0,10109,10109
33330400,45000,78474,123474
33330401,0,207541,207541
33330402,25580,78013,103593
33330403,85000,162448,247448
33330404,33000,369,33369
33330405,80000,484895,564895
33330406,35,170748,170783
33330407,0,395,395
33330408,50000,3459,53459
33330409,0,136990,136990
33330410,45000,192409,237409
33330411,0,0,0
33330412,0,0,0
33330413,35035,64763,99798
33330414,55000,124850,179850
33330415,112000,3632,115632
33330417,49000,11572,60572
33330418,31333,193948,225281
33330419,54035,71241,125276
33330420,35000,78782,113782
33330421,4500,2610,7110
33330422,40160,29153,69313
33330423,44290,6235,50525
33330424,60000,23014,83014
33330425,70000,45574,115574
33330426,30000,119307,149307
33330427,0,90163,90163
33330428,99000,37061,136061
33330429,0,0,0
33330430,0,0,22228
33330432,0,88,88
33330433,228385,119784,348169
33330434,47000,153218,200218
33330435,50000,96065,146065
33330436,63024,10033,73057
33330437,0,0,0
33330438,58500,68084,126584
33330439,10035,15477,25512
33330440,35,56040,56075
33330441,80000,3952,83952
33330442,53500,66883,120383
33330443,42035,48499,90534
33330444,135810,1419,137229
33330445,68035,125837,193872
33330446,34426,22716,57142
33330448,64677,160212,224889
33330449,0,284833,284833
33330450,21779,90871,112650
33330451,20000,14315,34315
33330452,71000,15856,86856
33330453,35,174380,174415
33330454,40000,161735,201735
33330455,8035,85653,93688
33330456,36290,118746,155036
33330457,30000,2013,32013
33330458,24800,8162,32962
33330459,25035,87696,112731
33330460,6070,142142,148212
33330461,30080,112916,142996
33330462,54000,144442,198442
33330463,136476,12924,149400
33330464,20000,250984,270984
33330465,26580,66925,93505
33330466,0,61908,61908
33330467,46847,5524,52371
33330468,28172,18823,46995
33330469,75035,78779,153814
33330470,89600,172610,262210
33330471,100568,108049,208617
33330472,64000,429,64429
33330473,0,63906,63906
33330474,53000,1812,54812
33330475,5000,27628,32628
33330477,0,37593,37593
33330478,19000,18666,37666
33330479,18165,550328,568493
33330480,0,1499,1499
33330481,105000,197007,302007
33330482,40000,299826,339826
33330483,0,100637,100637
33330484,70035,129787,199822
33330485,108985,162088,271073
33330486,40589,260189,300778
33330487,79498,30718,110216
33330488,20000,51259,71259
33330489,0,97344,97344
33330490,20024,91133,111157
33330491,51700,47549,99249
33330492,0,231731,231731
33330493,30000,123938,153938
33330494,20500,3078,23578
33330495,10000,38080,48080
33330496,24000,3746,27746
33330497,50500,195,50695
33330499,70000,875,70875
33330500,14000,72043,86043
33330502,42000,605,42605
33330503,45000,155316,200316
33330504,60000,1581,61581
33330505,0,0,0
33330506,0,485,485
33330507,20000,109446,129446
33330508,40000,205090,245090
33330509,124577,397862,522439
33330511,117000,197453,314453
33330512,305000,375621,680621
33330513,0,170590,170590
33330514,27000,56326,83326
33330515,50000,190788,240788
33330516,27000,40158,67158
33330517,156000,16613,172613
33330518,10000,50942,60942
33330519,48900,455591,504491
33330520,19980,85256,105236
33330522,40000,10845,50845
33330523,46160,8860,55020
33330524,35,160580,160615
33330528,30000,2181,32181
33330532,0,0,0
33330533,0,0,0
33330534,0,57391,57391
33330537,0,0,0
33330538,52500,110168,162668
33330541,20800,49,20849
33330542,0,0,0
33330547,34854,110731,145585
33330548,70000,30154,100154
33330549,35,104361,104396
33330552,10695,242159,252854
33330592,26950,9917,36867
33330593,40000,9893,49893
33330594,26000,24802,50802
33330595,22000,55645,77645
33330597,0,134479,134479
33330601,24035,67796,91831
33330602,34405,96297,130702
33330603,22689,20621,43310
33330604,0,202523,202523
33340001,0,0,0
33340003,521209,1446365,1967574
33340004,0,0,0
33340005,0,381,381
33340006,15890,211826,227716
33340007,0,413882,413882
33340008,0,322009,322009
33340010,0,4115,4115
33340011,0,168790,168790
33340019,53572,245446,299018
33340020,55425,67934,123359
33340021,221626,105541,327167
33340022,359566,392938,752504
33340023,0,143870,143870
33340024,0,1281,1281
33340025,0,700,700
33340027,0,0,0
33340031,0,0,0
33340032,0,116,116
33340033,232291,166365,398656
33340034,100000,47372,147372
33340041,0,21,21
33340042,11499,214440,225939
33340043,49798,132782,182580
33340046,79246,171934,251180
33340047,49000,158765,207765
33340048,0,6248,6248
33340052,0,0,750
33340053,0,25040,25040
33340054,0,258042,258042
33340055,89120,47801,136921
33340056,135000,20097,155097
33340057,126035,12155,138190
33340058,165750,105909,271659
33340059,77698,142346,220044
33340060,36746,344418,381164
33340061,178097,178921,357018
33340062,80000,47001,127001
33340084,35000,3301,38301
33340090,0,0,158767
33340091,0,2968,2968
33340092,0,9145,9145
33340093,34194,212101,246295
33340095,60779,1119,61898
33340096,0,0,343
33340097,109056,2061585,2170641
33340098,47000,210000,257000
33340099,85000,104161,189161
33340100,66311,2099,68410
33340101,72000,103727,175727
33340102,0,0,0
33340103,20430,42626,63056
33340104,51000,197,51197
33340105,56293,52997,109290
33340107,59667,32765,92432
33340108,0,0,0
33340112,44635,70645,115280
33340113,27290,641,27931
33340114,42000,11232,53232
33340116,1000,52432,53432
33340118,67000,30599,97599
33340120,0,321,321
33340121,4000,937,4937
33340122,24000,1393,25393
33340123,20000,40705,60705
33340124,30000,13481,43481
33340125,98000,81557,179557
33340126,27297,30046,57343
33340127,61159,32998,94157
33340128,25300,123493,148793
33340129,40000,318,40318
33340133,50580,3504,54084
33340136,9900,229504,239404
33340137,28205,4684,32889
33340138,96000,117320,213320
33340140,20000,79526,99526
33340141,0,24519,24519
33340142,39080,7379,46459
33340143,18500,65937,84437
33340146,14000,970,14970
33340147,25000,1040,26040
33340148,45000,96687,141687
33340149,101401,1803,103204
33340151,20000,2288,22288
33340154,38000,70409,108409
33340155,60000,21619,81619
33340156,32000,62551,94551
33340157,33500,100231,133731
33340159,49500,109363,158863
33340160,79046,30587,109633
33340161,0,360368,360368
33340162,13000,42383,55383
33340163,7086,184723,191809
33340164,23135,64497,87632
33340165,60000,5802,65802
33340166,57993,82370,140363
33340168,2331,87752,90083
33340169,15000,91234,106234
33340170,16638,65732,82370
33340171,0,2010,2010
33340172,25902,22060,47962
33340175,0,3887,3887
33340176,35000,57518,92518
33340177,50530,179253,229783
33340183,48955,127552,176507
33340188,20000,31744,51744
33340199,130772,48874,179646
33340200,394,342,736
33340203,40850,59443,100293
33340204,35000,3385,38385
33340205,39875,83115,122990
33340225,0,47031,47031
33340227,32222,137940,170162
33340228,7000,29492,36492
33340232,33660,42310,75970
33340256,27321,109865,137186
33340257,36969,269397,306366
33340258,0,107009,107009
33340259,82098,3939,86037
33340260,111811,111323,223134
33340269,22000,26891,48891
33340270,40000,58274,98274
33340272,76610,84725,161335
33340273,36187,212770,248957
33340274,0,74252,74252
33340276,40000,57196,97196
33340277,0,118,118
33340278,80660,5794,86454
33340279,25000,76481,101481
33340280,0,579,579
33340281,106043,274992,381035
33340285,25000,58488,83488
33340286,42006,130028,172034
33340295,50000,15608,65608
33340296,72290,110254,182544
33340297,20000,119829,139829
33340298,20000,122964,142964
33340299,100000,121417,221417
33340300,125000,135753,260753
33340302,140980,153757,294737
33340303,38294,558501,596795
33340304,48000,112652,160652
33340305,54580,92190,146770
33340306,30000,143571,173571
33340307,59000,85754,144754
33340308,32000,23809,55809
33340310,40000,425,40425
33340311,580,10358,10938
33340312,32840,57293,90133
33340313,52000,101686,153686
33340314,80000,101460,181460
33340315,40000,57670,97670
33340316,96563,47079,143642
33340317,45200,137131,182331
33340318,54500,63477,117977
33340320,63358,10089,73447
33340321,64000,185914,249914
33340322,18667,17760,36427
33340323,56000,15652,71652
33340324,44000,2021,46021
33340325,40580,81423,122003
33340327,117091,156017,273108
33340328,34500,17823,52323
33340329,37000,51092,88092
33340330,10000,16502,26502
33340331,25000,29170,54170
33340333,78000,3134,81134
33340367,25000,63117,88117
33340368,0,143686,143686
33340371,40035,50061,90096
33340372,48923,190240,239163
33340373,99946,136712,236658
33340374,111553,185397,296950
33340375,4000,30998,34998
33340376,59500,267,59767
33340377,102000,2367,104367
33340378,72711,254456,327167
33340379,50929,121529,172458
33340390,42074,9913,51987
33340391,36565,17432,53997
33340392,0,1152,1152
33340393,61500,8021,69521
33340394,11730,19129,30859
33340395,54000,494,54494
33340396,53500,55235,108735
33340398,0,0,0
33340399,44132,14676,58808
33340400,0,87041,87041
33340403,24084,22965,47049
33340404,64227,73873,138100
33340406,17756,719085,736841
33340407,55000,115950,170950
33340411,31978,68433,100411
33340412,91953,0,91953
33340413,48000,4289,52289
33340414,25600,132877,158477
33340419,0,0,0
33340420,3000,290,3290
33340422,40000,15777,55777
33340423,0,0,0
33340425,50000,8086,58086
33340474,0,0,0
33340477,39000,48438,87438
33340482,0,0,0
33340484,0,0,0
33340488,0,0,0
33340494,30000,73843,103843
33340497,42000,45108,87108
33340498,37000,9088,46088
33340499,25000,55516,80516
33340500,25969,44040,70009
33340501,58000,64927,122927
33340502,30000,46718,76718
33340503,47500,67488,114988
33340505,0,417,417
33340506,0,772,772
33340545,42000,3055,45055
33340546,175495,11110,186605
33340547,24000,94253,118253
33340548,25489,197369,222858
33340549,0,10539,10539
33340550,88256,130268,218524
33340551,15000,12681,27681
33340552,50000,196913,246913
33340553,15950,78700,94650
33340554,81700,62620,144320
33410001,0,1101,1101
33410004,0,336,336
33410011,300000,44848,344848
33410012,0,1515,1515
33410013,0,409,409
33410014,0,777,777
33410015,24492,0,24492
33410036,0,61,61
33410037,191380,475,191855
33410038,70455,1883,72338
33410039,0,374,374
33410040,57234,385,57619
33410041,0,486,486
33410042,34700,3637,38337
33410046,0,807,807
33410047,0,129,129
33410048,0,2917,2917
33410062,656795,95127,751922
33410063,20000,3625,23625
33410064,0,2695,2695
33410065,0,1255,1255
33410066,93,441,534
33410067,0,69,69
33410068,116,2745,2861
33410069,0,256,256
33410070,0,1273,1273
33410089,58678,558,59236
33410090,25085,1971,27056
33410091,0,1942,1942
33410092,0,140335,140335
33410093,0,35,35
33410094,0,1110,1110
33410095,0,810,810
33410096,0,362,362
33410097,0,1481,1481
33410098,0,271,271
33410099,56790,2,56792
33410100,0,410,410
33410101,0,307,307
33410171,0,363,363
33410172,0,1033,1033
33410174,118290,219,118509
33410175,0,322,322
33410185,0,73,73
33410186,0,0,0
33410187,0,144,144
33410188,0,1933,1933
33410189,0,81,81
33410190,0,243,243
33410191,50000,796,50796
33410192,93316,678,93994
33410194,0,875,875
33410195,0,0,0
33410200,37100,88,37188
33410202,111035,35,111070
33410203,0,88,88
33410204,25000,0,25000
33410206,0,144,144
33410211,0,534,534
33410216,0,74,74
33410217,0,11,11
33410218,3000,131,3131
33410219,60000,4817,64817
33410220,0,0,53777
33410223,0,91,91
33410226,82000,904,82904
33410227,0,778,778
33410235,0,239,239
33410236,0,94,94
33410237,0,17,17
33410240,0,86,86
33410241,3028,72,3100
33410245,38000,538,38538
33410248,0,428,428
33410249,25000,811,25811
33410253,0,669,669
33410256,150,1159,1309
33410257,0,92,92
33410258,0,1,1
33410261,35493,9455,44948
33410263,0,668,668
33410264,85000,37187,122187
33410265,0,1382,1382
33410267,22000,295,22295
33410268,33900,100,34000
33410269,109000,5438,114438
33410270,0,822,822
33410274,38027,114,38141
33410275,0,378,378
33410277,21000,946,21946
33410278,100004,2715,102719
33410284,0,453,453
33410287,24600,22,24622
33410289,0,0,0
33410290,29000,829,29829
33410291,0,5618,5618
33410293,0,2104,2104
33410295,0,13118,13118
33410296,119500,72,119572
33410310,22000,604,22604
33410454,0,43,43
33410539,0,0,0
33410541,0,82,82
33410543,0,193,193
33410544,47356,0,47356
33410545,0,186,186
33410547,0,222,222
33410548,0,0,0
33410549,0,58,58
33410550,62900,28783,91683
33410552,0,0,0
33410553,0,0,0
33410554,0,29561,29561
33410555,0,55,55
33410556,0,0,0
33410557,0,1573,1573
33410558,0,168,168
33410559,0,75133,75133
33410560,464,452,916
33410561,0,212,212
33410563,47116,86,47202
33410564,0,46,46
33410565,0,373,373
33410566,0,0,0
33410570,0,570,570
33410571,0,653,653
33410572,0,0,0
33410573,0,1065,1065
33410574,0,5221,5221
33410575,0,1185,1185
33410576,0,333,333
33410577,75174,72163,147337
33410578,164100,89,164189
33410579,10000,31584,41584
33410580,0,308,308
33410581,144005,695,144700
33410584,0,295,295
33410586,0,25441,25441
33410587,0,73077,73077
33410588,0,875,875
33410589,82631,1768,84399
33410590,0,74966,74966
33410591,0,440,440
33410592,0,556,556
33410594,0,130,130
33410595,0,482,482
33410596,75000,77549,152549
33410597,34235,58413,92648
33410599,109000,39639,148639
33410600,32000,657,32657
33410601,35058,760,35818
33410602,0,715,715
33410603,0,15,15
33410604,2716,118,2834
33410605,0,980,980
33410606,0,420,420
33410607,0,35,35
33410609,0,314,314
33410610,0,1819,1819
33410611,0,93,93
33410613,0,980,980
33410614,0,0,0
33410616,0,153,153
33410618,0,51,51
33410619,0,0,0
33410620,0,0,0
33410621,58000,1610,59610
33410624,0,171,171
33410625,100,735,835
33410626,0,178,178
33410627,97000,2033,99033
33410628,0,189,189
33410629,107242,17,107259
33410630,0,724,724
33410631,78812,842,79654
33410632,30338,19976,50314
33410633,0,1147,1147
33410634,0,36653,36653
33410635,60975,3477,64452
33410636,0,32,32
33410637,5500,475,5975
33410638,0,49065,49065
33410639,0,1545,1545
33410640,116,977,1093
33410641,0,186,186
33410642,0,277,277
33410643,0,308,308
33410644,13000,1132,14132
33410645,0,421,421
33410646,164000,512,164512
33410648,0,0,0
33410649,0,1352,1352
33410650,0,335,335
33410651,31000,524,31524
33410652,0,0,0
33410657,0,157,157
33410658,118981,5000,123981
33410660,0,452,452
33410661,0,721,721
33410662,0,295,295
33410663,0,72,72
33410665,0,141,141
33410930,0,311,311
33410946,0,327,327
33410947,36640,0,36640
33410948,0,142,142
33411060,0,110,110
33411100,40000,43750,83750
33411103,0,395,395
33420021,531524,680580,1212104
33420022,37888,482,38370
33420023,0,412,412
33420024,0,257,257
33420025,93,980,1073
33420026,383408,49830,433238
33420027,289186,685,289871
33420028,0,941,941
33420029,263044,236,263280
33420032,106463,812361,918824
33420033,0,2049,2049
33420034,0,810,810
33420035,0,402,402
33420043,0,1126,1126
33420044,0,7,7
33420045,135939,10120,146059
33420050,753574,23073,776647
33420055,191940,1457,193397
33420056,58,126,184
33420057,3035,177,3212
33420073,185365,250416,435781
33420074,147000,80663,227663
33420075,624,8,632
33420076,75000,13233,88233
33420077,52000,508,52508
33420078,0,132579,132579
33420079,196000,79857,275857
33420080,0,873,873
33420081,35070,92447,127517
33420109,136638,114547,251185
33420110,0,698,698
33420111,311000,2276,313276
33420112,0,177468,177468
33420113,0,196,196
33420114,0,812,812
33420115,83938,282,84220
33420116,39956,0,39956
33420117,158500,429,158929
33420118,0,716,716
33420119,0,731,731
33420120,0,870,870
33420121,0,2940,2940
33420324,15677,30418,46095
33420330,10000,29538,39538
33420374,0,96,96
33420378,0,585,585
33420380,10000,4430,14430
33420381,83000,38359,121359
33420382,0,48,48
33420383,0,1226,1226
33420384,29541,95634,125175
33420385,12000,25,12025
33420386,6200,17,6217
33420387,225974,48352,274326
33420388,29500,220,29720
33420391,121000,417,121417
33420392,0,25,25
33420394,17000,230,17230
33420395,0,176,176
33420397,22000,633,22633
33420398,0,728,728
33420399,0,2277,2277
33420403,47000,1546,48546
33420407,752,1115,1867
33420414,141676,7182,148858
33420416,65570,23075,88645
33420418,36221,48268,84489
33420420,42734,49080,91814
33420422,0,97,97
33420423,49965,48,50013
33420424,91026,23173,114199
33420425,133005,154934,287939
33420427,0,343008,343008
33420428,55800,6,55806
33420430,57325,377,57702
33420432,14250,42829,57079
33420435,85559,132600,218159
33420436,14000,300,14300
33420437,0,640,640
33420438,26000,651,26651
33420440,0,33,33
33420442,0,490,490
33420444,40000,42721,82721
33420445,0,134,134
33420446,77000,125,77125
33420449,40795,0,40795
33420452,0,427,427
33420456,30000,1416,31416
33420457,0,7,7
33420458,86254,42903,129157
33420459,38900,45,38945
33420460,25000,6,25006
33420461,83000,372,83372
33420462,108290,118,108408
33420463,0,1805,1805
33420464,0,269,269
33420465,94000,829,94829
33420467,0,452,452
33420470,0,711,711
33420472,27898,4434,32332
33420475,0,277,277
33420478,0,63,63
33420480,0,164,164
33420483,17160,173,17333
33420484,0,101,101
33420485,0,66,66
33420486,0,128,128
33420774,0,12162,12162
33420775,116350,11535,127885
33420776,399719,244853,644572
33420777,156632,7210,163842
33420778,78500,13667,92167
33420779,0,281,281
33420780,85400,70,85470
33420781,0,758,758
33420782,97,0,97
33420783,0,101,101
33420785,0,492,492
33420786,79000,633,79633
33420787,27100,1507,28607
33420788,0,0,0
33420789,0,41,41
33420790,0,201,201
33420792,0,89,89
33420793,26000,336,26336
33420795,24664,931,25595
33420796,0,255,255
33420797,0,988,988
33420798,0,97,97
33420799,13000,16889,29889
33420800,79000,1269,80269
33420801,109000,729,109729
33420802,50000,138597,188597
33420803,0,45,45
33420804,14845,41263,56108
33420805,28300,9323,37623
33420807,44000,965,44965
33420808,73500,581,74081
33420809,0,863,863
33420810,0,0,0
33420811,75500,385,75885
33420812,0,113,113
33420813,0,230,230
33420814,0,132,132
33420815,0,311,311
33420816,30100,31,30131
33420820,63824,0,63824
33420823,38202,352,38554
33420824,44458,2835,47293
33420825,0,105,105
33420826,42428,59704,102132
33420827,79000,420,79420
33420828,55000,17625,72625
33420829,58700,48,58748
33420830,0,21452,21452
33420831,44812,24875,69687
33420832,0,116,116
33420833,0,593,593
33420834,9000,120283,129283
33420836,102321,98,102419
33420837,35220,5046,40266
33420839,72000,518,72518
33420841,184000,546,184546
33420842,0,1000,1000
33420843,69585,0,69585
33420844,30000,70,30070
33420845,25000,652,25652
33420846,11310,209,11519
33420848,67726,13772,81498
33420849,14846,21090,35936
33420850,0,61135,61135
33420853,0,557,557
33420854,0,53,53
33420856,0,94,94
33420857,15000,33172,48172
33420858,94000,266,94266
33420859,0,86,86
33420862,0,95,95
33420863,0,794,794
33420864,0,29,29
33420865,69200,80,69280
33420866,86600,332,86932
33420867,0,126,126
33420868,0,0,0
33420869,0,201,201
33420870,30800,144,30944
33420871,0,0,0
33420872,1700,96,1796
33420873,0,0,0
33420874,0,93926,93926
33420875,0,216,216
33420876,0,621,621
33420877,289000,329,289329
33420878,112000,616,112616
33420879,361380,2876,364256
33420880,0,0,0
33420881,8000,537,8537
33420882,173000,6555,179555
33420883,150000,93224,243224
33420884,0,112,112
33420885,0,265,265
33420886,0,0,0
33420887,41000,205660,246660
33420888,0,391,391
33420890,0,381,381
33420891,0,1261,1261
33420892,170182,7927,178109
33420893,100000,934,100934
33420894,0,342,342
33420895,0,65,65
33420896,0,202,202
33420897,196200,19,196219
33420898,97582,31053,128635
33420899,0,17677,17677
33420900,40000,346,40346
33420902,0,339,339
33420904,0,73467,73467
33420905,322000,321,322321
33420906,40000,818,40818
33420907,95000,903,95903
33420908,0,1022,1022
33420912,12000,30260,42260
33420913,90290,40,90330
33420981,2000,30,2030
33420982,48849,1898,50747
33420985,0,129,129
33420996,46836,2949,49785
33421012,0,484,484
33421014,0,855,855
33421019,290,21603,21893
33421026,49000,3474,52474
33421027,0,506,506
33421033,0,400,400
33421046,10000,1962,11962
33421049,63840,1,63841
33421075,0,538,538
33421101,6904,36567,43471
33421102,0,85,85
33421104,277736,163091,440827
33421105,0,412,412
33430002,421343,18965,440308
33430003,0,38035,38035
33430005,0,11849,11849
33430006,0,58288,58288
33430007,44000,4941,48941
33430008,0,212164,212164
33430009,0,1847,1847
33430010,3078,1158,4236
33430016,0,427,427
33430017,220000,523,220523
33430018,32925,19301,52226
33430019,0,1895,1895
33430020,0,551,551
33430030,3951,543,4494
33430031,55475,603,56078
33430049,116000,804,116804
33430051,4000,287,4287
33430052,0,935,935
33430053,0,1243,1243
33430054,302750,62688,365438
33430058,0,23,23
33430059,19253,103695,122948
33430060,186,2679,2865
33430061,102395,10197,112592
33430071,0,1474,1474
33430072,51160,97773,148933
33430082,0,567,567
33430083,86500,84,86584
33430084,100,430,530
33430085,0,5265,5265
33430086,0,484,484
33430087,0,383,383
33430102,0,165,165
33430103,131000,113,131113
33430104,0,377,377
33430105,145600,82,145682
33430106,114000,165,114165
33430107,0,850,850
33430108,25500,215654,241154
33430124,0,93,93
33430125,0,312,312
33430128,0,271,271
33430130,0,210,210
33430131,0,710,710
33430133,0,3225,3225
33430135,48000,440,48440
33430136,186,387,573
33430137,32471,4969,37440
33430138,0,0,0
33430140,30070,277,30347
33430143,0,530,530
33430144,0,357,357
33430145,12000,180,12180
33430146,193453,76,193529
33430149,0,234,234
33430150,0,257,257
33430152,0,223813,223813
33430154,0,500,500
33430155,2060,82,2142
33430158,0,469,469
33430160,57070,3701,60771
33430161,0,2940,2940
33430162,0,55901,55901
33430163,0,825,825
33430164,0,49,49
33430165,0,0,0
33430166,1339,883,2222
33430297,174351,90035,264386
33430302,11000,490,11490
33430303,466436,1428,467864
33430304,0,3570,3570
33430305,75000,15065,90065
33430306,0,257,257
33430307,150,72,222
33430308,0,170,170
33430310,0,386,386
33430312,100000,132115,232115
33430315,0,93,93
33430317,0,501,501
33430320,24910,50,24960
33430321,0,44,44
33430322,0,107,107
33430325,0,176,176
33430327,0,56,56
33430328,0,39100,39100
33430333,0,272,272
33430335,30175,524,30699
33430336,0,408,408
33430337,0,757,757
33430338,0,276,276
33430339,0,143720,143720
33430340,0,29,29
33430342,0,953,953
33430343,0,922,922
33430344,0,580,580
33430345,12000,733,12733
33430346,0,2176,2176
33430351,6400,119,6519
33430352,0,360,360
33430354,7000,26012,33012
33430355,0,0,0
33430357,0,500,500
33430358,0,2060,2060
33430362,0,313,313
33430363,0,86,86
33430364,0,190,190
33430365,0,503,503
33430368,0,783,783
33430370,100000,18257,118257
33430371,0,1032,1032
33430372,21900,24275,46175
33430447,30400,100,30500
33430487,23020,17224,40244
33430488,0,179,179
33430490,80000,670,80670
33430492,0,62,62
33430494,0,159,159
33430495,0,655,655
33430496,0,1519,1519
33430497,0,94,94
33430498,0,239,239
33430499,0,390,390
33430502,0,222,222
33430503,0,52,52
33430504,0,629,629
33430506,0,159,159
33430507,0,108,108
33430509,0,13,13
33430510,0,787,787
33430511,0,218,218
33430512,0,603,603
33430514,0,32,32
33430515,0,160,160
33430516,0,365,365
33430517,0,172,172
33430519,0,896,896
33430521,0,24,24
33430522,0,100,100
33430523,0,16495,16495
33430524,25500,7252,32752
33430525,0,306,306
33430526,0,1795,1795
33430527,0,556,556
33430529,26017,0,26017
33430530,0,99,99
33430531,0,5992,5992
33430532,0,90,90
33430535,8292,1514,9806
33430536,87070,1031,88101
33430538,35331,570,35901
33430666,34000,61640,95640
33430667,89000,461,89461
33430670,37000,466,37466
33430671,74500,44279,118779
33430674,46000,307,46307
33430678,83875,231,84106
33430679,0,29049,29049
33430680,241000,539,241539
33430681,0,0,0
33430682,0,399,399
33430683,0,97,97
33430684,56000,511,56511
33430685,66800,91,66891
33430686,52500,55,52555
33430688,0,74,74
33430691,0,292,292
33430692,60000,1831,61831
33430693,24800,10,24810
33430697,0,200,200
33430698,34000,230,34230
33430699,0,4640,4640
33430700,0,77,77
33430702,0,251,251
33430703,0,269,269
33430704,0,56,56
33430705,0,399,399
33430706,17000,55052,72052
33430707,42599,0,42599
33430708,0,447,447
33430709,30000,83,30083
33430710,136000,123,136123
33430711,0,545,545
33430712,0,414,414
33430713,0,561,561
33430714,0,220,220
33430715,0,73,73
33430716,0,1120,1120
33430718,0,328,328
33430719,0,8,8
33430720,0,286,286
33430721,0,43,43
33430722,0,76,76
33430723,8,215,223
33430724,0,456,456
33430725,0,48,48
33430726,0,1719,1719
33430728,0,881,881
33430729,0,90,90
33430730,10000,10548,20548
33430731,49000,45368,94368
33430732,0,427,427
33430733,0,457,457
33430734,0,304,304
33430735,0,71860,71860
33430737,0,557,557
33430738,87390,73,87463
33430739,0,486,486
33430740,0,59,59
33430741,50000,257,50257
33430742,0,416,416
33430743,0,66,66
33430744,35000,3836,38836
33430745,0,222,222
33430746,0,420,420
33430749,0,125,125
33430750,0,1679,1679
33430752,0,166,166
33430755,51850,180,52030
33430756,0,1914,1914
33430757,105500,67,105567
33430758,0,267,267
33430759,0,39,39
33430760,31000,0,31000
33430761,23000,173,23173
33430765,51000,471,51471
33430766,0,24,24
33430767,0,110,110
33430768,0,106,106
33430769,0,108,108
33430770,0,21,21
33430771,0,46,46
33430772,0,119,119
33430773,0,61,61
33430916,0,797,797
33430917,0,1830,1830
33430956,0,386,386
33430958,0,4265,4265
33430959,0,173,173
33430961,0,145,145
33430965,0,223,223
33430967,30000,1476,31476
33430968,0,89,89
33430971,143000,501,143501
33430975,0,944,944
33431099,0,266,266
33431105,0,83,83
34110001,0,2153,2153
34110002,0,345,345
34110003,0,0,0
34110004,0,0,0
34110005,117938,305696,423634
34110006,0,0,0
34110007,0,182,182
34110008,0,1005,1005
34110009,0,4268,4268
34110010,48736,35030,83766
34110011,37466,955,38421
34110012,0,0,0
34110013,0,633,633
34110014,0,0,0
34110015,0,989,989
34110016,251235,568,251803
34110017,30424,73816,104240
34110018,0,0,0
34110019,0,0,0
34110020,0,0,0
34110021,0,80,80
34110022,39656,211424,251080
34110023,38430,195,38625
34110024,0,0,0
34110025,0,0,0
34110026,0,4160,4160
34110027,0,0,0
34110028,0,3674,3674
34110029,2658,2665,5323
34110030,0,3223,3223
34110031,44168,147215,191383
34110032,0,47380,47380
34110033,0,0,0
34110034,0,0,0
34110035,74000,87102,161102
34110036,0,0,0
34110037,0,0,0
34110038,0,0,0
34110039,0,0,0
34110040,0,0,0
34110041,0,2233,2233
34110042,0,0,0
34110043,0,198,198
34110044,118081,18444,136525
34110045,0,550,550
34110046,0,0,0
34110047,0,435,435
34110048,59553,2400,61953
34110049,65520,925391,990911
34110050,0,0,0
34110051,1508,7864,9372
34110052,381914,397755,779669
34110053,0,10720,10720
34110054,0,11462,11462
34110055,0,0,548037
34110056,0,289789,289789
34110057,0,247,247
34110058,114085,262440,376525
34110059,0,283,283
34110060,0,2023,2023
34110061,113073,1826,114899
34110062,90000,664,90664
34110063,0,0,0
34110064,0,0,0
34110065,0,0,0
34110066,0,4903,4903
34110067,0,68827,68827
34110068,68908,22,68930
34110069,0,0,0
34110070,0,0,0
34110071,0,0,0
34110072,0,0,0
34110073,0,0,0
34110075,116095,2624,118719
34110076,0,0,0
34110077,0,1877,1877
34110078,0,15246,15246
34110079,60000,678650,738650
34110081,27000,31461,58461
34110082,0,0,0
34110083,0,0,0
34110084,0,0,0
34110085,0,0,0
34110086,0,54576,54576
34110087,28203,10976,39179
34110088,0,6061,6061
34110089,0,0,0
34110090,0,1372,1372
34110091,8610,211,8821
34110092,41581,28443,70024
34110093,0,0,0
34110094,0,0,0
34110095,200052,161684,361736
34110096,0,1214,1214
34110097,200,2757,2957
34110098,0,0,0
34110099,10000,25972,35972
34110100,0,0,0
34110101,0,0,0
34110102,0,0,0
34110103,0,0,0
34110104,0,0,0
34110105,0,0,0
34110106,0,0,0
34110107,0,0,0
34110108,0,0,0
34110109,0,0,0
34110111,7500,675,8175
34110112,0,0,0
34110113,65340,11694,77034
34110114,129490,318364,447854
34110115,0,0,0
34110116,0,391,391
34110117,71303,687730,759033
34110119,100000,99455,199455
34110120,0,6093,6093
34110121,95000,111006,206006
34110122,0,79,79
34110123,40000,142024,182024
34110124,0,0,0
34110125,0,2411,2411
34110126,0,0,0
34110128,170867,390156,561023
34110129,0,0,0
34110130,116831,12978,129809
34110131,0,2578,2578
34110132,0,0,0
34110133,0,5257,5257
34110134,0,342298,342298
34110135,0,148225,148225
34110136,0,506,506
34110137,99166,16160,115326
34110138,15000,477,15477
34110139,7892,445,8337
34110140,0,0,0
34110141,36542,101835,138377
34110142,0,0,0
34110143,0,0,0
34110144,0,0,0
34110145,134221,26432,160653
34110146,0,0,0
34110147,0,1006,1006
34110148,0,0,0
34110149,0,0,0
34110150,0,0,0
34110151,0,0,0
34110152,0,0,0
34110153,0,0,0
34110154,0,0,0
34110155,0,0,0
34110156,0,436,436
34110157,0,0,0
34110158,0,0,205242
34110159,0,0,0
34110162,0,1054,1054
34110163,45249,223399,268648
34110164,0,7506,7506
34110165,0,0,0
34110168,0,0,0
34110170,0,961,961
34110172,0,0,0
34110173,0,0,0
34110174,52192,312861,365053
34110177,39000,29656,68656
34110178,0,0,0
34110179,0,18210,18210
34110180,150035,151518,301553
34110182,0,3384,3384
34110184,140000,90720,230720
34110186,0,0,0
34110188,3000,17040,20040
34110189,22400,190,22590
34110191,0,700,700
34110192,0,225151,225151
34110197,0,1108,1108
34110201,0,0,0
34110204,0,0,0
34110209,0,0,0
34110215,25000,83545,108545
34110216,0,0,0
34110220,0,68889,68889
34110224,90717,155047,245764
34110228,0,0,0
34110229,0,170,170
34110230,0,414634,414634
34110234,0,62170,62170
34110238,0,0,0
34110239,0,0,0
34110240,0,0,0
34110241,0,0,0
34110243,0,81,81
34110246,2000,322,2322
34110250,0,22854,22854
34110251,0,1359,1359
34110253,0,0,0
34110258,0,1328,1328
34110259,10788,854,11642
34110262,0,0,0
34110264,0,29,29
34110265,290,230442,230732
34110269,5000,6339,11339
34110271,0,0,0
34110272,12309,143542,155851
34110273,0,0,0
34110274,42690,1142,43832
34110275,0,0,0
34110276,0,2348,2348
34110278,0,0,0
34110279,0,0,0
34110283,5091,990,6081
34110284,0,1862,1862
34110287,0,0,0
34110288,0,0,0
34110289,0,237,237
34110292,0,0,0
34110301,0,0,0
34110305,0,0,0
34110308,0,0,0
34110309,0,0,0
34110310,174,2076,2250
34110311,0,344,344
34110312,0,0,0
34110313,0,0,0
34110314,0,3428,3428
34110316,185000,38594,223594
34110317,20400,297149,317549
34110318,0,0,0
34110319,0,0,0
34110321,198602,7115,205717
34110322,0,100,100
34110323,206383,22765,229148
34110324,0,423163,423163
34110325,0,0,0
34110326,0,0,0
34110327,4000,11112,15112
34110328,0,0,0
34110329,100600,764,101364
34110330,16489,236430,252919
34110331,130186,9746,139932
34110333,0,0,0
34110335,0,0,0
34110336,0,18942,18942
34110337,0,0,0
34110338,0,1085,1085
34110339,0,0,0
34110340,0,124752,124752
34110341,92,1661,1753
34110342,0,96856,96856
34110343,0,18792,18792
34110344,0,3181,3181
34110345,7000,2399,9399
34110346,67000,468,67468
34110347,0,367,367
34110348,0,0,0
34110349,0,0,0
34110350,0,53369,53369
34110351,0,180049,180049
34110352,5000,109241,114241
34110354,0,11602,11602
34110355,499447,544093,1043540
34110356,0,1139,1139
34110357,0,0,0
34110358,12000,36381,48381
34110359,0,538,538
34110360,5000,322,5322
34110361,1000,43,1043
34110363,0,0,0
34110364,30000,4110,34110
34110365,150000,54889,204889
34110366,271302,11112,282414
34110369,320960,206956,527916
34110370,0,0,0
34110371,8928,1556,10484
34110372,120000,608173,728173
34110373,0,0,0
34110374,0,0,0
34110375,25035,41674,66709
34110376,0,0,0
34110377,0,0,0
34110378,135920,55207,191127
34110379,0,1210,1210
34110382,0,7460,7460
34110384,30000,90428,120428
34110385,0,0,0
34110386,5000,1106,6106
34110387,179000,80430,259430
34110388,5000,10740,15740
34110389,100000,137755,237755
34110390,0,7149,7149
34110391,0,264,264
34110392,159400,77714,237114
34110393,23000,40962,63962
34110396,24360,52388,76748
34110397,0,0,0
34110398,10000,6681,16681
34110399,10000,46208,56208
34110400,40000,35955,75955
34110401,0,1573,1573
34110402,10000,1316,11316
34110403,7000,7779,14779
34110406,0,1808,1808
34110407,0,0,0
34110408,15000,364,15364
34110410,0,693,693
34110411,125000,3560,128560
34110413,55000,156135,211135
34110414,0,97,97
34110418,0,0,0
34110419,174,4135,4309
34110420,0,5345,5345
34110421,0,0,0
34110424,0,0,0
34110425,150000,245979,395979
34110426,0,0,0
34110428,0,57892,57892
34110429,0,0,0
34110431,0,0,0
34110433,0,0,0
34110434,0,0,0
34110435,0,2566,2566
34110436,0,0,0
34110438,0,0,0
34110439,0,0,0
34110442,0,0,0
34110443,0,0,0
34110444,0,0,0
34110445,0,0,0
34110447,0,0,0
34110448,0,0,0
34110449,0,0,0
34110450,0,0,0
34110451,0,0,0
34110452,0,0,0
34110454,0,0,0
34110455,60000,255892,315892
34110457,0,1286,1286
34110458,0,0,0
34110459,0,0,0
34110460,0,0,0
34110461,0,0,0
34110462,0,0,0
34110463,28440,90488,118928
34110464,0,0,0
34110465,0,0,0
34110466,0,0,0
34110467,0,0,0
34110469,0,0,0
34110470,0,0,0
34110473,0,0,0
34110476,0,0,0
34110477,0,0,0
34110480,0,0,0
34110481,0,842,842
34110486,0,0,0
34110487,0,367,367
34110490,0,0,0
34110491,0,0,0
34110493,0,0,0
34110494,0,0,0
34110497,0,0,0
34110498,0,0,0
34110500,0,280,280
34110501,0,0,0
34110503,0,10859,10859
34110504,0,0,0
34110506,4000,594,4594
34110508,9100,4730,13830
34110510,0,0,0
34110512,0,20653,20653
34110516,0,0,0
34110517,3500,486,3986
34110519,0,9914,9914
34110520,0,0,0
34110521,0,4479,4479
34110522,0,0,0
34110523,0,869,869
34110525,14000,1011,15011
34110526,6800,34725,41525
34110527,0,0,0
34110529,0,10121,10121
34110530,0,619,619
34110531,5000,4899,9899
34110533,0,3676,3676
34110534,0,6028,6028
34110537,0,867,867
34110539,0,0,0
34110540,0,0,0
34110541,0,298,298
34110543,50000,240577,290577
34110545,0,1250,1250
34110546,60000,784,60784
34110547,0,1481,1481
34110548,0,0,0
34110551,0,0,0
34110552,0,0,0
34110554,0,1501,1501
34110555,0,395,395
34110558,0,216,216
34110559,17358,37200,54558
34110561,50000,349457,399457
34110598,0,0,0
34110600,0,3215,3215
34110601,38000,19743,57743
34110602,70,5639,5709
34110603,30097,80702,110799
34110604,0,237157,237157
34110605,35000,15512,50512
34110606,20000,211640,231640
34110607,284213,83688,367901
34110609,0,0,0
34110610,0,0,0
34110611,0,0,0
34110612,0,0,0
34110613,0,1724,1724
34110617,15000,65595,80595
34110618,0,208637,208637
34110619,0,0,0
34110622,0,0,0
34110623,0,0,0
34110624,0,0,0
34110625,0,0,0
34110626,45000,80231,125231
34110628,0,0,0
34110629,0,0,0
34110630,0,0,0
34110631,0,679,679
34110632,0,0,0
34110633,14791,2984,17775
34110635,0,0,0
34110636,0,0,0
34110637,0,0,0
34110638,0,0,0
34120001,0,476,476
34120002,0,6687,6687
34120003,53881,484,54365
34120004,0,1194,1194
34120005,0,1065,1065
34120006,38055,91129,129184
34120007,51559,84855,136414
34120008,223152,260294,483446
34120009,0,114,114
34120010,0,10282,10282
34120011,150301,139630,289931
34120012,0,2519,2519
34120013,122580,66999,189579
34120014,34654,155,34809
34120015,0,528,528
34120016,0,36,36
34120017,247275,66588,313863
34120018,0,1,1
34120019,171052,113206,284258
34120020,252468,759,253227
34120021,0,0,0
34120022,0,93418,93418
34120023,4000,672,4672
34120024,0,9034,9034
34120025,0,1786,1786
34120026,0,2494,2494
34120027,15400,18241,33641
34120028,0,193,193
34120029,0,770,770
34120030,0,527140,527140
34120031,66500,74,66574
34120032,483155,228253,711408
34120033,99251,287002,386253
34120034,8000,600,8600
34120035,4013,1772,5785
34120036,0,8000,8000
34120037,50000,304965,354965
34120038,0,313,313
34120039,0,0,0
34120040,0,473,473
34120041,8,3623,3631
34120042,35188,149492,184680
34120043,0,2115,2115
34120044,0,642,642
34120045,51000,1222,52222
34120046,5000,219345,224345
34120047,55000,78949,133949
34120048,0,10,10
34120049,121263,227546,348809
34120050,10369,900,11269
34120051,0,1034,1034
34120052,2000,43784,45784
34120053,0,272,272
34120054,30000,271584,301584
34120055,0,4094,4094
34120056,0,67,67
34120057,0,862,862
34120058,50000,191969,241969
34120059,0,0,0
34120060,60585,61134,121719
34120061,20448,188399,208847
34120062,111000,30148,141148
34120063,118000,140528,258528
34120064,0,0,0
34120065,60698,0,60698
34120066,86359,462394,548753
34120067,17784,17025,34809
34120068,0,1985,1985
34120069,125000,516599,641599
34120070,2000,830,2830
34120071,50000,57839,107839
34120072,31325,107826,139151
34120073,96000,234328,330328
34120074,4391,0,4391
34120075,0,397,397
34120076,127402,206907,334309
34120077,0,2836,2836
34120078,74000,139037,213037
34120079,10364,101224,111588
34120080,0,2199,2199
34120081,68000,134147,202147
34120082,0,0,0
34120083,0,4083,4083
34120084,172703,93929,266632
34120085,125000,812,125812
34120086,101400,86336,187736
34120087,0,0,0
34120088,0,11979,11979
34120090,117264,184411,301675
34120091,53000,132560,185560
34120092,0,136085,136085
34120093,50000,3404,53404
34120094,342000,166486,508486
34120097,0,2870,2870
34120099,0,1830,1830
34120100,0,3589,3589
34120102,0,509,509
34120104,5000,13619,18619
34120105,0,2665,2665
34120109,0,745,745
34120114,11600,82746,94346
34120115,0,1584,1584
34120117,10035,10088,20123
34120119,0,40123,40123
34120121,0,4181,4181
34120122,0,2525,2525
34120127,0,1237,1237
34120129,26577,14296,40873
34120133,0,240,240
34120134,3000,3508,6508
34120140,19200,747,19947
34120141,0,306,306
34120142,0,379,379
34120144,35,1872,1907
34120146,0,54440,54440
34120147,0,1597,1597
34120149,0,789,789
34120150,10000,4329,14329
34120151,0,3703,3703
34120154,0,214,214
34120157,0,398,398
34120158,0,19,19
34120160,40000,9856,49856
34120161,0,0,4
34120162,0,294,294
34120163,0,1433,1433
34120164,0,936,936
34120165,0,383,383
34120168,0,433,433
34120169,0,8463,8463
34120170,5312,103287,108599
34120171,0,1810,1810
34120172,250000,92586,342586
34120173,0,0,0
34120174,0,1004,1004
34120175,0,199,199
34120176,0,51416,51416
34120180,9000,897,9897
34120184,4400,50461,54861
34120193,0,306,306
34120201,0,58,58
34120208,0,579,579
34120213,0,5750,5750
34120215,64000,378,64378
34120216,190466,45737,236203
34120218,0,75713,75713
34120219,0,2706,2706
34120222,0,0,0
34120223,0,10090,10090
34120228,0,0,0
34120233,90702,235342,326044
34120235,0,381,381
34120238,0,170,170
34120241,0,1662,1662
34120245,0,753,753
34120246,0,410,410
34120250,0,838,838
34120251,5673,0,5673
34120253,0,3379,3379
34120256,2852,0,2852
34120257,4000,25800,29800
34120260,0,1773,1773
34120268,0,856,856
34120269,5000,104629,109629
34120272,0,500,500
34120275,8500,13023,21523
34120277,0,0,0
34120281,0,15166,15166
34120284,15500,112,15612
34120287,0,0,0
34120289,27396,6401,33797
34120290,24250,61260,85510
34120292,0,1497,1497
34120295,0,427,427
34120296,60000,0,60000
34120297,61000,83000,144000
34120298,103000,10837,113837
34120299,68000,869,68869
34120300,62000,459,62459
34120301,59500,500,60000
34120302,97800,79,97879
34120303,140000,750,140750
34120305,0,216,216
34120306,0,61738,61738
34120307,60000,947,60947
34120308,0,1356,1356
34120310,1320000,201033,1521033
34120312,0,687,687
34120315,36,347,383
34120316,11035,7709,18744
34120321,0,1935,1935
34120325,0,1842,1842
34120326,0,51924,51924
34120327,120720,12081,132801
34120329,0,3412,3412
34120330,0,9309,9309
34120331,150000,162633,312633
34120332,40000,960,40960
34120333,36000,44227,80227
34120334,28000,2327,30327
34120335,9000,508,9508
34120336,0,886,886
34120337,0,279,279
34120338,10000,6027,16027
34120339,5000,2426,7426
34120340,20000,75484,95484
34120341,12000,1868,13868
34120342,15000,62671,77671
34120343,10000,25196,35196
34120344,2000,544,2544
34120345,12000,15558,27558
34120346,0,909,909
34120347,0,40360,40360
34120348,0,491,491
34120349,25000,33441,58441
34120350,0,18713,18713
34120351,0,169620,169620
34120352,15000,98142,113142
34120353,26700,17,26717
34120354,1150,15706,16856
34120355,0,870,870
34120356,0,5842,5842
34120357,13800,41,13841
34120359,6200,52018,58218
34120360,50000,130510,180510
34120361,0,815,815
34120362,40000,137304,177304
34120363,30000,65374,95374
34120364,0,246798,246798
34120365,0,1933,1933
34120366,40000,14361,54361
34120367,4500,27,4527
34120368,0,994,994
34120370,70290,2941,73231
34120371,16000,3686,19686
34120372,0,2283,2283
34120373,43000,646,43646
34120374,0,1791,1791
34120375,15000,9347,24347
34120376,30000,71334,101334
34120377,0,0,0
34120378,15500,58204,73704
34120379,0,633,633
34120380,0,4156,4156
34120381,0,409,409
34120382,15000,1200,16200
34120383,0,727,727
34120384,0,1640,1640
34120385,20000,36990,56990
34120387,0,762,762
34120388,48619,7500,56119
34120389,0,305,305
34120390,9000,681,9681
34120391,0,14389,14389
34120392,0,214520,214520
34120393,0,5156,5156
34120394,100000,149194,249194
34120395,50000,271947,321947
34120397,70000,185524,255524
34120398,0,1150,1150
34120399,0,12872,12872
34120400,45000,62046,107046
34120401,0,668,668
34120403,0,985,985
34120404,22000,108825,130825
34120405,50000,100705,150705
34120406,2700,11,2711
34120407,0,2265,2265
34120409,0,671,671
34120410,33120,241925,275045
34120411,0,2335,2335
34120412,120000,4601,124601
34120413,0,3262,3262
34120414,20000,2614,22614
34120415,0,3506,3506
34120416,0,94,94
34120417,20150,8895,29045
34120418,6000,7772,13772
34120419,25000,34889,59889
34120421,4000,5095,9095
34120422,0,844,844
34120424,142600,221168,363768
34120425,0,36,36
34120426,20000,2129,22129
34120427,0,0,0
34120428,0,63663,63663
34120429,0,0,0
34120430,0,5825,5825
34120431,0,0,0
34120432,10000,124000,134000
34120434,39698,0,39698
34120435,0,47,47
34120436,0,5956,5956
34120437,10000,7633,17633
34120438,10000,146,10146
34120439,0,8453,8453
34120440,0,0,0
34120441,10000,56857,66857
34120442,40000,226,40226
34120443,0,600,600
34120444,0,433,433
34120445,8000,83,8083
34120446,0,1820,1820
34120447,106000,968,106968
34120448,9000,925,9925
34120449,0,3308,3308
34120450,0,0,0
34120451,0,0,0
34120452,0,0,0
34120453,121000,441,121441
34120454,0,7000,7000
34120457,0,0,0
34120458,7000,50515,57515
34120459,0,531,531
34120460,0,408,408
34120461,0,0,0
34120462,0,5984,5984
34120463,0,138,138
34120464,130505,14756,145261
34120465,0,1039,1039
34120466,0,8272,8272
34120467,20144,57764,77908
34120469,85000,96035,181035
34120470,0,0,0
34120471,42903,42610,85513
34120472,63000,1110,64110
34120473,16082,84852,100934
34120474,155000,10694,165694
34120475,0,4610,4610
34120476,30000,329,30329
34120477,0,812,812
34120478,15000,6506,21506
34120479,0,18813,18813
34120480,6000,440,6440
34120481,0,68,68
34120482,0,43073,43073
34120483,22000,250,22250
34120484,0,101,101
34120485,3500,85,3585
34120487,0,733,733
34120488,0,0,0
34120489,20000,16620,36620
34120490,0,0,0
34120491,15000,38026,53026
34120493,15000,81567,96567
34120494,0,114751,114751
34120495,0,0,0
34120496,0,1473,1473
34120497,20000,37466,57466
34120498,60000,283377,343377
34120499,0,361,361
34120500,0,86,86
34120501,0,1515,1515
34120502,23681,5116,28797
34120503,0,19801,19801
34120504,89000,191844,280844
34120505,0,2218,2218
34120506,0,2945,2945
34120507,0,96,96
34120508,0,63,63
34120509,0,900,900
34120511,60000,117,60117
34120512,109000,4590,113590
34120513,0,0,0
34120514,0,3303,3303
34120515,0,503,503
34120516,0,0,0
34120517,0,2026,2026
34120518,0,0,0
34120519,2750,750,3500
34120520,7000,300,7300
34120521,122000,500,122500
34120522,1500,482,1982
34120523,0,388,388
34120524,0,0,0
34120525,0,8857,8857
34120526,12000,9101,21101
34120527,8000,230280,238280
34120528,87000,6879,93879
34120529,58200,1800,60000
34120530,263000,75611,338611
34120531,133000,42793,175793
34120532,47000,33506,80506
34120533,0,48051,48051
34120534,0,0,0
34120536,95000,92729,187729
34120537,139000,1074,140074
34120538,58000,3590,61590
34120539,130000,49169,179169
34120540,79000,561,79561
34120541,0,978,978
34120542,27000,559,27559
34120543,53000,29000,82000
34120544,9000,370,9370
34120545,9585,6778,16363
34120546,29182,2182,31364
34120547,0,230,230
34120548,60139,3147,63286
34120549,152000,10479,162479
34120550,0,1592,1592
34120551,30000,27001,57001
34120552,3500,731,4231
34120553,200000,669,200669
34120554,36000,1235,37235
34120555,419000,4000,423000
34120565,0,3316,3316
34120566,0,5327,5327
34120575,0,200,200
34120576,0,26410,26410
34120577,60000,794,60794
34120579,0,550,550
34120580,0,2216,2216
34120581,0,77,77
34120582,0,0,0
34120583,290,151794,152084
34120593,0,740,740
34120599,0,163,163
34120602,0,8951,8951
34120607,0,2617,2617
34120608,0,756,756
34120609,0,53399,53399
34120610,0,5291,5291
34120611,0,354,354
34120613,0,17240,17240
34120614,45000,20867,65867
34120615,0,533,533
34120616,0,268048,268048
34120617,0,348754,348754
34120619,20000,22068,42068
34120620,0,1140,1140
34120623,0,133,133
34120650,0,2035,2035
34120651,0,1813,1813
34120652,0,1808,1808
34120653,20000,134174,154174
34120654,0,3119,3119
34120655,0,42,42
34120657,0,588,588
34120659,25000,2296,27296
34120660,80000,136,80136
34130001,0,0,0
34130002,0,0,0
34130003,0,635,635
34130004,0,161,161
34130005,0,600,600
34130006,25000,6021,31021
34130007,0,5500,5500
34130008,225000,153808,378808
34130009,0,1052,1052
34130010,0,98,98
34130011,0,11525,11525
34130012,20110,1923,22033
34130013,0,0,0
34130014,38261,1773,40034
34130015,0,4717,4717
34130016,0,0,0
34130017,62700,18295,80995
34130018,0,1795,1795
34130019,0,727,727
34130020,5000,1086,6086
34130021,11769,229100,240869
34130022,0,0,0
34130023,150000,2426,152426
34130024,0,0,0
34130025,438110,618311,1056421
34130026,0,940,940
34130027,0,1111,1111
34130028,0,0,0
34130029,0,0,0
34130030,0,0,0
34130031,0,2500,2500
34130032,7000,1075,8075
34130033,0,1000,1000
34130034,0,57109,57109
34130035,0,665,665
34130036,51000,24243,75243
34130037,28839,126,28965
34130038,0,1420,1420
34130039,195000,270006,465006
34130040,0,2746,2746
34130041,0,185,185
34130042,0,76,76
34130043,0,0,0
34130044,0,0,3500
34130045,0,2989,2989
34130046,0,16614,16614
34130047,16000,920,16920
34130048,0,22320,22320
34130049,0,165,165
34130050,165000,108843,273843
34130051,0,1108,1108
34130052,0,6650,6650
34130053,0,4213,4213
34130054,0,2140,2140
34130055,0,1071,1071
34130056,21700,334079,355779
34130057,0,164,164
34130058,0,420,420
34130059,0,0,0
34130060,30000,2342,32342
34130061,0,26420,26420
34130062,0,0,0
34130063,0,0,0
34130064,0,1640,1640
34130065,0,1500,1500
34130066,0,81,81
34130067,0,0,0
34130068,30000,48198,78198
34130069,85000,195941,280941
34130070,75000,3097,78097
34130072,0,0,0
34130073,0,650,650
34130074,15000,30200,45200
34130075,126590,49683,176273
34130078,35000,42834,77834
34130079,17580,18666,36246
34130082,0,2306,2306
34130083,13600,1247,14847
34130084,0,1838,1838
34130085,0,102,102
34130086,65000,153,65153
34130087,0,429,429
34130088,0,0,0
34130089,0,4201,4201
34130090,0,0,0
34130093,34200,1347,35547
34130094,0,0,0
34130096,0,286,286
34130099,0,39301,39301
34130100,20000,108054,128054
34130101,0,2085,2085
34130107,16850,45944,62794
34130111,0,300,300
34130112,0,6420,6420
34130116,0,4542,4542
34130118,0,959,959
34130121,0,747,747
34130122,55000,2320,57320
34130127,0,0,0
34130128,0,578181,578181
34130131,0,6723,6723
34130132,0,59092,59092
34130133,0,507,507
34130134,0,0,0
34130135,0,568,568
34130138,185000,20223,205223
34130142,30000,17600,47600
34130143,0,140532,140532
34130146,0,333,333
34130149,75000,1272,76272
34130151,0,2198,2198
34130154,0,1191,1191
34130155,0,0,75741
34130156,2800,73242,76042
34130157,13000,70681,83681
34130159,50000,1055,51055
34130160,0,0,0
34130161,0,2113,2113
34130163,40140,379466,419606
34130164,0,8,8
34130165,0,1560,1560
34130167,15000,117008,132008
34130169,0,3000,3000
34130173,0,152806,152806
34130179,57000,19609,76609
34130183,0,2634,2634
34130184,0,977,977
34130187,82119,91205,173324
34130188,0,4926,4926
34130189,0,24184,24184
34130190,16000,90,16090
34130194,0,19,19
34130196,40000,14968,54968
34130198,911,8572,9483
34130201,10000,61600,71600
34130204,0,38291,38291
34130205,0,756,756
34130207,0,1015,1015
34130208,12000,535,12535
34130211,0,1495,1495
34130213,0,266312,266312
34130215,13000,165149,178149
34130216,17000,3000,20000
34130217,0,142010,142010
34130218,20000,28859,48859
34130219,0,1791,1791
34130220,30000,0,30000
34130221,0,1564,1564
34130222,0,1208,1208
34130223,25000,145955,170955
34130224,118817,37115,155932
34130225,0,971,971
34130226,81004,73290,154294
34130231,0,1123,1123
34130232,130000,722895,852895
34130233,31500,13054,44554
34130234,150000,142083,292083
34130235,32047,37450,69497
34130236,0,25473,25473
34130237,20782,55875,76657
34130239,0,192580,192580
34130241,0,0,0
34130246,0,6815,6815
34130248,0,26,26
34130249,35000,1184586,1219586
34130250,20000,37535,57535
34130251,48852,560128,608980
34130252,0,235369,235369
34130253,30000,39951,69951
34130254,50000,16424,66424
34130255,0,7491,7491
34130256,6000,684,6684
34130257,0,40235,40235
34130258,40000,16631,56631
34130259,0,1794,1794
34130260,396000,199,396199
34130261,0,807,807
34130262,50000,52993,102993
34130263,0,0,0
34130264,24000,17057,41057
34130265,3000,4354,7354
34130266,2900,66,2966
34130267,0,2897,2897
34130268,0,3080,3080
34130269,75000,49540,124540
34130270,31000,39292,70292
34130271,1000,850,1850
34130272,3000,25846,28846
34130274,0,3137,3137
34130275,0,902,902
34130276,0,215,215
34130277,47000,1874,48874
34130278,0,34,34
34130279,0,5729,5729
34130280,25000,25450,50450
34130281,0,0,0
34130282,0,1220,1220
34130283,15000,3221,18221
34130284,0,1704,1704
34130285,0,3524,3524
34130286,78500,501,79001
34130287,0,1265,1265
34130289,87435,10900,98335
34130290,0,5178,5178
34130291,0,19582,19582
34130292,0,769,769
34130293,0,385,385
34130294,50000,86960,136960
34130295,0,370,370
34130296,0,190,190
34130297,10185,204,10389
34130300,0,55,55
34130301,0,350,350
34130302,0,698,698
34130303,0,595,595
34130305,70000,42158,112158
34130306,20000,62029,82029
34130308,0,0,0
34130309,0,2329,2329
34130311,27000,27958,54958
34130312,0,433,433
34130313,0,18189,18189
34130314,12000,2251,14251
34130315,0,7691,7691
34130316,0,1121,1121
34130317,0,24630,24630
34130318,7316,1268,8584
34130319,0,255,255
34130320,0,806,806
34130321,52000,990,52990
34130324,0,0,0
34130325,0,977,977
34130326,0,9300,9300
34130327,0,0,0
34130328,0,154402,154402
34130331,0,0,0
34130332,0,0,0
34130333,0,4025,4025
34130336,0,0,0
34130337,0,1132,1132
34130338,0,0,0
34130340,0,34239,34239
34130341,0,0,0
34130342,0,101420,101420
34130343,0,30420,30420
34130344,0,932,932
34130345,0,930,930
34130346,0,514,514
34130348,0,5121,5121
34130350,1800,0,1800
34130351,0,0,0
34130352,0,0,0
34130353,22000,2539,24539
34130354,20000,1055,21055
34130355,0,381,381
34130356,50000,24510,74510
34130357,28000,1992,29992
34130358,0,0,0
34130360,0,300,300
34130361,0,1544,1544
34130363,20000,124116,144116
34130364,0,0,0
34130365,0,0,0
34130366,0,369219,369219
34130368,30000,7209,37209
34130369,45270,80000,125270
34130370,0,13289,13289
34130371,0,27519,27519
34130372,0,1211,1211
34130375,0,1408,1408
34130376,0,226,226
34130379,0,100,100
34130382,14258,8144,22402
34130383,6000,482,6482
34130384,10000,65420,75420
34130385,0,792,792
34130386,5000,555,5555
34130387,0,0,0
34130388,25000,51843,76843
34130389,0,88420,88420
34130390,0,743,743
34130391,0,143000,143000
34130392,0,0,0
34130393,0,2178,2178
34130394,0,829,829
34130395,0,41652,41652
34130396,100000,87890,187890
34130397,0,420,420
34130398,0,1500,1500
34130399,29000,7480,36480
34130400,0,0,0
34130401,24568,7000,31568
34130402,0,66660,66660
34130403,0,2620,2620
34130405,98000,2525,100525
34130406,0,0,0
34130408,0,420,420
34130409,15000,163367,178367
34130410,0,25357,25357
34130411,0,107802,107802
34130412,10000,18441,28441
34130413,10000,8000,18000
34130414,0,0,0
34130416,73000,50807,123807
34130417,15000,50399,65399
34130418,0,0,0
34130422,0,1727,1727
34130424,22000,16906,38906
34130427,60000,2508,62508
34130429,20000,30899,50899
34130430,0,88,88
34130432,0,350420,350420
34130443,0,10200,10200
34130445,0,5797,5797
34130446,0,7500,7500
34130447,58000,213395,271395
34130448,15000,446214,461214
34130449,0,5859,5859
34130450,0,1781,1781
34130451,0,3972,3972
34130452,0,10757,10757
34130460,0,7003,7003
34130467,5000,2223,7223
34130470,32000,692,32692
34130472,20000,1223,21223
34130474,0,79,79
34130479,12000,180631,192631
34130485,0,342,342
34130487,40000,119000,159000
34130490,14000,452,14452
34130492,50000,90303,140303
34130493,0,102644,102644
34130494,8000,420,8420
34130495,131000,880,131880
34130497,0,264014,264014
34130498,0,1142,1142
34130499,3000,167,3167
34130500,369614,14538,384152
34130502,0,1738,1738
34130504,43964,126464,170428
34130507,0,6500,6500
34130508,0,1737,1737
34140001,15036,1470,16506
34140002,50000,50806,100806
34140003,0,0,509
34140004,0,0,0
34140005,0,1486,1486
34140006,0,3759,3759
34140007,0,621,621
34140008,0,934,934
34140009,0,2569,2569
34140010,0,0,0
34140011,35422,218,35640
34140012,53757,6657,60414
34140013,121915,30049,151964
34140014,49207,3223,52430
34140015,62835,1195,64030
34140016,300,5149,5449
34140017,0,0,0
34140018,22000,239,22239
34140019,0,7212,7212
34140020,0,0,0
34140021,0,0,0
34140022,82783,102005,184788
34140023,137928,160439,298367
34140024,0,186,186
34140025,0,846,846
34140026,4479,216,4695
34140027,22575,377,22952
34140028,0,210,210
34140029,0,1346,1346
34140030,0,54779,54779
34140031,0,0,0
34140032,25330,15553,40883
34140033,0,1487,1487
34140034,20000,1366,21366
34140035,1100,1215,2315
34140036,36600,124220,160820
34140037,0,6,6
34140038,0,0,0
34140039,14000,7097,21097
34140040,200000,269385,469385
34140041,29629,64266,93895
34140042,143000,90961,233961
34140043,12000,59337,71337
34140044,0,0,0
34140045,19562,28662,48224
34140046,40000,61513,101513
34140047,0,5068,5068
34140048,0,3405,3405
34140049,52346,184021,236367
34140050,184740,29419,214159
34140051,34936,6350,41286
34140052,0,0,0
34140053,0,0,0
34140054,175,2565,2740
34140055,0,15632,15632
34140056,0,0,0
34140057,186,327,513
34140058,26000,11581,37581
34140059,0,0,0
34140060,4383,1000,5383
34140061,116300,96592,212892
34140062,4344,227,4571
34140063,0,988,988
34140064,600,3304,3904
34140065,116,2553,2669
34140066,8033,19212,27245
34140067,35035,33693,68728
34140068,0,4252,4252
34140069,0,0,0
34140070,0,5253,5253
34140071,130000,3924,133924
34140072,50350,76962,127312
34140073,0,177,177
34140074,0,4039,4039
34140075,116,326,442
34140076,0,3284,3284
34140077,55046,26093,81139
34140078,99000,256420,355420
34140079,0,68,68
34140080,180,1778,1958
34140081,12000,3872,15872
34140082,0,714,714
34140083,23684,152919,176603
34140084,0,199,199
34140086,12000,0,12000
34140087,36800,22743,59543
34140088,3650,500,4150
34140092,50000,5616852,5666852
34140093,0,1146,1146
34140094,0,20194,20194
34140095,0,1644,1644
34140097,0,0,0
34140098,0,795,795
34140099,0,1238,1238
34140100,25000,64046,89046
34140101,0,201,201
34140102,4400,123320,127720
34140103,0,599,599
34140104,0,556,556
34140105,302,120,422
34140106,0,813,813
34140107,0,0,0
34140108,69,0,69
34140109,0,701,701
34140110,59570,87595,147165
34140111,0,439,439
34140113,0,251,251
34140115,0,0,0
34140117,0,216,216
34140119,12151,835,12986
34140120,20000,47211,67211
34140122,12600,1352,13952
34140123,0,0,0
34140124,10000,1539,11539
34140129,70000,33276,103276
34140130,0,167577,167577
34140131,0,0,0
34140132,85000,8013,93013
34140133,4000,353,4353
34140134,10000,2797,12797
34140136,209,1107,1316
34140138,0,19,19
34140140,70,22353,22423
34140143,0,269,269
34140144,0,0,0
34140145,7723,18725,26448
34140146,0,59616,59616
34140147,0,173703,173703
34140148,0,87035,87035
34140149,0,608,608
34140150,0,1200,1200
34140151,0,0,0
34140152,14000,64577,78577
34140153,0,36999,36999
34140154,15070,12019,27089
34140156,0,15441,15441
34140158,0,525,525
34140159,10000,25254,35254
34140160,28035,25481,53516
34140164,0,0,0
34140165,8054,255955,264009
34140166,0,69637,69637
34140167,0,274,274
34140168,1125,0,1125
34140170,0,1450,1450
34140177,100000,141920,241920
34140180,0,0,0
34140182,0,0,0
34140188,82547,190420,272967
34140191,7297,7554,14851
34140192,0,364,364
34140194,0,5789,5789
34140199,0,72266,72266
34140205,0,5223,5223
34140209,6000,300,6300
34140211,20360,6100,26460
34140213,70000,799,70799
34140217,25000,60187,85187
34140219,0,0,0
34140225,0,1126,1126
34140226,0,0,0
34140228,0,0,0
34140230,0,233005,233005
34140233,0,2634,2634
34140234,0,0,0
34140235,0,26288,26288
34140236,37035,97997,135032
34140239,50035,320312,370347
34140240,0,1611,1611
34140241,0,927,927
34140242,12058,8,12066
34140243,4000,765,4765
34140244,0,0,0
34140245,0,0,154899
34140246,6000,194,6194
34140247,0,2530,2530
34140248,0,231,231
34140249,66000,1878,67878
34140250,244,927,1171
34140251,0,0,0
34140252,0,93194,93194
34140253,75,9,84
34140254,0,0,0
34140255,68000,319,68319
34140256,0,382,382
34140257,0,0,0
34140258,0,259,259
34140259,93,1040,1133
34140260,0,82282,82282
34140261,48400,934,49334
34140262,97307,12192,109499
34140263,22035,59529,81564
34140264,102000,131660,233660
34140265,0,0,0
34140266,15500,47698,63198
34140267,0,236,236
34140268,0,0,0
34140269,0,7349,7349
34140270,22000,208,22208
34140271,54750,5400,60150
34140272,29035,376,29411
34140273,0,0,0
34140274,0,1046,1046
34140275,30131,800,30931
34140276,51000,16000,67000
34140277,0,0,0
34140278,0,486,486
34140280,75000,169753,244753
34140281,11675,2290,13965
34140282,0,568,568
34140283,25000,10263,35263
34140284,22300,52895,75195
34140285,580,643,1223
34140286,8035,17337,25372
34140287,0,0,3318
34140288,0,1026,1026
34140289,0,0,0
34140290,3941,26304,30245
34140291,0,0,0
34140292,0,500,500
34140293,41705,40177,81882
34140294,25035,26436,51471
34140295,28000,953,28953
34140296,20105,5892,25997
34140297,0,6491,6491
34140298,12000,10258,22258
34140299,10325,509,10834
34140300,7050,4535,11585
34140302,392,0,392
34140303,0,0,0
34140305,0,2695,2695
34140307,0,0,0
34140308,0,391,391
34140309,2000,957,2957
34140310,0,0,0
34140311,13080,35279,48359
34140312,5000,930,5930
34140313,27000,83470,110470
34140314,60000,17828,77828
34140315,0,1770,1770
34140317,0,4459,4459
34140318,35000,3765,38765
34140319,2000,551,2551
34140320,0,0,0
34140321,11450,6920,18370
34140322,55000,36225,91225
34140323,0,2800,2800
34140324,0,838,838
34140325,0,957,957
34140326,25000,10129,35129
34140327,0,25727,25727
34140328,0,2731,2731
34140329,0,0,0
34140330,0,565,565
34140331,30000,76199,106199
34140332,31000,115,31115
34140333,10000,35337,45337
34140334,0,461,461
34140335,31000,18111,49111
34140336,23500,18103,41603
34140337,0,169,169
34140338,0,468,468
34140339,0,0,0
34140340,45000,1309,46309
34140341,0,527,527
34140342,3000,3074,6074
34140343,13200,40017,53217
34140344,37545,3887,41432
34140345,0,0,0
34140346,0,59,59
34140347,0,1190,1190
34140348,176162,22,176184
34140349,0,2500,2500
34140350,20000,5051,25051
34140352,17500,93882,111382
34140353,0,4156,4156
34140354,25000,49630,74630
34140355,0,9162,9162
34140356,0,344,344
34140357,0,125230,125230
34140358,10000,22339,32339
34140359,0,24798,24798
34140360,0,101,101
34140361,34755,38005,72760
34140362,64000,3107,67107
34140364,10000,34414,44414
34140366,20000,22555,42555
34140367,0,784,784
34140368,0,0,0
34140369,0,637,637
34140370,0,0,0
34140371,0,3234,3234
34140372,0,1920,1920
34140373,18000,27005,45005
34140374,0,0,0
34140375,0,176870,176870
34140376,0,674,674
34140377,7000,1379,8379
34140379,5500,59807,65307
34140380,30000,5155,35155
34140381,0,5248,5248
34140382,10000,29,10029
34140383,20000,50149,70149
34140384,40070,6882,46952
34140385,0,346,346
34140389,0,1345,1345
34140390,0,6012,6012
34140392,0,1024051,1024051
34140393,0,433,433
34140395,0,108985,108985
34140400,2000,156611,158611
34140404,0,434,434
34140407,279,97,376
34140409,480,3333,3813
34140411,28035,58263,86298
34140423,34000,232808,266808
34140425,20000,7941,27941
34140426,31000,54026,85026
34140427,0,0,0
34140429,6000,973,6973
34140430,0,1070,1070
34140431,0,0,0
34140432,135000,137566,272566
34140434,0,280,280
34140435,0,0,0
34140437,0,308,308
34140439,3550,0,3550
34140440,0,0,0
34140442,0,0,0
34140450,0,1158,1158
34140451,8021,30947,38968
34140452,0,0,0
34140453,0,94,94
34140454,25000,33242,58242
34140455,0,203,203
34140456,6260,11076,17336
34140457,0,466,466
34140458,0,1709,1709
34210001,0,216141,216141
34210002,162832,116111,278943
34210003,0,4664,4664
34210004,239970,84135,324105
34210005,80177,150740,230917
34210006,0,2533,2533
34210007,205000,39145,244145
34210008,76,1056,1132
34210009,0,248905,248905
34210010,0,241544,241544
34210011,100000,193685,293685
34210012,14771,160125,174896
34210013,131865,76949,208814
34210014,56378,18936,75314
34210015,0,220,220
34210016,0,0,0
34210017,215521,109431,324952
34210018,105081,332,105413
34210019,0,215,215
34210020,507904,315312,823216
34210021,9000,660,9660
34210022,43966,38534,82500
34210023,68826,294573,363399
34210024,0,106900,106900
34210025,0,80,80
34210026,101183,2061,103244
34210027,132451,142622,275073
34210028,46961,330488,377449
34210029,67475,104527,172002
34210030,58400,125171,183571
34210031,208352,397145,605497
34210032,211934,3404,215338
34210033,55476,20458,75934
34210034,0,109419,109419
34210035,176690,90526,267216
34210036,23867,141960,165827
34210037,0,1025,1025
34210038,186663,22943,209606
34210039,12355,96097,108452
34210040,97664,32780,130444
34210041,0,348302,348302
34210042,49215,164661,213876
34210043,85600,307891,393491
34210044,217156,182028,399184
34210045,61873,1119531,1181404
34210046,97232,21349,118581
34210047,52,192276,192328
34210048,0,0,0
34210049,62800,731,63531
34210050,4396,137509,141905
34210051,8000,727,8727
34210052,325986,177,326163
34210053,0,351910,351910
34210054,30425,504617,535042
34210055,62802,12060,74862
34210056,29501,75877,105378
34210057,50000,370854,420854
34210058,117000,137538,254538
34210059,82842,7311,90153
34210060,21227,93125,114352
34210061,0,0,0
34210062,145976,281320,427296
34210063,64325,8983,73308
34210066,128539,498287,626826
34210067,100000,114511,214511
34210068,28100,540040,568140
34210069,232428,929180,1161608
34210070,230524,299020,529544
34210071,260737,209534,470271
34210072,105731,139033,244764
34210073,116,677,793
34210074,100166,86533,186699
34210075,35646,7303,42949
34210076,0,0,0
34210077,0,665,665
34210078,270000,138518,408518
34210079,59670,107199,166869
34210080,0,1531,1531
34210081,225518,454849,680367
34210082,45000,112784,157784
34210083,145250,42941,188191
34210084,218234,118490,336724
34210085,90000,220230,310230
34210086,0,510,510
34210087,18000,323840,341840
34210088,37169,227074,264243
34210089,0,430,430
34210090,81600,9627,91227
34210091,132528,2191,134719
34210092,339035,721261,1060296
34210093,84067,452371,536438
34210094,273835,477693,751528
34210095,34669,190696,225365
34210096,56492,116661,173153
34210097,0,68457,68457
34210098,64350,83119,147469
34210099,37763,901,38664
34210100,92863,264086,356949
34210101,50822,173586,224408
34210102,0,2057,2057
34210103,125502,99672,225174
34210104,0,119490,119490
34210105,127961,1184,129145
34210107,34807,219054,253861
34210108,399975,139292,539267
34210109,0,265,265
34210110,0,0,0
34210111,0,47,47
34210112,0,584,584
34210113,88059,6463,94522
34210114,0,111868,111868
34210115,19587,81781,101368
34210116,0,122122,122122
34210117,0,274485,274485
34210118,0,62860,62860
34210119,41061,120014,161075
34210120,60000,54382,114382
34210121,10000,133859,143859
34210122,0,13687,13687
34210123,4436,131407,135843
34210124,38760,153194,191954
34210125,0,91740,91740
34210126,99480,69211,168691
34210127,60580,147682,208262
34210128,0,206229,206229
34210129,4500,27596,32096
34210130,13129,25521,38650
34210131,0,149139,149139
34210132,199537,226713,426250
34210133,277226,193,277419
34210134,58636,318622,377258
34210135,0,300705,300705
34210136,0,56660,56660
34210137,77160,104981,182141
34210138,64240,38038,102278
34210139,133657,5310,138967
34210140,15417,166606,182023
34210141,9585,168643,178228
34210142,0,60883,60883
34210143,0,401,401
34210144,0,654,654
34210146,31000,25112,56112
34210147,23800,184052,207852
34210148,134000,22471,156471
34210149,14889,110095,124984
34210150,39258,411921,451179
34210151,0,7081,7081
34210152,9784,106433,116217
34210153,0,174796,174796
34210154,371876,130590,502466
34210155,0,63665,63665
34210156,25000,33134,58134
34210157,0,0,0
34210158,0,10986,10986
34210159,0,62733,62733
34210160,297751,1091,298842
34210161,0,30007,30007
34210162,78000,572,78572
34210163,3500,107622,111122
34210164,189176,33257,222433
34210165,0,16701,16701
34210166,37155,125295,162450
34210167,0,942,942
34210168,106000,307,106307
34210169,139324,101849,241173
34210170,33000,95131,128131
34210171,26720,89926,116646
34210172,66665,59641,126306
34210173,45000,9160,54160
34210174,0,0,0
34210175,176258,0,176258
34210176,94250,48099,142349
34210177,26643,149904,176547
34210178,7479,100586,108065
34210179,10000,50560,60560
34210180,0,7297,7297
34210181,0,2167,2167
34210182,12600,73221,85821
34210183,0,1044,1044
34210184,0,128028,128028
34210185,63387,137922,201309
34210186,71000,130441,201441
34210188,121631,46275,167906
34210189,0,2291,2291
34210190,35152,421960,457112
34210191,170174,387859,558033
34210192,168353,140674,309027
34210193,109650,385925,495575
34210194,98283,1922,100205
34210195,135900,196090,331990
34210196,47000,250573,297573
34210201,8000,51755,59755
34210202,50000,35060,85060
34210203,28000,309685,337685
34210204,35000,79070,114070
34210205,3835,71874,75709
34210206,92269,282053,374322
34210207,17000,10841,27841
34210208,34961,38824,73785
34210210,32790,172,32962
34210212,19800,41625,61425
34210216,3000,35000,38000
34210218,78291,110180,188471
34210219,58000,117372,175372
34210221,49000,175,49175
34210222,32390,44219,76609
34210224,0,0,0
34210225,8,118847,118855
34210228,0,117862,117862
34210229,25000,47629,72629
34210230,30500,26929,57429
34210232,0,524,524
34210234,81500,8274,89774
34210235,23620,15370,38990
34210236,30000,89310,119310
34210237,0,31346,31346
34210239,0,333,333
34210240,40436,35412,75848
34210241,0,0,241389
34210250,0,35035,35035
34210251,27400,7832,35232
34210253,2000,51227,53227
34210254,35,74870,74905
34210256,0,245371,245371
34210257,0,159215,159215
34210260,0,52270,52270
34210261,0,11170,11170
34210262,82000,8677,90677
34210263,9000,53666,62666
34210265,16771,24923,41694
34210267,35000,36928,71928
34210268,20229,15109,35338
34210269,59500,125166,184666
34210270,11900,358076,369976
34210271,1598,230206,231804
34210272,11210,86531,97741
34210274,0,0,0
34210276,60000,21789,81789
34210278,37000,1490,38490
34210280,4250,149565,153815
34210283,64600,29964,94564
34210285,0,72353,72353
34210286,32350,67099,99449
34210287,0,16206,16206
34210291,0,51062,51062
34210294,10000,20638,30638
34210295,0,2336,2336
34210297,13500,221,13721
34210298,0,122349,122349
34210301,0,223330,223330
34210302,28000,23071,51071
34210307,8,323,331
34210310,54000,13357,67357
34210311,3760,6008,9768
34210314,6500,201,6701
34210318,0,35747,35747
34210321,0,50726,50726
34210322,0,52889,52889
34210323,84000,510,84510
34210324,11500,38566,50066
34210325,16000,44275,60275
34210326,0,220,220
34210327,18000,10079,28079
34210329,28330,44590,72920
34210331,7000,125356,132356
34210332,0,0,0
34210333,0,0,0
34210338,3737,11497,15234
34210339,13996,56456,70452
34210342,0,43974,43974
34210344,10000,570,10570
34210345,86055,3065,89120
34210346,34000,203,34203
34210349,0,72424,72424
34210351,90400,36105,126505
34210352,0,31651,31651
34210353,0,47371,47371
34210354,48000,27741,75741
34210355,51487,48802,100289
34210356,15000,219,15219
34210357,21000,126,21126
34210359,12000,18939,30939
34210361,0,301,301
34210363,0,177307,177307
34210364,0,2898,2898
34210368,96850,51,96901
34210374,13535,10889,24424
34210375,0,79763,79763
34210379,10000,62131,72131
34210382,26290,14457,40747
34210383,8195,2746,10941
34210384,65700,827,66527
34210385,46430,57510,103940
34210387,18000,127939,145939
34210388,0,181680,181680
34210391,0,2817,2817
34210392,52193,12612,64805
34210393,35,733,768
34210395,0,41106,41106
34210396,2300,156149,158449
34210397,23355,3929,27284
34210399,30000,34956,64956
34210401,0,602,602
34210404,30000,71481,101481
34210405,60000,125815,185815
34210407,59038,60807,119845
34210411,15000,3033,18033
34210415,0,38604,38604
34210419,77030,203419,280449
34210420,42000,8013,50013
34210422,2300,2338,4638
34210423,0,43429,43429
34210424,0,41060,41060
34210427,15000,23983,38983
34210430,35000,26,35026
34210432,0,155485,155485
34210435,0,2174,2174
34210437,55000,10979,65979
34210438,0,50238,50238
34210439,25000,104721,129721
34210441,0,87539,87539
34210442,1160,35225,36385
34210444,27944,2773,30717
34210446,60000,79648,139648
34210447,12000,41610,53610
34210450,41000,2803,43803
34210451,0,85778,85778
34210452,0,72535,72535
34210453,17753,55662,73415
34210454,0,206972,206972
34210455,25000,74571,99571
34210457,38,68295,68333
34210461,29000,113976,142976
34210462,9100,35589,44689
34210465,0,146696,146696
34210469,38000,89010,127010
34210474,0,132297,132297
34210476,62500,40371,102871
34210479,53035,821,53856
34210481,16000,50457,66457
34210482,0,64184,64184
34210486,0,76266,76266
34210488,10250,96577,106827
34210497,0,0,0
34210501,0,21280,21280
34210504,72520,400421,472941
34210505,45150,196658,241808
34210506,105000,150707,255707
34210507,65000,61753,126753
34210508,9760,137291,147051
34210509,57600,68448,126048
34210512,11000,40819,51819
34210513,13580,56861,70441
34210514,32390,18,32408
34210515,39290,324,39614
34210516,0,31912,31912
34210517,0,71921,71921
34210518,36578,64916,101494
34210519,43500,73950,117450
34210520,40000,2102,42102
34210521,59391,86274,145665
34210522,0,17970,17970
34210523,290,3581,3871
34210525,67290,1423,68713
34210526,53065,162938,216003
34210527,21650,107896,129546
34210528,23000,26451,49451
34210529,0,24908,24908
34210530,52330,39090,91420
34210531,40000,95692,135692
34210532,29700,20636,50336
34210533,13400,47556,60956
34210534,8055,78801,86856
34210535,40000,139609,179609
34210537,19840,90056,109896
34210538,19800,205584,225384
34210539,40000,2878,42878
34210540,40000,967,40967
34210541,90100,124583,214683
34210542,26700,1249,27949
34210543,27000,686,27686
34210544,4700,40316,45016
34210545,15000,133827,148827
34210546,2000,194195,196195
34210547,30000,20391,50391
34210548,12258,15500,27758
34210549,6350,50456,56806
34210550,0,0,0
34210551,5000,101742,106742
34210552,47000,883,47883
34210553,0,98661,98661
34210555,41000,1214,42214
34210556,22000,1202,23202
34210557,0,0,0
34210558,0,116303,116303
34210559,9000,91455,100455
34210560,15005,229380,244385
34210561,22430,485026,507456
34210562,54000,115454,169454
34210563,57800,331033,388833
34210564,30654,1390,32044
34210565,13700,187690,201390
34210566,22016,2885,24901
34210567,30200,100167,130367
34210568,0,22297,22297
34210570,95000,11,95011
34210571,15000,196984,211984
34210573,24000,559,24559
34210574,5000,60810,65810
34210575,19000,599,19599
34210576,35900,11572,47472
34210577,0,58960,58960
34210578,34700,38231,72931
34210579,10000,18761,28761
34210580,0,8028,8028
34210581,8000,62225,70225
34210582,23000,35691,58691
34210583,40000,4971,44971
34210584,0,28957,28957
34210585,10000,47968,57968
34210586,4500,47880,52380
34210587,50000,59090,109090
34210588,47700,82,47782
34210590,11750,35452,47202
34210591,140250,3349,143599
34210592,0,227238,227238
34210593,10000,9725,19725
34210594,13500,1372,14872
34210595,20000,43714,63714
34210596,28500,47554,76054
34210597,35000,3798,38798
34210598,19050,32710,51760
34210600,45000,11638,56638
34210601,31390,20441,51831
34210602,20000,45846,65846
34210603,29650,346,29996
34210604,15000,24513,39513
34210605,2500,1808,4308
34210606,26245,20549,46794
34210607,17000,72764,89764
34210608,18550,24511,43061
34210611,35,187514,187549
34210612,11600,49406,61006
34210613,0,14773,14773
34210614,0,551,551
34210615,0,42674,42674
34210616,258166,41811,299977
34210617,10000,12137,22137
34210618,8000,7356,15356
34210619,202705,572,203277
34210620,0,3508,3508
34210621,0,201,201
34210622,0,69944,69944
34210623,0,0,0
34210625,12000,36252,48252
34210626,0,22507,22507
34210627,22500,26,22526
34210629,234360,5329,239689
34210630,0,7695,7695
34210631,0,24229,24229
34210632,1790,59,1849
34210634,0,20974,20974
34210636,65000,1724,66724
34210637,7500,24923,32423
34210638,29670,48937,78607
34210639,67000,75679,142679
34210640,10000,26340,36340
34210641,0,12008,12008
34210642,50070,2081,52151
34210643,37035,1654,38689
34210644,50000,191,50191
34210645,0,1394,1394
34210646,0,33557,33557
34210648,0,3622,3622
34210649,0,38637,38637
34210650,0,389521,389521
34210651,16370,73180,89550
34210652,42700,94224,136924
34210653,65000,82763,147763
34210654,25000,104272,129272
34210655,45000,11828,56828
34210656,35000,1500,36500
34210658,20000,46661,66661
34210659,30000,1962,31962
34210660,0,21651,21651
34210661,0,17226,17226
34210662,24000,10102,34102
34210663,17605,54179,71784
34210665,0,56446,56446
34210666,170000,301839,471839
34210667,83175,127343,210518
34210668,115000,149142,264142
34210669,0,172049,172049
34210670,33530,72764,106294
34210671,138000,438,138438
34210672,8260,33092,41352
34210673,3200,10105,13305
34210674,21000,19633,40633
34210675,50000,1266,51266
34210677,16000,167131,183131
34210678,121030,74740,195770
34210679,0,0,0
34210682,31200,91029,122229
34210683,50600,5029,55629
34210684,5000,44409,49409
34210685,11100,120260,131360
34210686,140000,4743,144743
34210688,0,1316,1316
34210689,20340,47832,68172
34210691,6000,241871,247871
34210693,55000,43568,98568
34210694,61500,44909,106409
34210695,42000,321558,363558
34210696,20000,39277,59277
34210697,0,18215,18215
34210698,33790,118584,152374
34210699,29500,134826,164326
34210700,15000,30537,45537
34210701,40000,27571,67571
34210702,0,659,659
34210703,9010,360,9370
34210704,23320,42033,65353
34210705,85290,130621,215911
34210706,93175,106489,199664
34210707,42000,749,42749
34210708,290,147364,147654
34210709,40000,30569,70569
34210710,40000,59587,99587
34210711,38000,62016,100016
34210712,12500,10252,22752
34210713,288,182299,182587
34210714,0,3107,3107
34210715,37000,5914,42914
34210716,45070,3816,48886
34210717,59000,22311,81311
34210718,17000,427,17427
34210720,37000,67997,104997
34210722,40075,42846,82921
34210723,89500,10069,99569
34210724,50000,323302,373302
34210725,2800,253090,255890
34210726,0,705,705
34210727,67700,2350,70050
34210728,23000,3650,26650
34210729,0,157922,157922
34210730,5500,107496,112996
34210731,8000,55230,63230
34210732,0,33003,33003
34210733,107000,71660,178660
34210734,0,0,0
34210735,29000,23535,52535
34210736,11595,14883,26478
34210737,29200,42087,71287
34210738,16500,2031,18531
34210739,20000,23407,43407
34210740,0,0,0
34210741,5000,45586,50586
34210742,16990,262083,279073
34210743,35,362287,362322
34210744,16022,32317,48339
34210745,7000,16260,23260
34210746,44235,192222,236457
34210747,18500,13009,31509
34210748,0,6941,6941
34210749,215605,154199,369804
34210750,12720,178308,191028
34210751,50070,127616,177686
34210752,18951,10831,29782
34210753,0,25179,25179
34210754,0,112960,112960
34210755,17000,158,17158
34210756,0,1579,1579
34210757,7000,42590,49590
34210758,147876,117466,265342
34210759,0,32060,32060
34210760,15000,65528,80528
34210761,11170,1645,12815
34210762,10000,21709,31709
34210763,69035,2248,71283
34210764,20105,188907,209012
34210765,18035,14203,32238
34210767,26400,33154,59554
34210768,2170,8753,10923
34210769,15000,1453,16453
34210770,0,30689,30689
34210771,10500,57926,68426
34210772,25000,5836,30836
34210773,42674,68369,111043
34210774,15000,125415,140415
34210775,2500,9321,11821
34210776,20000,87609,107609
34210777,0,0,0
34210778,0,70965,70965
34210779,46500,72267,118767
34210780,5000,95839,100839
34210781,0,465,465
34210782,2500,68040,70540
34210783,51000,158,51158
34210784,42535,62129,104664
34210785,49187,4853,54040
34210786,22535,10354,32889
34210787,0,52657,52657
34210788,0,581,581
34210789,7000,329,7329
34210790,56858,0,56858
34210791,208537,27711,236248
34210792,105000,142,105142
34210793,24600,83653,108253
34210795,90000,591,90591
34210796,17810,48847,66657
34210797,46703,0,46703
34210798,55000,12823,67823
34210799,34470,5138,39608
34210800,50000,28660,78660
34210801,35199,42743,77942
34210803,115000,61185,176185
34210804,47460,930,48390
34210805,40000,31515,71515
34210806,0,160641,160641
34210808,48000,1041,49041
34210809,14870,8850,23720
34210810,17470,13295,30765
34210811,65994,48341,114335
34210812,30000,2284,32284
34210813,14500,90404,104904
34210815,34000,4569,38569
34210816,26000,23100,49100
34210817,6500,40413,46913
34210818,28630,34906,63536
34210819,13160,73251,86411
34210820,66030,7511,73541
34210821,39954,77023,116977
34210822,51000,1283,52283
34210823,92928,3032,95960
34210824,54552,15542,70094
34210825,38000,17806,55806
34210826,32000,6559,38559
34210827,20412,94241,114653
34210830,33460,12883,46343
34210831,20000,4514,24514
34210832,45160,12537,57697
34210834,5000,75092,80092
34210835,36900,199,37099
34210836,30400,10378,40778
34210837,19000,897,19897
34210838,22500,12603,35103
34210839,0,34,34
34210840,76303,3000,79303
34210841,35000,321,35321
34210842,59000,549,59549
34210843,29325,62110,91435
34210844,43000,4668,47668
34210845,19000,3255,22255
34210846,38000,729,38729
34210847,38900,2926,41826
34210848,40000,30165,70165
34210849,89400,1709,91109
34210850,110151,45076,155227
34210851,6500,15391,21891
34210852,39455,22290,61745
34210853,65000,786,65786
34210854,17500,145831,163331
34210856,76000,754,76754
34210857,0,75001,75001
34210858,80000,28048,108048
34210859,34191,172332,206523
34210860,20000,400144,420144
34210863,56250,8364,64614
34210876,13388,11288,24676
34210880,0,0,0
34210886,0,0,0
34210903,21000,181412,202412
34210904,192850,193734,386584
34210906,0,2306,2306
34210910,10986,129095,140081
34210925,0,85781,85781
34210930,0,177782,177782
34210932,40000,21593,61593
34210959,34935,6271,41206
34210962,5000,2461,7461
34210969,1008583,479833,1488416
34210970,518217,1156667,1674884
34210971,0,295243,295243
34210976,0,31036,31036
34210977,0,0,0
34210979,23985,11774,35759
34210980,26000,6283,32283
34210981,30000,358,30358
34210982,0,494,494
34210983,66600,1267,67867
34210984,0,1332,1332
34211002,27012,7692,34704
34211003,174,587,761
34211004,0,724,724
34211005,2650,125237,127887
34211006,5000,101723,106723
34211007,88186,177584,265770
34211049,125058,53348,178406
34211051,35892,109927,145819
34211052,0,113608,113608
34211053,123000,178063,301063
34211054,49838,464982,514820
34211055,49130,1997,51127
34211056,23882,27786,51668
34211057,41000,15670,56670
34211058,47900,113283,161183
34211059,43200,13148,56348
34211060,0,1074,1074
34211061,16690,129540,146230
34211062,54477,1731,56208
34211064,3040,110461,113501
34211065,29705,11773,41478
34211071,57675,25167,82842
34211072,0,1510,1510
34220001,0,614129,614129
34220002,164809,341784,506593
34220003,0,17,17
34220004,0,7822,7822
34220005,53800,489251,543051
34220006,0,181,181
34220007,41241,132754,173995
34220008,30000,90582,120582
34220009,112269,660477,772746
34220010,0,434046,434046
34220011,20000,146759,166759
34220012,145109,219916,365025
34220013,309386,116453,425839
34220014,47000,288028,335028
34220016,0,242036,242036
34220017,0,108337,108337
34220018,0,622,622
34220019,99543,250277,349820
34220020,160000,4582,164582
34220021,20000,90479,110479
34220022,73388,57,73445
34220023,118212,0,118212
34220024,0,0,0
34220025,150058,1636,151694
34220026,0,934,934
34220027,49350,33582,82932
34220028,41150,21425,62575
34220029,50000,213855,263855
34220030,52759,38988,91747
34220031,100238,35564,135802
34220032,35734,50780,86514
34220033,34000,421,34421
34220034,26465,29403,55868
34220035,22000,104871,126871
34220036,60000,55259,115259
34220037,116,397,513
34220038,200000,111369,311369
34220039,41070,67041,108111
34220040,74000,45694,119694
34220041,161000,171805,332805
34220042,55701,81629,137330
34220043,0,0,0
34220044,103902,297,104199
34220045,12960,248,13208
34220046,159090,166743,325833
34220047,0,522,522
34220048,93750,160187,253937
34220049,22500,83540,106040
34220050,9653,7194,16847
34220051,0,152,152
34220052,50000,19523,69523
34220053,60826,11898,72724
34220054,18800,73029,91829
34220055,0,0,0
34220056,269588,60459,330047
34220057,253979,294912,548891
34220058,52016,25919,77935
34220059,0,173831,173831
34220060,0,808,808
34220061,199804,162603,362407
34220062,57257,87418,144675
34220063,32164,744066,776230
34220064,23592,256225,279817
34220065,84500,728,85228
34220066,24530,14912,39442
34220067,0,161205,161205
34220068,200398,237227,437625
34220069,43940,319966,363906
34220070,16701,50675,67376
34220071,0,95168,95168
34220072,41000,168890,209890
34220073,92000,1304,93304
34220075,62096,29128,91224
34220076,10000,54067,64067
34220077,11000,317,11317
34220078,160272,78674,238946
34220079,67759,121034,188793
34220080,0,194917,194917
34220081,0,13263,13263
34220082,129977,381,130358
34220083,0,53323,53323
34220084,41139,126694,167833
34220085,0,267663,267663
34220086,77130,314248,391378
34220087,133449,593,134042
34220088,136450,140196,276646
34220089,49000,385,49385
34220090,50000,68803,118803
34220091,63800,385551,449351
34220092,0,143988,143988
34220093,35325,56873,92198
34220094,105290,2018,107308
34220095,0,31862,31862
34220096,0,2633,2633
34220097,276552,687597,964149
34220098,39970,206428,246398
34220099,100000,50987,150987
34220100,250000,390928,640928
34220101,21812,180890,202702
34220102,105000,188,105188
34220103,85000,3300,88300
34220104,93180,82028,175208
34220105,0,112,112
34220106,20000,184034,204034
34220107,25463,85915,111378
34220108,24530,53492,78022
34220109,50540,185199,235739
34220110,94225,173625,267850
34220111,26571,141712,168283
34220112,17304,365855,383159
34220113,126296,50554,176850
34220114,18942,260512,279454
34220115,0,200455,200455
34220116,98432,743,99175
34220117,25000,225638,250638
34220118,388542,19054,407596
34220119,5025,122268,127293
34220120,30000,82101,112101
34220121,0,36998,36998
34220122,0,800,800
34220123,0,131019,131019
34220124,9272,81728,91000
34220125,26057,90130,116187
34220127,26500,52012,78512
34220128,33580,388626,422206
34220129,30000,156775,186775
34220130,1974,202468,204442
34220131,146714,394000,540714
34220132,16000,1162265,1178265
34220133,30000,61428,91428
34220134,181928,6635,188563
34220135,43000,36299,79299
34220136,0,441,441
34220137,3000,543124,546124
34220138,8,514355,514363
34220139,2500,393683,396183
34220140,13000,118398,131398
34220141,32000,696358,728358
34220142,66300,57,66357
34220143,4468,13456,17924
34220144,39295,162243,201538
34220145,36500,193817,230317
34220146,138435,17001,155436
34220147,0,171235,171235
34220149,78261,64242,142503
34220150,0,21222,21222
34220151,16996,137186,154182
34220152,0,2543,2543
34220156,14485,76598,91083
34220157,30225,106890,137115
34220159,5537,35747,41284
34220160,50333,25689,76022
34220161,10475,16649,27124
34220163,0,42442,42442
34220164,20000,4944,24944
34220166,16500,82680,99180
34220167,6000,27607,33607
34220168,8,38863,38871
34220170,36637,31506,68143
34220173,50000,136324,186324
34220174,72083,32092,104175
34220175,20000,104144,124144
34220177,0,3269,3269
34220184,40655,477,41132
34220185,0,168452,168452
34220187,82900,111486,194386
34220188,0,252,252
34220191,3377,21780,25157
34220194,27000,38965,65965
34220196,16000,2729,18729
34220198,19500,182,19682
34220199,110904,8619,119523
34220202,75100,125555,200655
34220203,21733,12677,34410
34220205,19000,468,19468
34220206,100000,8763,108763
34220208,9790,35355,45145
34220211,35042,90077,125119
34220214,0,38821,38821
34220215,0,65732,65732
34220217,50675,192085,242760
34220219,2000,60618,62618
34220221,9050,36914,45964
34220222,0,63910,63910
34220223,28069,48732,76801
34220226,10000,80094,90094
34220227,0,94148,94148
34220228,48000,1498,49498
34220231,48500,34214,82714
34220232,11850,35017,46867
34220233,0,104999,104999
34220235,31735,13000,44735
34220236,56000,3235,59235
34220238,15080,60852,75932
34220239,8000,1018,9018
34220241,20000,38802,58802
34220248,15063,17901,32964
34220251,35000,185139,220139
34220253,20175,50297,70472
34220255,23947,14893,38840
34220259,82035,22170,104205
34220260,0,0,0
34220262,0,54765,54765
34220264,7000,37165,44165
34220265,599996,404404,1004400
34220266,0,461955,461955
34220267,91000,67567,158567
34220269,17462,50000,67462
34220271,35392,128278,163670
34220272,54000,114484,168484
34220273,23330,238255,261585
34220274,0,165608,165608
34220275,10000,83055,93055
34220276,40000,40194,80194
34220277,36800,51611,88411
34220278,47200,48488,95688
34220280,9735,185996,195731
34220281,95000,414268,509268
34220282,25200,28541,53741
34220286,37500,86801,124301
34220287,3580,6471,10051
34220289,57000,158493,215493
34220290,11035,15229,26264
34220291,95000,194274,289274
34220292,90000,17818,107818
34220295,4500,39835,44335
34220296,63767,2339,66106
34220297,17143,136914,154057
34220298,56000,192844,248844
34220299,23450,497,23947
34220300,143820,271156,414976
34220301,114535,137018,251553
34220303,22435,125441,147876
34220304,45000,126647,171647
34220308,13650,25910,39560
34220309,44500,330322,374822
34220313,0,187172,187172
34220316,0,88140,88140
34220319,6495,322421,328916
34220321,70000,17993,87993
34220324,75000,94660,169660
34220326,96653,308251,404904
34220327,7740,279240,286980
34220329,17790,103006,120796
34220333,18289,6722,25011
34220334,81000,72789,153789
34220337,15000,11552,26552
34220338,16949,89110,106059
34220339,0,61753,61753
34220340,4000,68009,72009
34220342,10000,46405,56405
34220346,16500,29398,45898
34220347,22900,183140,206040
34220348,2500,143953,146453
34220349,170299,146589,316888
34220350,0,162546,162546
34220351,31160,441619,472779
34220352,25800,51559,77359
34220353,6600,36806,43406
34220354,0,98810,98810
34220355,35,140027,140062
34220356,0,121800,121800
34220357,52138,39761,91899
34220359,4760,28799,33559
34220360,16000,8502,24502
34220361,47000,40433,87433
34220363,20721,287863,308584
34220364,27456,19049,46505
34220365,49648,18641,68289
34220366,4988,45434,50422
34220367,146416,357,146773
34220368,26497,37152,63649
34220369,28000,787,28787
34220370,52000,22947,74947
34220371,0,142689,142689
34220372,10000,4465,14465
34220373,31000,130574,161574
34220374,20000,38693,58693
34220375,6330,327,6657
34220376,9135,72131,81266
34220377,3000,126941,129941
34220378,0,2376,2376
34220379,13651,101538,115189
34220380,4000,152010,156010
34220382,35000,107306,142306
34220383,12000,69143,81143
34220384,30000,11863,41863
34220385,43000,91377,134377
34220386,20000,23091,43091
34220387,73400,96323,169723
34220388,42061,103160,145221
34220389,31312,82576,113888
34220391,49360,54323,103683
34220392,47903,29755,77658
34220394,32625,190845,223470
34220395,11000,24708,35708
34220396,285,110957,111242
34220398,41900,160572,202472
34220399,30000,7996,37996
34220401,10000,10876,20876
34220402,0,29927,29927
34220403,56366,80880,137246
34220404,17000,122095,139095
34220405,11000,30935,41935
34220406,60000,73981,133981
34220407,63000,77187,140187
34220408,1100,39147,40247
34220409,15947,31562,47509
34220410,11000,14389,25389
34220411,8500,151459,159959
34220412,45840,113719,159559
34220414,84000,51599,135599
34220415,0,55978,55978
34220416,4500,13993,18493
34220418,34000,31740,65740
34220419,4500,137971,142471
34220420,5188,86151,91339
34220421,32000,60554,92554
34220422,60425,179097,239522
34220423,4250,201992,206242
34220424,10000,3906,13906
34220425,48000,32341,80341
34220426,31385,358,31743
34220430,0,1239,1239
34220431,27000,64923,91923
34220432,27000,9300,36300
34220433,22000,93167,115167
34220434,67309,11722,79031
34220435,40000,7234,47234
34220436,30000,74076,104076
34220438,10000,65606,75606
34220439,20000,7332,27332
34220440,10565,11413,21978
34220441,9000,102760,111760
34220442,0,0,0
34220443,45000,127604,172604
34220444,24548,9885,34433
34220445,0,451606,451606
34220446,30000,15355,45355
34220447,73000,60726,133726
34220448,148500,716,149216
34220449,28000,1517,29517
34220450,86000,83910,169910
34220451,80687,53723,134410
34220452,40000,10891,50891
34220453,0,14461,14461
34220454,13000,44909,57909
34220455,23000,58010,81010
34220456,19732,133258,152990
34220457,52200,128301,180501
34220458,34500,11582,46082
34220459,44600,40761,85361
34220460,79500,388,79888
34220461,0,149515,149515
34220462,20000,53208,73208
34220463,0,65593,65593
34220464,105000,14742,119742
34220465,0,10819,10819
34220466,0,61805,61805
34220467,5000,37101,42101
34220468,2500,271924,274424
34220469,0,56976,56976
34220470,36900,6838,43738
34220471,73000,42069,115069
34220472,47000,766,47766
34220473,40000,62411,102411
34220474,18000,6125,24125
34220475,30000,139050,169050
34220476,48000,418,48418
34220477,33500,410,33910
34220478,4000,66027,70027
34220479,21481,61093,82574
34220480,70000,15353,85353
34220481,25353,3751,29104
34220482,19000,67633,86633
34220483,0,85948,85948
34220484,50000,9086,59086
34220486,7300,35,7335
34220490,94000,310,94310
34220492,6000,54857,60857
34220496,0,351,351
34220498,0,17552,17552
34220499,0,51267,51267
34220500,36050,17623,53673
34220501,16400,213926,230326
34220502,42500,63706,106206
34220503,20000,25245,45245
34220504,25000,183023,208023
34220505,20000,19889,39889
34220506,0,820,820
34220507,12000,11375,23375
34220508,43000,76026,119026
34220509,27000,829,27829
34220510,66070,112101,178171
34220511,75539,354980,430519
34220512,8008,29878,37886
34220514,117000,1104,118104
34220515,20000,37346,57346
34220516,40000,3703,43703
34220517,27150,3441,30591
34220518,15000,23948,38948
34220520,105000,167156,272156
34220521,25000,49916,74916
34220522,44900,33238,78138
34220523,3400,26322,29722
34220524,40000,77527,117527
34220525,19315,38380,57695
34220526,10000,18280,28280
34220527,35000,900,35900
34220528,45070,99300,144370
34220530,56000,8585,64585
34220532,160000,288315,448315
34220533,32000,784,32784
34220534,14200,232033,246233
34220535,46000,308,46308
34220536,0,44896,44896
34220537,61000,436,61436
34220539,23000,6325,29325
34220541,36000,980,36980
34220542,50300,212342,262642
34220543,137437,7637,145074
34220544,6000,140,6140
34220545,23070,1108,24178
34220546,36000,18326,54326
34220547,50000,79771,129771
34220548,0,88652,88652
34220555,37000,45748,82748
34220556,8450,2478,10928
34220557,30000,7246,37246
34220558,24000,2494,26494
34220559,46983,7862,54845
34220560,0,103896,103896
34220561,0,104492,104492
34220563,30600,179052,209652
34220564,14200,105780,119980
34220565,49000,394,49394
34220566,17980,71461,89441
34220567,20000,96229,116229
34220568,6070,39309,45379
34220569,5000,73037,78037
34220570,0,28055,28055
34220571,15000,8450,23450
34220572,22340,116631,138971
34220573,21000,24606,45606
34220574,9900,30987,40887
34220575,10654,26073,36727
34220576,3700,85231,88931
34220577,0,0,0
34220578,105000,434210,539210
34220579,10721,98055,108776
34220580,17143,138664,155807
34220581,28000,86467,114467
34220582,12998,55492,68490
34220583,39000,40889,79889
34220584,112000,109192,221192
34220585,7000,20901,27901
34220586,28500,47010,75510
34220587,6200,17304,23504
34220588,3000,85932,88932
34220590,71000,26214,97214
34220591,179500,293257,472757
34220592,0,211991,211991
34220593,14000,5116,19116
34220594,11000,182208,193208
34220595,19500,181916,201416
34220596,23000,89480,112480
34220597,10000,5135,15135
34220598,3000,135518,138518
34220599,7500,165122,172622
34220600,10000,115769,125769
34220601,4580,159751,164331
34220602,75000,339501,414501
34220603,5000,14553,19553
34220605,23000,76042,99042
34220606,25000,26093,51093
34220607,7500,164890,172390
34220608,2000,39140,41140
34220609,9580,71143,80723
34220610,0,29692,29692
34220611,10000,42353,52353
34220612,5675,344254,349929
34220613,21700,18288,39988
34220614,0,0,577121
34220615,20000,41367,61367
34220616,19498,374847,394345
34220618,7500,86,7586
34220625,7068,33639,40707
34220635,7015,5184,12199
34220642,50000,35458,85458
34220666,83871,116216,200087
34220667,30000,55764,85764
34220668,37000,56324,93324
34220673,4765,35866,40631
34220677,34300,188239,222539
34220678,0,147543,147543
34220680,33050,27979,61029
34220682,12500,6109,18609
34220692,42100,34408,76508
34220696,16000,2295,18295
34220703,35000,3049,38049
34220719,9000,1000,10000
34220728,60710,50583,111293
34220731,0,135820,135820
34220733,113000,68899,181899
34220737,175,244943,245118
34220739,24000,30292,54292
34220760,0,141072,141072
34220769,43940,197562,241502
34220770,0,14452,14452
34220771,53000,103369,156369
34220772,279000,95,279095
34220773,5000,117791,122791
34220774,69099,281206,350305
34220775,9000,87468,96468
34220777,20255,116340,136595
34220778,0,162,162
34220779,33310,4510,37820
34220780,106635,7691,114326
34220781,16000,504,16504
34220782,0,628,628
34220783,14500,77793,92293
34220784,87270,120402,207672
34220785,36000,728,36728
34220786,20070,11449,31519
34220800,102693,654576,757269
34220801,28000,26703,54703
34220805,56600,183180,239780
34220806,15089,419054,434143
34220808,150000,112026,262026
34220809,0,1816,1816
34220810,47615,765,48380
34220811,11817,1519,13336
34220812,8902,5335,14237
34220813,7940,12517,20457
34220815,0,0,0
34230001,33282,10458,43740
34230002,0,0,0
34230003,0,1922418,1922418
34230004,189539,738079,927618
34230005,30210,383664,413874
34230006,204823,91728,296551
34230007,89221,102231,191452
34230008,41775,88600,130375
34230009,86342,123126,209468
34230011,0,70614,70614
34230012,14035,118,14153
34230013,98300,183,98483
34230014,80000,145516,225516
34230015,71456,91473,162929
34230016,0,400932,400932
34230017,30718,521799,552517
34230018,50000,101732,151732
34230019,0,1033,1033
34230020,50000,127799,177799
34230021,0,86,86
34230022,195223,123,195346
34230024,38070,58316,96386
34230025,105000,49592,154592
34230026,6832,94164,100996
34230027,103430,21474,124904
34230028,65000,108036,173036
34230029,44600,24978,69578
34230030,6200,55425,61625
34230031,30418,37838,68256
34230032,58,143951,144009
34230033,16632,134723,151355
34230034,106140,176058,282198
34230035,58035,11720,69755
34230037,66815,188996,255811
34230038,138000,132483,270483
34230040,97160,73,97233
34230041,185000,113760,298760
34230042,0,187044,187044
34230044,66000,213297,279297
34230046,14290,105896,120186
34230048,27680,6678,34358
34230049,50000,42013,92013
34230051,0,200174,200174
34230052,0,167232,167232
34230060,35,53474,53509
34230061,50105,71266,121371
34230063,0,48183,48183
34230065,124900,306794,431694
34230066,14920,154692,169612
34230067,20000,53189,73189
34230068,83000,10218,93218
34230071,0,160083,160083
34230072,3600,132846,136446
34230073,10000,134929,144929
34230074,1850,153664,155514
34230077,106311,34252,140563
34230078,42805,46856,89661
34230084,60000,5110,65110
34230085,26000,100101,126101
34230086,8000,61059,69059
34230087,50000,142143,192143
34230088,23214,50941,74155
34230090,14000,67143,81143
34230093,14016,104337,118353
34230094,29998,38022,68020
34230095,10300,97834,108134
34230097,100476,307300,407776
34230100,15870,127889,143759
34230103,0,145047,145047
34230104,50000,92617,142617
34230106,5600,27843,33443
34230107,245595,340317,585912
34230108,56700,92493,149193
34230109,35,35731,35766
34230111,0,463,463
34230112,48075,34007,82082
34230113,116500,313,116813
34230114,80000,2171,82171
34230115,0,0,0
34230116,28950,14710,43660
34230117,44930,9279,54209
34230118,25450,723,26173
34230119,19580,28022,47602
34230120,20000,12388,32388
34230121,17000,41199,58199
34230122,2700,47814,50514
34230123,20000,8558,28558
34230124,5000,54644,59644
34230125,44000,51850,95850
34230126,27838,10473,38311
34230127,20000,21138,41138
34230128,72000,94592,166592
34230129,75000,8823,83823
34230130,40000,94068,134068
34230131,47126,11197,58323
34230132,0,53525,53525
34230133,23600,99423,123023
34230134,80480,28052,108532
34230135,17000,54208,71208
34230136,30000,31698,61698
34230137,20000,55812,75812
34230139,10000,53341,63341
34230142,0,174,174
34230143,85000,13390,98390
34230144,0,26518,26518
34230145,55290,4790,60080
34230146,4200,90707,94907
34230147,77000,9695,86695
34230148,42000,41600,83600
34230149,0,112862,112862
34230150,22500,119435,141935
34230151,89910,77629,167539
34230152,63500,32891,96391
34230153,27000,39438,66438
34230154,35000,166274,201274
34230156,0,148867,148867
34230157,0,87279,87279
34230159,22290,62900,85190
34230160,40290,66639,106929
34230161,40035,453313,493348
34230162,30000,62355,92355
34230163,48000,51505,99505
34230165,61000,47908,108908
34230166,0,181519,181519
34230167,10000,58945,68945
34230168,130035,55888,185923
34230169,0,48387,48387
34230170,14290,488,14778
34230171,75000,140741,215741
34230172,99000,30747,129747
34230175,24000,200930,224930
34230183,12000,154110,166110
34230186,48000,95330,143330
34230192,75000,64997,139997
34230194,0,39632,39632
34230204,11000,40175,51175
34230207,0,143865,143865
34230211,9070,37547,46617
34230213,35,236967,237002
34230231,38940,51252,90192
34230232,0,89898,89898
34230233,29596,74556,104152
34230234,20000,21119,41119
34310001,119936,275711,395647
34310002,326925,1293265,1620190
34310003,182348,270792,453140
34310004,50000,175427,225427
34310005,0,204471,204471
34310006,330708,0,330708
34310007,313163,293148,606311
34310008,0,0,0
34310009,163816,230196,394012
34310010,0,0,0
34310011,72070,2358294,2430364
34310012,337225,100,337325
34310013,197910,378851,576761
34310014,0,365742,365742
34310016,341527,326293,667820
34310017,0,0,348414
34310018,212084,5000,217084
34310019,260689,28022,288711
34310028,150000,27000,177000
34310029,273219,220912,494131
34310030,0,0,0
34310031,79748,466440,546188
34310032,76000,285003,361003
34310033,0,1051891,1051891
34310035,0,0,0
34310036,0,0,319824
34310037,978396,690244,1668640
34310038,0,561861,561861
34310039,0,0,0
34310040,0,233402,233402
34310041,0,0,0
34310042,536000,116230,652230
34310043,200000,250,200250
34310045,380000,309,380309
34310046,265000,145022,410022
34310047,169610,248114,417724
34310048,224389,13077,237466
34310055,198255,183499,381754
34310056,0,0,0
34310057,0,480438,480438
34310058,33775,11597,45372
34310059,0,409778,409778
34310061,30000,86120,116120
34310062,213000,108431,321431
34310063,21492,127472,148964
34310064,538913,9659,548572
34310065,140000,604137,744137
34310066,35000,108269,143269
34310067,142000,170141,312141
34310068,80290,30344,110634
34310069,128275,419399,547674
34310070,0,233434,233434
34310071,153000,712,153712
34310072,299000,116074,415074
34310074,0,346262,346262
34310083,127600,99857,227457
34310084,98480,345434,443914
34310085,0,0,0
34310086,0,0,0
34310087,102000,161,102161
34310089,39436,136114,175550
34310090,61000,120457,181457
34310091,0,0,0
34310092,177123,53877,231000
34310093,14860,136238,151098
34310094,721616,2978,724594
34310095,90000,107000,197000
34310096,0,0,0
34310097,0,219839,219839
34310098,121000,50821,171821
34310099,0,0,0
34310100,173000,193830,366830
34310101,95815,144288,240103
34310102,100000,39813,139813
34310103,76039,0,76039
34310104,98992,384782,483774
34310105,152000,411,152411
34310107,112720,381,113101
34310108,30000,72277,102277
34310109,162530,0,162530
34310110,104300,947,105247
34310111,91000,346,91346
34310112,0,0,0
34310113,150000,5586,155586
34310114,150000,203859,353859
34310115,0,0,248142
34310116,301631,5777,307408
34310117,38411,239447,277858
34310128,0,0,0
34310129,50000,775097,825097
34310130,288000,279548,567548
34310131,0,0,0
34310132,0,0,0
34310133,50000,338695,388695
34310134,15000,129305,144305
34310135,110000,99044,209044
34310136,110000,106521,216521
34310147,0,0,0
34310148,0,0,0
34310151,24000,412587,436587
34310155,28100,26345,54445
34310160,90000,4626,94626
34310161,0,0,0
34310162,14396,166344,180740
34310163,44192,40072,84264
34310164,218540,96202,314742
34310167,23401,38387,61788
34310169,87320,74879,162199
34310170,0,57759,57759
34310171,40040,49640,89680
34310172,0,90180,90180
34310173,49675,32512,82187
34310174,50720,94063,144783
34310175,25000,27320,52320
34310176,10000,26218,36218
34310177,45000,37445,82445
34310179,0,0,0
34310184,0,0,0
34310187,78000,140639,218639
34310188,46300,610,46910
34310192,0,0,0
34310194,0,0,0
34310196,24000,63464,87464
34310197,155000,51912,206912
34310198,0,0,0
34310200,9770,46591,56361
34310204,107000,9387,116387
34310205,19710,116890,136600
34310207,45000,207440,252440
34310209,20000,169946,189946
34310210,22500,29517,52017
34310211,0,246399,246399
34310212,70440,72760,143200
34310213,59200,66461,125661
34310214,0,0,0
34310215,0,73629,73629
34310216,100000,496,100496
34310218,50000,91733,141733
34310219,40000,39879,79879
34310220,0,0,71366
34310221,0,360,360
34310222,0,0,0
34310223,9289,131489,140778
34310228,0,153620,153620
34310229,210000,142061,352061
34310232,29250,17999,47249
34310233,0,0,86460
34310243,43000,9535,52535
34310245,30000,51284,81284
34310246,0,817581,817581
34310248,40000,28211,68211
34310250,16000,88820,104820
34310251,25000,62364,87364
34310259,0,0,0
34310260,47300,50286,97586
34310261,75000,113833,188833
34310262,0,141675,141675
34310263,38000,1703,39703
34310264,35000,63966,98966
34310265,84858,141004,225862
34310267,0,0,0
34310268,13000,47301,60301
34310270,37000,95734,132734
34310272,15000,87778,102778
34310353,0,0,0
34310356,0,0,0
34310359,80000,87837,167837
34310360,50000,113313,163313
34310361,0,66759,66759
34310362,10000,36031,46031
34310363,56930,250568,307498
34310364,50000,22448,72448
34310365,0,0,0
34310366,33000,46880,79880
34310367,80000,7173,87173
34310368,22600,42779,65379
34310369,0,1434,1434
34310370,55000,16552,71552
34310372,52000,6040,58040
34310374,114355,4306,118661
34310375,0,148,148
34310376,30000,50511,80511
34310377,33040,35954,68994
34310380,27914,68186,96100
34310383,0,0,0
34310384,0,0,0
34310385,150000,96121,246121
34310387,28000,32963,60963
34310388,10000,87258,97258
34310390,10000,32980,42980
34310391,129000,19150,148150
34310392,14000,29185,43185
34310393,0,18591,18591
34310395,35000,4098,39098
34310396,6500,121440,127940
34310397,0,0,0
34310398,9000,62914,71914
34310399,32000,31771,63771
34310400,60900,20904,81804
34310401,3500,36711,40211
34310402,7925,57133,65058
34310403,0,49778,49778
34310404,0,119277,119277
34310406,16389,137853,154242
34310409,77688,85090,162778
34310410,15000,44999,59999
34310411,0,88776,88776
34310412,18345,29758,48103
34310413,24362,55898,80260
34310414,32364,13944,46308
34310415,14937,31179,46116
34310416,0,89119,89119
34310417,75950,79122,155072
34310418,7790,122777,130567
34310419,0,0,0
34310420,13850,22043,35893
34310421,0,0,0
34310422,54000,80267,134267
34310423,10498,98917,109415
34310429,49683,42041,91724
34310430,0,0,0
34310431,109360,3103,112463
34310432,16000,31190,47190
34310434,40580,733,41313
34310435,0,0,0
34310436,90196,30989,121185
34310437,20000,129179,149179
34310438,71750,80568,152318
34310439,144037,77565,221602
34310440,186000,2528,188528
34310441,110139,86092,196231
34310442,34169,105058,139227
34310443,138000,39265,177265
34310444,53640,88807,142447
34310446,57500,134401,191901
34310447,0,35780,35780
34310448,50000,30556,80556
34310449,103260,95955,199215
34310450,4000,36023,40023
34310451,0,0,34382
34310452,75000,10501,85501
34310453,11397,196776,208173
34310454,0,0,0
34310456,7383,19905,27288
34310457,0,0,0
34310458,42000,31453,73453
34310459,20000,153601,173601
34310460,39345,14502,53847
34310461,130186,443368,573554
34310462,30000,40881,70881
34310463,0,0,0
34310464,48056,141917,189973
34310465,55000,9725,64725
34310466,0,0,0
34310467,0,0,0
34310468,0,78873,78873
34310469,18129,100302,118431
34310470,25000,23340,48340
34310471,10473,93149,103622
34310472,41275,60740,102015
34310473,45458,103819,149277
34310474,149190,83911,233101
34310475,40917,61256,102173
34310477,37290,33496,70786
34310478,24000,201079,225079
34310479,47701,100847,148548
34310480,64315,97075,161390
34310481,18523,22335,40858
34310482,64972,27119,92091
34310483,55225,4097,59322
34310484,100000,97980,197980
34310485,4676,65302,69978
34310486,64597,26554,91151
34310488,53000,72173,125173
34310489,0,0,0
34310490,17937,289061,306998
34310491,32100,194511,226611
34310492,21461,7970,29431
34310493,10000,21185,31185
34310494,25000,123234,148234
34310496,5919,75775,81694
34310497,29080,119588,148668
34310498,0,0,0
34310499,0,0,0
34310501,0,0,0
34310503,17818,74988,92806
34310505,19873,22322,42195
34310506,17356,14412,31768
34310510,0,80605,80605
34310511,92120,245,92365
34310512,42000,59325,101325
34310513,16720,87721,104441
34310514,27000,725,27725
34310515,0,0,0
34310516,44500,12900,57400
34310517,5544,58649,64193
34310519,147000,100426,247426
34310520,30000,41661,71661
34310522,36439,73460,109899
34310523,37000,18232,55232
34310524,0,252472,252472
34310525,38661,1507,40168
34310526,83500,2724,86224
34310527,0,183705,183705
34310528,800,90389,91189
34310530,0,0,16581
34310531,35000,58331,93331
34310532,10000,114568,124568
34310533,29408,1318,30726
34310534,37024,42962,79986
34310535,2000,3958,5958
34310536,120000,7761,127761
34310537,18000,49444,67444
34310538,0,70465,70465
34310539,15000,105948,120948
34310540,95000,17315,112315
34310542,14000,44314,58314
34310543,40000,2691,42691
34310545,100000,72367,172367
34310546,16300,82809,99109
34310547,40280,46572,86852
34310548,49156,182914,232070
34310549,89000,77700,166700
34310550,94000,708,94708
34310551,0,95597,95597
34310552,139760,7500,147260
34310553,144500,2840,147340
34310555,9500,117333,126833
34310556,58563,30,58593
34310563,19000,20155,39155
34310564,0,191852,191852
34310565,85000,6016,91016
34310567,62210,13100,75310
34310568,41011,48345,89356
34310569,0,61731,61731
34310571,39667,34455,74122
34310573,40700,88649,129349
34310574,26800,27298,54098
34310575,6399,3884,10283
34310576,65000,1759,66759
34310577,40750,37760,78510
34310578,0,0,132133
34310579,70450,63690,134140
34310580,36000,169555,205555
34310581,0,159463,159463
34310695,61000,186,61186
34310697,21000,64587,85587
34310698,60000,95782,155782
34310699,0,0,0
34310700,115417,55787,171204
34310701,28000,54000,82000
34310702,137836,51453,189289
34310703,110000,158746,268746
34310706,60000,263137,323137
34310707,20000,28740,48740
34310709,0,0,0
34310710,0,0,0
34310711,21000,22720,43720
34310712,96658,13438,110096
34310713,18000,20677,38677
34310715,60000,7811,67811
34310716,149500,508,150008
34310718,0,0,0
34310720,0,58211,58211
34310721,24000,25905,49905
34310722,13000,117222,130222
34310723,15000,50631,65631
34310724,106000,67754,173754
34310725,200600,266460,467060
34310728,30000,41197,71197
34310730,88000,34538,122538
34310731,75580,36858,112438
34310732,70420,130344,200764
34310733,0,0,0
34310734,0,0,0
34310735,25000,23960,48960
34310736,0,0,0
34310737,35000,19591,54591
34310738,71750,18954,90704
34310740,51800,23439,75239
34310741,40000,100288,140288
34310742,41000,21515,62515
34310744,0,0,0
34310745,0,202,202
34310746,0,75414,75414
34310747,15000,39772,54772
34310748,24000,36000,60000
34310749,17000,18112,35112
34310751,47000,140922,187922
34310754,0,0,0
34310756,13374,39764,53138
34310771,87357,3283,90640
34310774,0,0,0
34310777,94000,100432,194432
34310781,55700,126922,182622
34310786,55718,16336,72054
34310788,32800,34902,67702
34310790,30000,31552,61552
34310802,36750,205230,241980
34310805,18080,42236,60316
34310807,31500,38846,70346
34310818,40000,46410,86410
34310872,87290,80583,167873
34310881,0,0,0
34310895,58000,30888,88888
34310896,43900,0,43900
34310898,0,0,0
34310899,50000,96741,146741
34310912,21854,46151,68005
34310913,0,0,112591
34310914,41914,2208,44122
34320001,270000,713436,983436
34320002,896434,109537,1005971
34320003,202307,96391,298698
34320004,120340,314091,434431
34320005,0,327830,327830
34320006,170464,216618,387082
34320007,285840,361600,647440
34320008,384799,1333714,1718513
34320009,271500,0,271500
34320010,136654,176433,313087
34320011,81510,415870,497380
34320012,78721,52130,130851
34320013,87000,2218,89218
34320014,0,1437603,1437603
34320015,335197,43133,378330
34320016,0,1376,1376
34320017,75225,76379,151604
34320018,0,252656,252656
34320019,50000,882315,932315
34320020,59600,718536,778136
34320021,245600,35383,280983
34320022,504521,72316,576837
34320023,260716,289722,550438
34320024,10000,364535,374535
34320025,441566,190971,632537
34320026,0,0,0
34320027,180228,74333,254561
34320028,147000,129557,276557
34320029,924353,211219,1135572
34320030,215000,257916,472916
34320031,640000,0,640000
34320032,0,329833,329833
34320033,25000,225000,250000
34320034,200290,37707,237997
34320035,70000,174711,244711
34320036,0,0,0
34320037,40000,200604,240604
34320038,148638,463581,612219
34320039,50000,497041,547041
34320040,15000,234303,249303
34320041,83732,82902,166634
34320042,10000,222017,232017
34320043,116717,147673,264390
34320044,60000,254182,314182
34320045,0,214287,214287
34320046,143250,345770,489020
34320047,0,449517,449517
34320048,66900,107886,174786
34320049,79000,35169,114169
34320050,78636,204785,283421
34320051,22935,218692,241627
34320052,56000,16412,72412
34320053,51900,159498,211398
34320054,0,0,247826
34320055,78700,328199,406899
34320056,90000,105880,195880
34320057,100290,143217,243507
34320058,102658,100035,202693
34320059,25000,140057,165057
34320060,60000,125010,185010
34320061,30000,149564,179564
34320062,0,0,0
34320063,69156,364466,433622
34320064,55560,121759,177319
34320065,75000,410836,485836
34320066,75000,220718,295718
34320068,10000,96654,106654
34320069,50116,92365,142481
34320070,81326,73725,155051
34320071,39400,132219,171619
34320072,159935,38698,198633
34320073,85800,427173,512973
34320074,0,0,0
34320075,125980,26748,152728
34320076,200000,118129,318129
34320077,0,0,0
34320078,0,0,0
34320079,0,151125,151125
34320080,15000,53760,68760
34320081,0,154393,154393
34320082,50000,123171,173171
34320083,0,0,0
34320084,25000,136173,161173
34320085,0,556982,556982
34320086,20000,82372,102372
34320087,134000,44870,178870
34320088,38340,90982,129322
34320089,134000,3766,137766
34320090,0,492924,492924
34320091,27374,269948,297322
34320092,47900,469654,517554
34320093,80000,137880,217880
34320094,81744,68155,149899
34320095,0,148709,148709
34320096,0,283241,283241
34320097,0,0,177907
34320098,205615,569,206184
34320099,50000,264072,314072
34320100,0,0,0
34320101,0,445692,445692
34320102,0,302893,302893
34320103,20000,73261,93261
34320105,61991,39173,101164
34320106,0,177332,177332
34320111,32000,31644,63644
34320112,35562,2725,38287
34320114,0,0,0
34320116,86360,8282,94642
34320117,50000,70451,120451
34320118,0,258741,258741
34320119,26000,186369,212369
34320121,20000,73751,93751
34320122,7000,72576,79576
34320125,38060,48287,86347
34320126,10000,76410,86410
34320130,24304,26752,51056
34320133,19900,136861,156761
34320135,50000,165871,215871
34320136,70000,225312,295312
34320139,50000,154026,204026
34320140,80000,70670,150670
34320141,30000,178650,208650
34320144,29000,100900,129900
34320146,65000,67403,132403
34320147,15638,69601,85239
34320148,10000,52714,62714
34320150,28500,426,28926
34320155,7647,51955,59602
34320156,26701,43966,70667
34320160,69000,73095,142095
34320161,0,725895,725895
34320162,90000,184909,274909
34320163,0,60630,60630
34320165,82661,26784,109445
34320166,10000,60804,70804
34320167,0,129991,129991
34320169,0,48937,48937
34320172,30000,17663,47663
34320173,19000,230529,249529
34320175,149600,234246,383846
34320176,53842,198649,252491
34320180,50000,91129,141129
34320181,0,40511,40511
34320185,25250,124390,149640
34320186,0,0,0
34320190,62000,41385,103385
34320191,25000,44158,69158
34320192,0,0,0
34320193,28000,37330,65330
34320195,50000,91727,141727
34320197,145000,233494,378494
34320198,59800,1661,61461
34320204,53000,777,53777
34320205,24602,36645,61247
34320206,50000,46353,96353
34320208,70000,50511,120511
34320209,100000,137335,237335
34320212,144987,274014,419001
34320213,22180,202028,224208
34320215,0,46754,46754
34320216,0,0,62621
34320218,58000,170300,228300
34320221,14931,57700,72631
34320222,23000,28466,51466
34320223,0,52518,52518
34320225,0,56799,56799
34320226,20290,23487,43777
34320227,25000,71521,96521
34320230,57216,109512,166728
34320232,70000,6542,76542
34320234,9000,38677,47677
34320235,31000,36600,67600
34320236,105000,55690,160690
34320239,46000,0,46000
34320242,21000,274595,295595
34320243,430000,54976,484976
34320246,0,155486,155486
34320247,0,0,0
34320248,46810,182011,228821
34320249,22000,45365,67365
34320254,30000,46734,76734
34320258,50500,19350,69850
34320260,0,125273,125273
34320261,40000,162396,202396
34320265,85000,7751,92751
34320266,55000,244824,299824
34320273,80000,137210,217210
34320274,0,209939,209939
34320279,50000,206929,256929
34320281,60000,154472,214472
34320282,27000,52604,79604
34320283,50000,219268,269268
34320284,80000,155461,235461
34320285,0,0,0
34320287,0,120185,120185
34320288,0,0,0
34320289,70000,143814,213814
34320291,40000,117102,157102
34320292,0,0,0
34320294,24822,250109,274931
34320296,58560,58928,117488
34320298,76000,287423,363423
34320300,0,0,0
34320301,0,145054,145054
34320302,41892,276702,318594
34320304,34000,34222,68222
34320305,220668,134872,355540
34320307,0,121031,121031
34320308,10000,145240,155240
34320310,0,0,0
34320312,20000,85767,105767
34320313,10000,63897,73897
34320316,20000,49293,69293
34320321,0,102602,102602
34320327,0,0,0
34320329,45000,107432,152432
34320331,0,134296,134296
34320333,100000,88446,188446
34320334,30000,126852,156852
34320335,0,106139,106139
34320336,0,191163,191163
34320337,0,29074,29074
34320338,39906,32065,71971
34320339,37000,976,37976
34320341,38000,38701,76701
34320342,62000,768,62768
34320343,0,100028,100028
34320344,37000,230400,267400
34320346,0,116742,116742
34320347,28000,63738,91738
34320350,0,386167,386167
34320351,69000,8100,77100
34320352,40000,46838,86838
34320353,17590,37342,54932
34320354,20000,81000,101000
34320355,45000,113158,158158
34320356,80000,2414,82414
34320357,23738,35808,59546
34320358,0,45855,45855
34320359,37880,129236,167116
34320360,0,0,0
34320361,0,0,0
34320362,55000,5570,60570
34320363,87500,149396,236896
34320364,0,172587,172587
34320365,0,138195,138195
34320366,15200,135113,150313
34320367,0,100016,100016
34320368,75000,104329,179329
34320369,6000,97573,103573
34320370,50000,55015,105015
34320371,0,49973,49973
34320372,0,0,0
34320373,0,72747,72747
34320375,0,70693,70693
34320376,0,0,0
34320377,10000,68530,78530
34320378,70000,131900,201900
34320379,0,0,0
34320380,54324,215,54539
34320381,70000,50357,120357
34320382,0,0,0
34320383,100000,22000,122000
34320386,0,230586,230586
34320387,26426,31683,58109
34320388,27290,31665,58955
34320389,36350,66851,103201
34320390,2670,76960,79630
34320391,5500,182847,188347
34320392,33210,12822,46032
34320393,40000,64287,104287
34320394,0,0,0
34320395,105980,47013,152993
34320396,20615,41019,61634
34320397,47635,24572,72207
34320398,7500,107500,115000
34320400,31000,46136,77136
34320403,0,0,0
34320405,77831,4,77835
34320408,0,0,0
34320409,0,28574,28574
34320410,30000,191773,221773
34320412,0,27286,27286
34320413,0,36663,36663
34320414,30000,172228,202228
34320415,0,0,0
34320416,40000,69520,109520
34320417,0,161168,161168
34320418,10000,33188,43188
34320419,50000,1133,51133
34320420,0,68035,68035
34320421,50000,129211,179211
34320422,0,0,0
34320423,2600,149225,151825
34320424,34353,182087,216440
34320425,0,72662,72662
34320426,21000,17711,38711
34320427,54643,22041,76684
34320429,15000,42889,57889
34320430,100290,3097,103387
34320432,30000,29980,59980
34320433,0,59286,59286
34320434,46281,201252,247533
34320435,43000,851,43851
34320436,50000,44333,94333
34320437,0,0,0
34320438,0,84454,84454
34320439,60000,6566,66566
34320441,16673,5756,22429
34320443,30000,43695,73695
34320444,35000,84207,119207
34320445,0,0,0
34320446,0,0,0
34320447,42477,56491,98968
34320448,23828,28597,52425
34320450,30000,2241,32241
34320453,19944,58943,78887
34320454,50000,182521,232521
34320455,20488,75765,96253
34320457,40416,56555,96971
34320458,32960,32055,65015
34320459,40960,57342,98302
34320460,15385,14208,29593
34320461,10000,124389,134389
34320463,10818,78323,89141
34320464,25000,66929,91929
34320467,0,203380,203380
34320468,0,2485,2485
34320470,100000,49290,149290
34320471,46100,46532,92632
34320472,24340,47660,72000
34320473,44717,0,44717
34320474,20954,53812,74766
34320478,44500,1025,45525
34320479,0,0,0
34320480,0,159157,159157
34320482,67109,86122,153231
34320484,47000,7331,54331
34320485,95290,462731,558021
34320486,34630,13707,48337
34320488,0,93610,93610
34320489,54678,788,55466
34320490,63559,135832,199391
34320491,40000,15839,55839
34320493,0,45708,45708
34320495,22000,84170,106170
34320496,64000,20075,84075
34320497,60000,56011,116011
34320498,50000,64805,114805
34320499,30000,64519,94519
34320501,197000,4640,201640
34320502,20000,32996,52996
34320503,6000,29146,35146
34320504,0,76180,76180
34320505,0,24953,24953
34320506,50290,20077,70367
34320507,35000,25303,60303
34320508,118290,8120,126410
34320509,0,60534,60534
34320510,30000,52348,82348
34320511,5500,133030,138530
34320512,14548,46416,60964
34320513,50000,10280,60280
34320514,105000,27307,132307
34320515,25290,108773,134063
34320516,15163,23105,38268
34320519,12000,39583,51583
34320520,30000,102544,132544
34320522,35000,7211,42211
34320523,100000,91569,191569
34320527,16000,17466,33466
34320528,120960,22262,143222
34320529,20000,50115,70115
34320530,0,143332,143332
34320531,39000,6045,45045
34320532,40000,226696,266696
34320533,75000,77492,152492
34320534,89590,54265,143855
34320535,55000,35995,90995
34320536,0,91916,91916
34320537,20830,18286,39116
34320538,34000,31955,65955
34320539,0,0,0
34320540,20000,22874,42874
34320541,5203,19000,24203
34320542,0,99820,99820
34320544,30000,80497,110497
34320545,20000,21221,41221
34320546,20000,109374,129374
34320549,73000,135,73135
34320551,25000,63892,88892
34320552,30000,32000,62000
34320554,25000,242394,267394
34320555,50000,125512,175512
34320556,50000,51580,101580
34320557,19000,5894,24894
34320558,25000,67771,92771
34320560,30000,64161,94161
34320561,43290,12542,55832
34320563,15000,23935,38935
34320564,8730,114147,122877
34320565,0,135463,135463
34320566,0,64312,64312
34320567,105000,38955,143955
34320568,15000,131853,146853
34320569,43250,7288,50538
34320571,25000,25871,50871
34320572,30025,25792,55817
34320573,31978,65686,97664
34320574,23070,35052,58122
34320575,24500,25697,50197
34320576,9000,42245,51245
34320577,10000,67803,77803
34320578,10000,153747,163747
34320579,0,25559,25559
34320580,105000,21167,126167
34320581,34200,7193,41393
34320582,55000,991,55991
34320583,0,95242,95242
34320584,0,0,0
34320585,90000,29223,119223
34320586,25000,29327,54327
34320587,20000,41000,61000
34320588,25000,59049,84049
34320589,0,86825,86825
34320592,30000,56962,86962
34320593,0,89929,89929
34320594,0,0,0
34320595,0,184229,184229
34320596,30000,233740,263740
34320597,20000,94715,114715
34320598,11000,47387,58387
34320599,43121,41058,84179
34320600,40000,76139,116139
34320601,20000,21958,41958
34320602,0,57268,57268
34320603,44990,29,45019
34320604,20000,87440,107440
34320605,70000,10666,80666
34320606,29612,30290,59902
34320608,50000,57830,107830
34320609,80000,2531,82531
34320610,41009,11430,52439
34320611,0,0,0
34320613,27290,93915,121205
34320614,50000,5505,55505
34320615,14420,117030,131450
34320616,25000,44271,69271
34320618,0,117010,117010
34320619,17000,45466,62466
34320620,18000,36517,54517
34320621,48920,19880,68800
34320622,7967,136570,144537
34320623,41800,19323,61123
34320624,49000,16000,65000
34320625,0,0,12191
34320626,372990,22418,395408
34320627,70000,128017,198017
34320628,0,83124,83124
34320629,39000,3251,42251
34320630,22584,26611,49195
34320631,16450,83858,100308
34320632,4860,54311,59171
34320633,9100,54503,63603
34320634,23000,27964,50964
34320635,46000,14774,60774
34320636,70290,78193,148483
34320637,36700,4763,41463
34320638,23790,265631,289421
34320639,9000,40701,49701
34320640,50000,53349,103349
34320641,30000,62828,92828
34320642,100000,2435,102435
34320644,45000,578,45578
34320645,31694,110931,142625
34320646,44500,80,44580
34320647,60360,3029,63389
34320649,59567,120714,180281
34320650,0,25255,25255
34320652,45000,143758,188758
34320653,52000,970,52970
34320654,16100,189173,205273
34320655,0,43708,43708
34320657,30000,30624,60624
34320658,130000,103786,233786
34320659,25000,74713,99713
34320660,188834,200992,389826
34320661,0,47156,47156
34320663,70000,74294,144294
34320664,0,0,0
34320665,0,0,0
34320669,12000,65242,77242
34320670,30000,132573,162573
34320671,12500,31124,43624
34320672,40000,29326,69326
34320674,50000,38109,88109
34320675,40000,91400,131400
34320676,0,61928,61928
34320678,0,505965,505965
34320679,37145,7423,44568
34320680,0,0,0
34320681,0,0,0
34320682,0,118535,118535
34320683,113000,46958,159958
34320684,93696,102388,196084
34320686,25000,300093,325093
34320687,109690,14975,124665
34320688,0,0,0
34320689,0,178423,178423
34320690,30000,92972,122972
34320691,37000,41693,78693
34320692,50000,50638,100638
34320694,30000,17586,47586
34320695,54000,42,54042
34320696,45000,34164,79164
34320698,50000,50772,100772
34320699,35196,53737,88933
34320700,0,122339,122339
34320701,0,122363,122363
34320702,39000,38293,77293
34320703,0,91666,91666
34320705,30000,263184,293184
34320706,50000,338274,388274
34320707,56000,844,56844
34320708,25000,56959,81959
34320709,0,55506,55506
34320710,100000,38381,138381
34320711,0,0,0
34320712,28567,3161,31728
34320713,46000,4848,50848
34320714,82492,868,83360
34320715,0,47355,47355
34320716,17060,101702,118762
34320717,0,0,0
34320718,200000,405652,605652
34320719,0,0,0
34320720,0,51858,51858
34320721,152902,0,152902
34320722,50000,35496,85496
34320724,0,0,0
34320725,0,89595,89595
34320726,40000,103277,143277
34320727,122732,20352,143084
34320728,25000,92783,117783
34320729,0,180038,180038
34320730,18781,33491,52272
34320731,48000,22667,70667
34320732,0,0,0
34320734,60360,4817,65177
34320738,0,89361,89361
34320739,16519,122679,139198
34320740,30000,37829,67829
34320748,0,63723,63723
34320759,45000,73623,118623
34320785,0,73499,73499
34320797,62346,52932,115278
34320802,17000,19925,36925
34320816,30349,32898,63247
34320818,50000,10199,60199
34320821,40200,66664,106864
34320828,0,52033,52033
34320850,40000,105944,145944
34320883,0,0,0
34320902,110405,56500,166905
34320939,29618,97067,126685
34320942,60544,19746,80290
34320943,0,185417,185417
34320944,0,674,674
34320945,0,72642,72642
34320946,5290,61181,66471
34320947,110290,14008,124298
34320966,94000,1396,95396
34320967,70000,20244,90244
34320968,0,0,0
34320969,210250,103804,314054
34320970,7141,36617,43758
34330001,432543,58178,490721
34330002,75620,260322,335942
34330003,741215,69847,811062
34330004,0,0,0
34330005,173077,141437,314514
34330006,660036,387043,1047079
34330007,224901,769499,994400
34330008,0,1270509,1270509
34330009,281250,584518,865768
34330010,374007,202010,576017
34330011,283604,103882,387486
34330012,274332,77937,352269
34330013,157000,98709,255709
34330014,162461,99,162560
34330015,0,0,0
34330018,330570,97310,427880
34330019,302198,12510,314708
34330020,50000,170644,220644
34330021,0,314830,314830
34330022,359667,109210,468877
34330023,82526,66416,148942
34330024,0,152229,152229
34330025,116186,295956,412142
34330026,0,0,0
34330027,140701,149194,289895
34330028,53289,185654,238943
34330029,239071,562361,801432
34330031,350900,729118,1080018
34330032,0,198915,198915
34330033,0,675000,675000
34330034,189000,116548,305548
34330035,95000,8581,103581
34330036,98258,188791,287049
34330037,39500,88115,127615
34330038,820353,8375,828728
34330039,0,0,0
34330040,85823,370552,456375
34330041,170360,32962,203322
34330042,0,278984,278984
34330043,191387,39648,231035
34330044,0,0,0
34330045,107129,85978,193107
34330046,0,463089,463089
34330047,0,322249,322249
34330048,100000,411022,511022
34330049,0,577624,577624
34330050,250000,593275,843275
34330051,0,0,0
34330052,40200,74800,115000
34330053,239290,253677,492967
34330054,234328,205237,439565
34330055,42705,46970,89675
34330057,198250,789831,988081
34330058,0,0,0
34330059,200000,225737,425737
34330060,374030,0,374030
34330061,70420,148589,219009
34330062,356000,158158,514158
34330063,339972,194415,534387
34330064,59000,72658,131658
34330065,0,0,0
34330066,65000,180107,245107
34330068,0,18981,18981
34330069,0,0,0
34330070,84805,222592,307397
34330071,209400,39,209439
34330073,0,0,0
34330074,24000,113870,137870
34330075,0,0,0
34330076,35630,124778,160408
34330077,0,0,0
34330078,116000,629,116629
34330080,39022,64969,103991
34330081,56242,120870,177112
34330082,126502,67242,193744
34330083,5000,153159,158159
34330084,8800,164514,173314
34330085,100000,100786,200786
34330086,42851,34372,77223
34330087,163551,94137,257688
34330088,0,0,0
34330089,0,310570,310570
34330090,83853,54682,138535
34330091,0,0,0
34330093,293200,25759,318959
34330094,93362,55193,148555
34330095,0,215477,215477
34330096,33700,60164,93864
34330097,0,0,0
34330098,50982,24454,75436
34330099,105000,20643,125643
34330100,0,321998,321998
34330102,30000,34411,64411
34330103,99000,495,99495
34330104,192861,60000,252861
34330105,141762,15823,157585
34330106,78000,118,78118
34330107,10000,153230,163230
34330108,0,138205,138205
34330109,40000,226035,266035
34330110,0,123176,123176
34330111,0,0,0
34330113,0,183743,183743
34330114,150000,21493,171493
34330115,60000,495417,555417
34330116,20000,125233,145233
34330118,24940,14856,39796
34330119,70000,289751,359751
34330120,52000,725,52725
34330121,11360,123758,135118
34330122,0,418614,418614
34330123,58000,70259,128259
34330124,0,0,141442
34330125,0,359589,359589
34330126,0,14250,14250
34330127,0,0,0
34330128,0,282881,282881
34330129,59000,26058,85058
34330130,0,0,240992
34330131,108259,121743,230002
34330132,29887,0,29887
34330133,0,244637,244637
34330134,0,0,74647
34330135,100000,101414,201414
34330136,0,86455,86455
34330137,31215,261207,292422
34330138,0,0,0
34330139,129280,73651,202931
34330140,0,0,0
34330141,100000,23039,123039
34330142,164210,22470,186680
34330143,273682,449398,723080
34330145,10000,139339,149339
34330146,0,100569,100569
34330147,150000,164864,314864
34330148,65703,3844,69547
34330149,137449,120609,258058
34330150,25000,103704,128704
34330151,201200,153280,354480
34330152,230762,212305,443067
34330153,122166,187061,309227
34330154,89000,1413,90413
34330155,154000,6001,160001
34330156,23900,158995,182895
34330157,253620,5823,259443
34330158,0,99336,99336
34330159,24000,557024,581024
34330160,0,24239,24239
34330161,0,0,0
34330164,67800,242,68042
34330165,43030,36269,79299
34330166,41062,62794,103856
34330168,42995,15450,58445
34330172,0,0,0
34330178,100000,181934,281934
34330185,75000,308824,383824
34330188,58000,212,58212
34330189,0,0,0
34330190,27500,22627,50127
34330191,49613,237076,286689
34330192,20000,82383,102383
34330194,15000,52880,67880
34330197,0,32004,32004
34330198,44000,79949,123949
34330201,0,0,0
34330202,77000,0,77000
34330205,7000,48743,55743
34330207,55000,47956,102956
34330208,40500,583,41083
34330209,35000,30172,65172
34330211,32000,16600,48600
34330212,0,212838,212838
34330213,196000,136974,332974
34330215,25000,15610,40610
34330218,20000,2483,22483
34330220,40000,29295,69295
34330222,25000,45757,70757
34330226,50000,16274,66274
34330229,77683,503,78186
34330244,0,90294,90294
34330247,148000,29291,177291
34330249,50000,535,50535
34330250,27300,67683,94983
34330252,64253,0,64253
34330260,16039,51456,67495
34330261,43000,532,43532
34330266,33000,41977,74977
34330269,18653,68615,87268
34330270,284999,109192,394191
34330273,64997,60557,125554
34330277,8,52872,52880
34330280,19500,33073,52573
34330281,65900,18243,84143
34330286,0,102079,102079
34330289,0,60117,60117
34330297,40000,15580,55580
34330303,0,0,0
34330304,17578,106106,123684
34330309,90000,70886,160886
34330313,0,120053,120053
34330315,0,0,0
34330317,0,0,0
34330318,0,120233,120233
34330322,20000,2226,22226
34330324,0,148528,148528
34330327,6200,79728,85928
34330329,77090,665,77755
34330330,75700,1234,76934
34330332,40000,63236,103236
34330333,0,93048,93048
34330343,109248,956,110204
34330345,43494,12977,56471
34330349,66779,0,66779
34330360,0,59690,59690
34330361,0,0,0
34330363,70000,19730,89730
34330364,0,0,0
34330365,62760,75285,138045
34330369,56290,11329,67619
34330371,0,0,0
34330372,40000,19059,59059
34330373,70718,0,70718
34330374,23010,943,23953
34330375,0,0,0
34330376,14970,110272,125242
34330378,61529,55919,117448
34330380,33370,52052,85422
34330381,50000,24661,74661
34330382,32832,29625,62457
34330388,66718,258,66976
34330389,121000,1644,122644
34330390,14000,8750,22750
34330395,80000,678,80678
34330397,72714,140020,212734
34330398,0,0,0
34330401,50000,55926,105926
34330403,84291,119463,203754
34330408,96248,11137,107385
34330410,85000,13723,98723
34330411,0,99723,99723
34330412,0,0,0
34330414,0,0,0
34330416,25000,27286,52286
34330418,10600,77337,87937
34330419,0,66300,66300
34330420,0,0,0
34330421,0,132436,132436
34330422,0,0,0
34330423,30000,77294,107294
34330424,0,102787,102787
34330425,99645,144318,243963
34330427,10000,98800,108800
34330428,91000,56359,147359
34330430,0,128676,128676
34330431,20272,35469,55741
34330432,0,0,0
34330437,31898,34252,66150
34330440,30840,37184,68024
34330441,0,43835,43835
34330445,32600,116012,148612
34330447,53880,7120,61000
34330449,17465,23092,40557
34330451,24732,50171,74903
34330452,73000,3417,76417
34330453,57415,63313,120728
34330454,40000,8953,48953
34330455,110000,37347,147347
34330456,35500,25266,60766
34330457,0,159166,159166
34330459,74000,884,74884
34330460,23000,93067,116067
34330462,0,0,0
34330463,25000,117104,142104
34330464,41500,13979,55479
34330465,41500,669,42169
34330466,11000,61672,72672
34330467,30000,87997,117997
34330468,0,43581,43581
34330469,0,0,0
34330470,0,0,0
34330472,38000,170,38170
34330473,0,111180,111180
34330474,40000,103651,143651
34330476,70000,123111,193111
34330477,28000,27337,55337
34330479,0,157290,157290
34330480,0,0,0
34330481,52059,12061,64120
34330482,0,0,0
34330483,315000,1364,316364
34330484,224000,32000,256000
34330486,59000,109,59109
34330491,56500,36839,93339
34330493,43444,88012,131456
34330494,0,102141,102141
34330495,35000,30163,65163
34330496,25000,18465,43465
34330497,21399,30895,52294
34330498,3400,60925,64325
34330499,23700,26918,50618
34330500,52900,1000,53900
34330501,18930,5187,24117
34330502,25000,20436,45436
34330503,58994,715,59709
34330504,28970,28909,57879
34330506,45000,18198,63198
34330507,0,109761,109761
34330509,0,351548,351548
34330514,42699,801,43500
34330519,49500,113,49613
34330526,125000,2381,127381
34330527,28000,33000,61000
34330529,37196,16650,53846
34330530,20612,73322,93934
34330531,114360,1098,115458
34330532,21246,0,21246
34330534,47000,2291,49291
34330535,0,52232,52232
34330536,110000,445,110445
34330537,11075,57665,68740
34330539,9000,86115,95115
34330541,34041,14851,48892
34330542,8762,63471,72233
34330543,0,0,0
34330544,0,54030,54030
34330545,4200,0,4200
34330546,8760,50996,59756
34330547,7042,137647,144689
34330548,0,1655,1655
34330549,0,42737,42737
34330550,14100,105040,119140
34330552,0,118830,118830
34330553,110639,16609,127248
34330554,32509,58534,91043
34330555,96472,69970,166442
34330556,0,59000,59000
34330557,27048,13634,40682
34330558,0,49425,49425
34330560,68810,51667,120477
34330561,9197,63135,72332
34330562,12980,6100,19080
34330563,20561,25454,46015
34330564,21551,45612,67163
34330566,20000,30078,50078
34330567,25000,56757,81757
34330570,0,0,0
34330572,30000,75956,105956
34330573,78976,169468,248444
34330574,19943,78985,98928
34330575,68913,53267,122180
34330576,9550,59463,69013
34330578,12000,9002,21002
34330579,60000,2808,62808
34330580,0,0,0
34330582,29926,11754,41680
34330583,22000,22733,44733
34330584,36648,31561,68209
34330585,16500,59987,76487
34330586,0,37000,37000
34330587,0,4118,4118
34330588,74500,68421,142921
34330589,12230,77456,89686
34330592,32000,185366,217366
34330593,150474,309,150783
34330595,352100,188970,541070
34330597,50000,5759,55759
34330598,90580,52775,143355
34330599,0,53028,53028
34330600,10000,74407,84407
34330601,8192,52558,60750
34330603,0,0,0
34330604,10000,137260,147260
34330605,131520,920015,1051535
34330606,0,0,0
34330607,13759,17790,31549
34330608,0,0,110503
34330609,0,0,0
34330610,0,0,0
34330611,69601,123878,193479
34330612,0,0,0
34330613,73145,253019,326164
34330614,0,90326,90326
34330615,10000,177384,187384
34330616,50000,216322,266322
34330617,0,311207,311207
34330618,50000,64301,114301
34330619,3000,42386,45386
34330620,38821,25000,63821
34330621,49500,51737,101237
34330622,0,270247,270247
34330623,8500,45556,54056
34330624,0,392003,392003
34330625,20000,164988,184988
34330626,0,113783,113783
34330627,0,76000,76000
34330628,0,116295,116295
34330629,1535,102335,103870
34330630,15000,80762,95762
34330632,50000,53246,103246
34330633,0,60730,60730
34330635,0,0,0
34330638,26400,1946,28346
34330639,0,111260,111260
34330641,0,0,0
34330642,17642,72555,90197
34330646,78580,121875,200455
34330647,0,45729,45729
34330650,0,116471,116471
34330653,0,44362,44362
34330654,0,0,0
34330655,20000,51483,71483
34330656,10876,60620,71496
34330657,13700,43853,57553
34330658,0,20087,20087
34330660,10000,29000,39000
34330661,0,82507,82507
34330663,0,53371,53371
34330664,0,59098,59098
34330666,22206,47886,70092
34330667,0,162697,162697
34330668,180540,125405,305945
34330669,14753,37947,52700
34330670,0,225541,225541
34330671,16373,39847,56220
34330672,20000,275640,295640
34330673,0,0,0
34330674,0,0,28244
34330675,0,78031,78031
34330676,0,0,0
34330678,102000,6549,108549
34330679,118500,2434,120934
34330680,32310,215,32525
34330682,40000,58828,98828
34330683,0,0,0
34330684,47000,512,47512
34330685,50000,73926,123926
34330686,20000,39302,59302
34330687,32000,240798,272798
34330689,0,212983,212983
34330690,0,0,70437
34330691,0,0,0
34330692,25000,73969,98969
34330693,0,0,0
34330694,0,0,0
34330695,0,0,0
34330696,0,0,0
34330697,0,0,0
34330698,0,0,0
34330699,0,0,0
34330703,0,0,0
34330704,69000,28,69028
34330705,0,0,0
34330706,0,0,0
34330707,0,0,0
34330708,0,0,0
34330709,0,0,0
34330710,0,0,0
34330711,0,0,0
34330714,0,0,0
34330715,0,0,0
34330719,0,0,0
34330720,50000,121496,171496
34330721,0,75090,75090
34330722,0,0,0
34330723,0,0,0
34330724,25000,60553,85553
34330725,0,0,0
34330726,47000,87059,134059
34330729,0,0,0
34330730,20000,60807,80807
34330732,0,110428,110428
34330733,0,80467,80467
34330734,30000,59065,89065
34330735,32786,35224,68010
34330738,0,111064,111064
34330739,60000,80232,140232
34330740,70630,10842,81472
34330741,30000,38210,68210
34330742,51559,156301,207860
34330743,104000,7000,111000
34330744,110875,44977,155852
34330746,60360,96807,157167
34330747,50000,58215,108215
34330748,47000,715,47715
34330749,148000,491,148491
34330755,10000,64193,74193
34330756,98000,65356,163356
34330759,0,0,0
34330760,0,0,0
34330761,0,0,0
34330762,0,0,0
34330763,0,0,0
34330764,50000,6675,56675
34330766,55000,94129,149129
34330767,44000,41575,85575
34330768,98436,3830,102266
34330769,75000,117136,192136
34330770,27000,39532,66532
34330771,100000,68456,168456
34330772,0,0,0
34330773,0,0,0
34330774,80360,82926,163286
34330775,0,0,0
34330776,37512,53953,91465
34330777,27580,92925,120505
34330778,31097,65515,96612
34330779,41243,78677,119920
34330780,0,105827,105827
34330782,35000,19640,54640
34330783,45000,45,45045
34330785,30000,59752,89752
34330787,33100,15629,48729
34330788,91189,0,91189
34330789,106000,814,106814
34330790,0,0,0
34330792,15000,106254,121254
34330795,20000,51269,71269
34330796,157098,0,157098
34330797,0,110925,110925
34330798,900,53539,54439
34330799,67312,207,67519
34330800,0,0,0
34330811,0,0,0
34330812,50000,113337,163337
34330813,0,0,405731
34330814,43000,12166,55166
34330815,50000,21894,71894
34330817,3579,41982,45561
34330818,0,26418,26418
34330819,42956,12000,54956
34330821,36000,48230,84230
34330838,0,39530,39530
34330843,0,0,0
34330854,60000,50855,110855
34330857,0,65894,65894
34330878,35000,26599,61599
34330879,0,121016,121016
34330886,45000,94133,139133
34330917,50000,83422,133422
34330924,0,52101,52101
34330938,0,67255,67255
34330942,46464,0,46464
34330969,0,0,0
34330977,0,54095,54095
34330981,29200,29457,58657
34331001,0,0,0
34331003,0,0,0
34331006,138000,74367,212367
34331009,0,150567,150567
34331010,130990,10468,141458
34331011,18548,96739,115287
34331015,10000,56266,66266
34331016,13550,75533,89083
34331020,0,0,6074
34331021,60000,6216,66216
34331023,0,0,24630
34331025,0,161163,161163
34331026,114000,26478,140478
34331027,70000,268851,338851
34331028,0,74106,74106
34331029,0,22992,22992
34331030,0,0,2663
34331031,0,0,0
34331032,0,92486,92486
34340002,127000,560,127560
34340009,31505,152083,183588
34340011,64540,52711,117251
34340015,0,0,0
34340016,0,0,0
34340017,213349,105224,318573
34340020,225473,18628,244101
34340021,0,0,31
34340022,138687,287802,426489
34340023,82038,16517,98555
34340024,0,4375,4375
34340025,0,292635,292635
34340026,0,0,0
34340027,0,500,500
34340030,0,0,0
34340034,333945,238,334183
34340044,119737,143418,263155
34340049,300000,157087,457087
34340050,296478,679692,976170
34340051,65933,237452,303385
34340052,80164,443035,523199
34340053,0,0,0
34340054,150000,11231,161231
34340056,482385,75409,557794
34340060,72000,106891,178891
34340072,22700,226703,249403
34340073,102075,320,102395
34340075,155000,203829,358829
34340076,19440,92002,111442
34340077,50000,196799,246799
34340078,0,0,0
34340079,35000,145136,180136
34340080,49000,113680,162680
34340081,84024,86778,170802
34340082,78965,243605,322570
34340088,0,0,0
34340092,104646,184787,289433
34340101,0,0,0
34340106,270921,696,271617
34340118,30000,34488,64488
34340119,78650,146572,225222
34340120,168931,87523,256454
34340121,0,0,0
34340122,0,0,0
34340123,0,0,0
34340124,0,0,0
34340125,0,0,0
34340126,41770,0,41770
34340127,0,0,0
34340143,0,95783,95783
34340156,50902,46600,97502
34340223,15650,34399,50049
34340235,11687,52979,64666
34340244,33428,30196,63624
34340252,50000,109771,159771
34340273,8000,141666,149666
34340274,29000,33346,62346
34340275,26399,32681,59080
34340276,38446,67104,105550
34340277,56290,37238,93528
34340278,28260,18629,46889
34340279,145000,110791,255791
34340280,0,0,0
34340281,83125,20192,103317
34340282,38142,49728,87870
34340285,0,46008,46008
34340286,60000,34939,94939
34340288,94486,119326,213812
34340289,54027,44792,98819
34340290,0,0,0
34340291,27200,9828,37028
34340294,30429,41160,71589
34340295,20500,44699,65199
34340296,45000,84661,129661
34340303,0,151108,151108
34340306,49500,50202,99702
34340307,65013,139501,204514
34340314,0,0,0
34340319,42835,280,43115
34340322,50000,38401,88401
34340325,71246,68533,139779
34340326,25000,61655,86655
34340329,33275,126234,159509
34340335,16084,46410,62494
34340336,28800,89,28889
34340349,0,0,0
34340350,17619,105594,123213
34340352,37130,23777,60907
34340356,43085,36025,79110
34340405,36210,36940,73150
34340408,27146,500,27646
34340424,0,0,0
34340425,50701,16000,66701
34340426,121855,0,121855
34340427,61992,55648,117640
34340428,5850,0,5850
34340487,70000,23862,93862
34340488,0,0,0
34340489,100000,115974,215974
34340490,0,0,0
34340510,37500,565,38065
34340511,0,0,0
34340512,35740,134,35874
34340515,57000,1040,58040
34340516,75000,79919,154919
34340517,46000,43382,89382
34340518,0,0,0
34340520,0,0,0
34340521,0,37234,37234
34340523,99000,8000,107000
34340524,0,0,0
34340525,0,0,0
34340541,18500,19214,37714
34340544,7294,87456,94750
34340557,15000,141052,156052
34340558,40855,24692,65547
34340561,28000,130,28130
34340562,3125,81368,84493
34340566,29000,30105,59105
34340583,0,0,56885
34340584,73037,37458,110495
34340585,0,20011,20011
34340586,95296,59769,155065
34340587,20965,59055,80020
34340588,77676,18,77694
34340589,61500,6849,68349
34340590,0,0,0
34340591,28000,51822,79822
34340592,53747,2942,56689
34340593,31147,70488,101635
34340594,30000,46621,76621
34340595,50000,34969,84969
34340596,0,54528,54528
34340597,23290,106013,129303
34340598,0,24380,24380
34340599,20948,21860,42808
34340600,17301,8,17309
34340601,49000,35060,84060
34340602,11000,69000,80000
34340603,50000,19281,69281
34340604,35000,74744,109744
34340605,0,38710,38710
34340606,0,0,0
34340607,0,0,0
34340608,119803,220,120023
34340609,63902,62413,126315
34340610,0,179623,179623
34340611,0,0,0
34340612,50643,2221,52864
34340613,0,0,0
34340614,65810,0,65810
34340615,128000,104062,232062
34340616,132914,447538,580452
34340617,22232,37759,59991
34340618,0,0,0
34340619,0,0,146637
34340620,0,0,0
34340621,105000,89810,194810
34340622,0,0,0
34340624,46000,64041,110041
34340625,0,0,0
34340626,0,0,0
34340628,0,0,63504
34340629,0,0,0
34340630,18600,104234,122834
34340631,0,0,202044
34340632,110920,40885,151805
34340633,19000,63468,82468
34340634,0,0,0
34340635,34000,45660,79660
34340636,0,0,0
34340637,27000,69582,96582
34340638,38696,59757,98453
34340639,0,0,0
34340640,44755,56825,101580
34340641,70265,36186,106451
34340642,0,0,0
34340643,24000,12054,36054
34340644,0,0,0
34340645,16503,29730,46233
34340646,0,0,0
34340647,0,0,0
34340648,11872,29845,41717
34340649,19448,0,19448
34340650,0,0,0
34340651,55150,3424,58574
34340652,17040,51682,68722
34340653,24135,0,24135
34340654,17675,26758,44433
34340656,0,45569,45569
34340657,133174,124574,257748
34340659,90354,54861,145215
34340661,84156,30621,114777
34340662,23848,83,23931
34340663,131,0,131
34340664,0,91359,91359
34340665,50523,24893,75416
34340666,1700,1000,2700
34340667,50000,71601,121601
34340668,2300,0,2300
34340669,50070,53357,103427
34340670,67218,29761,96979
34340671,78414,33066,111480
34340672,15000,38000,53000
34340673,15000,60286,75286
34340674,73988,22740,96728
34340675,0,0,0
34340676,80400,1084,81484
34340677,0,0,0
34340678,25000,47182,72182
34340679,0,0,0
34340680,40350,63730,104080
34340681,39000,22000,61000
34340682,62000,289,62289
34340683,0,0,0
34340684,0,0,0
34340686,11000,34183,45183
34340687,0,0,0
34340688,0,0,0
34340689,15000,6626,21626
34340690,60412,60087,120499
34340691,23913,18273,42186
34340692,74592,44255,118847
34340693,13970,24981,38951
34340694,39000,19674,58674
34340737,81207,36163,117370
34340751,0,61480,61480
34340752,0,0,0
34340753,0,0,0
34340754,45178,23404,68582
34340801,0,0,0
34340802,53340,19771,73111
34340803,0,0,0
34340804,25689,24305,49994
34340805,15000,46826,61826
34340806,0,0,0
34340807,0,0,0
34340808,0,0,0
34340820,0,0,0
34340845,20000,107281,127281
34340853,0,0,0
34340869,0,0,0
34340871,0,0,0
34340897,89686,12688,102374
34340992,0,0,0
34340993,0,0,0
34410001,100793,30587,131380
34410002,4000,13126,17126
34410003,193906,1304,195210
34410004,379822,23664,403486
34410006,89715,6259,95974
34410007,0,9246,9246
34410008,96340,509220,605560
34410009,39779,90464,130243
34410010,72083,19040,91123
34410011,161963,21723,183686
34410012,209000,334992,543992
34410013,45560,131408,176968
34410014,79902,38999,118901
34410015,71875,70175,142050
34410016,112387,103744,216131
34410017,269391,5686,275077
34410018,74002,177,74179
34410019,85000,44167,129167
34410025,86075,18780,104855
34410026,147074,244169,391243
34410027,53487,686318,739805
34410028,55000,265398,320398
34410030,36814,176362,213176
34410031,248927,763494,1012421
34410032,113000,573539,686539
34410033,84971,77702,162673
34410034,0,100000,100000
34410036,42280,62517,104797
34410037,35000,2381,37381
34410038,0,0,0
34410040,250500,939514,1190014
34410041,49000,366326,415326
34410042,104370,30140,134510
34410044,345252,155509,500761
34410047,167614,72691,240305
34410048,80317,108098,188415
34410049,21751,78885,100636
34410050,45000,45913,90913
34410051,50000,146317,196317
34410052,84766,39595,124361
34410053,83334,58334,141668
34410054,25000,1334,26334
34410055,15000,308325,323325
34410057,0,0,0
34410058,0,0,0
34410059,5261,20835,26096
34410067,0,87088,87088
34410068,30161,256199,286360
34410069,150052,218307,368359
34410070,0,0,0
34410071,144666,133986,278652
34410074,166133,43585,209718
34410075,64508,129860,194368
34410076,100908,6099,107007
34410077,49837,10750,60587
34410078,0,1797,1797
34410079,0,0,0
34410080,37104,137944,175048
34410081,232564,4435,236999
34410083,200000,87000,287000
34410085,85260,119429,204689
34410086,0,0,0
34410087,136052,88743,224795
34410088,30000,46595,76595
34410089,95000,109,95109
34410105,40000,2645,42645
34410106,90000,6813,96813
34410107,0,37823,37823
34410108,52015,433604,485619
34410109,0,0,0
34410111,85052,42468,127520
34410113,220500,116215,336715
34410114,15144,75060,90204
34410115,59701,25494,85195
34410117,74442,150407,224849
34410118,10000,111931,121931
34410119,0,62778,62778
34410120,131391,50849,182240
34410121,0,255369,255369
34410122,60000,53156,113156
34410123,25431,83488,108919
34410124,55000,11819,66819
34410127,13000,34435,47435
34410133,12500,28869,41369
34410135,12000,46373,58373
34410139,71000,371,71371
34410147,0,139566,139566
34410150,0,32921,32921
34410151,14600,81900,96500
34410152,15000,51844,66844
34410153,0,44050,44050
34410156,0,4619,4619
34410158,10000,25119,35119
34410160,0,93156,93156
34410163,17000,43510,60510
34410164,0,0,0
34410165,0,45044,45044
34410170,196565,23512,220077
34410173,150000,128703,278703
34410178,6000,191,6191
34410180,0,0,0
34410181,36000,160044,196044
34410184,0,650237,650237
34410185,50000,115252,165252
34410186,67104,68431,135535
34410187,78000,1147,79147
34410190,228191,77863,306054
34410191,28313,2147,30460
34410192,11650,2709,14359
34410193,93273,117212,210485
34410194,8000,137,8137
34410197,17270,92194,109464
34410207,18525,83780,102305
34410208,43000,21920,64920
34410218,14308,220,14528
34410220,9340,67773,77113
34410222,19860,25191,45051
34410227,19655,47044,66699
34410234,6000,38868,44868
34410244,122212,169849,292061
34410247,60000,24230,84230
34410248,143000,77448,220448
34410250,20000,100101,120101
34410256,0,147815,147815
34410326,0,1872,1872
34410330,40156,210090,250246
34410331,60968,176,61144
34410333,30104,62299,92403
34410334,40500,41494,81994
34410335,63000,205895,268895
34410344,104,100434,100538
34410347,156,117454,117610
34410348,0,1755,1755
34410349,72620,60314,132934
34410350,0,119027,119027
34410351,0,276763,276763
34410352,72098,27599,99697
34410353,41480,75869,117349
34410354,40000,41778,81778
34410356,83000,81974,164974
34410357,0,175372,175372
34410358,208,81717,81925
34410359,0,40106,40106
34410360,15000,102952,117952
34410361,21618,116593,138211
34410362,32000,35132,67132
34410363,30000,2477,32477
34410365,66170,102690,168860
34410366,10000,28157,38157
34410367,10000,35748,45748
34410368,35500,223594,259094
34410369,20700,40300,61000
34410370,15000,128226,143226
34410372,20000,115909,135909
34410373,0,49923,49923
34410374,0,138663,138663
34410375,54780,325220,380000
34410376,0,680,680
34410377,110035,24598,134633
34410379,0,74142,74142
34410380,20000,8334,28334
34410381,0,628,628
34410382,60395,112976,173371
34410383,0,64088,64088
34410384,20000,45000,65000
34410385,25052,40589,65641
34410386,20000,85298,105298
34410387,36000,316505,352505
34410388,35,64782,64817
34410389,43000,54220,97220
34410390,0,52489,52489
34410391,40000,3058,43058
34410392,20000,60069,80069
34410393,0,156657,156657
34410394,0,152414,152414
34410395,60608,87999,148607
34410397,10000,40199,50199
34410398,0,98422,98422
34410399,45000,8161,53161
34410401,0,7188,7188
34410402,22000,2000,24000
34410403,15000,1994,16994
34410404,0,19815,19815
34410405,126000,35885,161885
34410406,10000,70922,80922
34410407,80000,151271,231271
34410408,10000,68474,78474
34410409,22000,13939,35939
34410410,100000,36497,136497
34410411,40000,12330,52330
34410413,0,0,0
34410414,90700,201595,292295
34410415,0,0,0
34410417,0,0,0
34410418,0,0,0
34410419,26000,47359,73359
34410420,30000,98519,128519
34410421,0,130596,130596
34410423,9000,511,9511
34410424,35000,88315,123315
34410425,30260,1435,31695
34410426,0,5132,5132
34410427,15330,208678,224008
34410428,2300,155,2455
34410429,41054,90580,131634
34410430,0,51550,51550
34410431,138000,25696,163696
34410432,0,0,0
34410433,45000,110000,155000
34410436,0,31668,31668
34410438,22000,35830,57830
34410439,40000,118435,158435
34410440,135635,187734,323369
34410441,75000,15769,90769
34410442,47035,12882,59917
34410443,0,0,0
34410444,0,0,0
34410445,40000,643,40643
34410446,0,0,0
34410447,35000,60382,95382
34410449,8000,7489,15489
34410464,0,0,0
34410471,25000,34411,59411
34410472,0,0,0
34410473,35,6039,6074
34410474,90000,4016,94016
34410476,0,72330,72330
34410477,18707,19336,38043
34410479,0,57341,57341
34410483,0,558737,558737
34410486,0,0,0
34410487,98000,252645,350645
34410489,0,259741,259741
34410491,50000,270334,320334
34410492,60000,37138,97138
34410493,50000,5959,55959
34410496,18650,29035,47685
34410497,0,0,0
34410498,0,0,0
34410499,30052,48995,79047
34410500,26804,90109,116913
34410501,0,28341,28341
34410502,30174,214341,244515
34410503,134530,78485,213015
34410505,15000,445,15445
34410507,35,61039,61074
34410508,100000,58231,158231
34410509,0,0,0
34410510,0,0,0
34410511,44000,15132,59132
34410512,26000,16227,42227
34410513,15000,49610,64610
34410514,38000,5630,43630
34410515,73782,52926,126708
34410516,30000,5138,35138
34410517,21000,6468,27468
34410518,35000,10190,45190
34410519,100000,45107,145107
34410520,35000,11715,46715
34410521,15000,49795,64795
34410522,0,36678,36678
34410526,85514,127604,213118
34410527,17000,29585,46585
34410635,0,0,0
34410637,0,1500,1500
34410639,50040,216247,266287
34410641,26000,3553,29553
34410645,10000,49191,59191
34410646,0,0,0
34410647,24500,458,24958
34410648,0,97434,97434
34410649,0,0,0
34410651,70052,135729,205781
34410652,12000,7342,19342
34410654,69000,27609,96609
34410655,50000,10282,60282
34410657,37856,5562,43418
34410658,0,0,0
34410659,0,0,0
34410660,0,0,0
34410661,39104,946,40050
34410662,104,144493,144597
34410663,40000,33064,73064
34410664,0,0,0
34410665,0,0,0
34410666,0,0,0
34410667,0,0,0
34410669,0,0,0
34410670,78333,51913,130246
34410672,0,0,0
34410673,15156,29835,44991
34410676,100000,136024,236024
34410677,151,0,151
34410679,0,0,0
34410680,0,0,0
34410681,70000,32815,102815
34410682,128663,174839,303502
34410683,30104,47863,77967
34410684,76426,30598,107024
34410685,50035,12185,62220
34410687,32000,102638,134638
34410688,0,0,0
34410689,60000,58818,118818
34410690,0,111554,111554
34410693,0,184714,184714
34410694,0,0,0
34410695,16052,10982,27034
34410696,30052,54954,85006
34410697,0,0,0
34410698,45980,106332,152312
34410699,111275,143,111418
34410700,0,6631,6631
34410701,0,57177,57177
34410702,31950,196845,228795
34410703,18963,425536,444499
34410719,50,371,421
34410721,40210,12682,52892
34410723,11200,17901,29101
34410724,9050,34610,43660
34410725,0,2954,2954
34410730,38035,666,38701
34410735,0,67652,67652
34410743,0,33967,33967
34410760,0,34585,34585
34410765,30000,34049,64049
34410766,48290,5808,54098
34410768,40000,26535,66535
34410774,116,928,1044
34410780,22000,11799,33799
34410807,26702,95370,122072
34410817,0,0,0
34410823,4928,22206,27134
34410829,0,0,0
34410838,45000,157072,202072
34410912,0,60000,60000
34410914,63976,101221,165197
34410924,454,0,454
34410931,0,472,472
34410934,12250,19469,31719
34410936,0,0,0
34410938,29000,1510,30510
34410940,0,26862,26862
34410941,35000,21638,56638
34410942,0,0,0
34410943,25000,91547,116547
34410948,37260,470,37730
34410957,0,143727,143727
34410959,110770,254960,365730
34410960,139792,164520,304312
34410961,68000,132669,200669
34410962,53000,54162,107162
34410963,35371,123619,158990
34411004,20104,180242,200346
34411008,82420,149021,231441
34411009,59358,185285,244643
34411010,221235,48,221283
34420001,430295,165058,595353
34420002,278000,462000,740000
34420003,273000,287,273287
34420005,100000,33079,133079
34420006,237000,723,237723
34420007,24320,318083,342403
34420008,0,86572,86572
34420009,171000,161022,332022
34420010,40000,130485,170485
34420011,67675,445114,512789
34420012,50000,20979,70979
34420013,50000,0,50000
34420014,29515,419045,448560
34420022,65882,168263,234145
34420023,0,7455,7455
34420024,0,5925,5925
34420025,0,0,0
34420026,125685,290740,416425
34420027,25000,54957,79957
34420028,0,34924,34924
34420030,37000,11219,48219
34420031,113000,1382,114382
34420032,0,363000,363000
34420033,0,150,150
34420034,134401,1394022,1528423
34420035,50000,153000,203000
34420040,90000,448109,538109
34420041,350000,218292,568292
34420043,76760,222369,299129
34420044,80000,47424,127424
34420045,48500,447517,496017
34420046,0,0,0
34420047,2000,516395,518395
34420048,276000,540240,816240
34420049,22000,460,22460
34420050,367699,660856,1028555
34420051,0,1990,1990
34420052,0,0,0
34420053,50035,135649,185684
34420054,0,212980,212980
34420055,257000,13000,270000
34420056,0,1300,1300
34420057,30000,44239,74239
34420058,0,5968,5968
34420059,40980,347936,388916
34420060,30000,86078,116078
34420061,49680,49743,99423
34420062,0,96462,96462
34420066,40000,50743,90743
34420068,67176,246833,314009
34420070,0,500,500
34420071,0,4034,4034
34420072,50000,22312,72312
34420073,70008,349915,419923
34420074,37650,336526,374176
34420075,44000,13347,57347
34420076,67000,8401,75401
34420077,20000,282646,302646
34420078,0,5700,5700
34420079,66000,26845,92845
34420080,50000,149607,199607
34420084,0,104512,104512
34420085,325580,162471,488051
34420087,99504,85140,184644
34420089,98000,39265,137265
34420090,15000,195596,210596
34420091,194634,36113,230747
34420092,35000,100000,135000
34420093,53435,209891,263326
34420094,12500,36256,48756
34420095,0,57944,57944
34420096,0,108780,108780
34420097,50000,54454,104454
34420099,40000,103174,143174
34420100,82000,543224,625224
34420101,30000,21289,51289
34420103,0,0,0
34420104,0,356360,356360
34420107,30000,90464,120464
34420108,43532,509818,553350
34420109,66000,54915,120915
34420110,62800,95067,157867
34420111,98000,108849,206849
34420112,20000,61592,81592
34420113,0,0,0
34420114,24000,1687,25687
34420115,19000,7761,26761
34420116,0,0,0
34420120,30000,49431,79431
34420121,40000,55356,95356
34420123,11000,28200,39200
34420125,0,2200,2200
34420127,13000,965,13965
34420128,45000,4497,49497
34420129,5000,16275,21275
34420130,33000,13000,46000
34420132,0,33425,33425
34420136,0,17427,17427
34420138,30000,16796,46796
34420139,25000,946,25946
34420141,22000,34939,56939
34420142,116000,1115,117115
34420149,0,7072,7072
34420153,50000,137697,187697
34420154,0,28871,28871
34420156,0,41964,41964
34420157,20000,51777,71777
34420158,12000,966,12966
34420159,0,31508,31508
34420160,25000,256409,281409
34420164,20000,17488,37488
34420165,42500,115852,158352
34420166,70000,34000,104000
34420168,55035,100477,155512
34420169,50000,13365,63365
34420170,0,57597,57597
34420171,0,37608,37608
34420175,0,447,447
34420183,35000,4709,39709
34420184,0,83560,83560
34420185,0,31602,31602
34420191,0,0,0
34420196,15000,3450,18450
34420198,25000,20783,45783
34420199,0,0,0
34420200,0,0,0
34420201,30000,80868,110868
34420202,12000,130013,142013
34420203,15000,25065,40065
34420204,0,0,0
34420206,0,0,0
34420207,27000,227547,254547
34420211,0,853,853
34420212,0,119424,119424
34420213,0,532,532
34420214,42000,80859,122859
34420215,100,395,495
34420216,38200,14,38214
34420217,2608,46665,49273
34420218,50000,58319,108319
34420219,250000,3415,253415
34420221,54000,89638,143638
34420222,25000,74706,99706
34420223,34451,269433,303884
34420224,0,7284,7284
34420226,72000,38148,110148
34420231,0,2000,2000
34420232,30000,119270,149270
34420233,70000,58428,128428
34420235,35000,11449,46449
34420240,0,30973,30973
34420241,0,116673,116673
34420242,50000,280878,330878
34420243,0,531585,531585
34420244,80000,252166,332166
34420246,15000,17713,32713
34420247,48000,25183,73183
34420248,0,158677,158677
34420249,20035,44406,64441
34420252,0,57350,57350
34420253,0,17530,17530
34420254,0,129686,129686
34420256,20000,38001,58001
34420257,25035,7476,32511
34420258,7811,32319,40130
34420261,18000,15651,33651
34420263,0,90552,90552
34420264,28000,43329,71329
34420265,0,142061,142061
34420266,50000,13798,63798
34420267,0,108822,108822
34420268,90000,63908,153908
34420271,455,182,637
34420274,0,114582,114582
34420277,20000,31619,51619
34420278,0,3552,3552
34420282,0,112494,112494
34420286,0,85501,85501
34420294,30000,21752,51752
34420314,10000,66829,76829
34420320,116,278,394
34420321,137520,1850238,1987758
34420327,0,6740,6740
34420328,25000,38350,63350
34420329,20000,7625,27625
34420331,20000,46995,66995
34420333,0,115903,115903
34420334,0,3000,3000
34420337,20000,83806,103806
34420341,22500,1119,23619
34420342,15000,8393,23393
34420343,20000,27397,47397
34420346,0,91128,91128
34420347,0,168380,168380
34420348,53500,500,54000
34420350,92000,472,92472
34420351,0,47994,47994
34420352,30000,26334,56334
34420353,8000,545,8545
34420355,0,68235,68235
34420356,50000,93000,143000
34420357,0,146,146
34420360,70000,11000,81000
34420361,216000,126183,342183
34420363,20000,16592,36592
34420366,96085,10098,106183
34420367,36000,619,36619
34420368,40000,5471,45471
34420371,15000,57584,72584
34420372,30000,26933,56933
34420373,0,63378,63378
34420374,15000,102229,117229
34420376,20000,90000,110000
34420384,0,39712,39712
34420391,646639,142381,789020
34420392,30000,33248,63248
34420397,15000,18711,33711
34420398,819690,19477,839167
34420399,0,0,0
34420400,20000,77020,97020
34420401,0,27,27
34420402,0,0,0
34420405,0,59324,59324
34420406,0,18302,18302
34420407,0,60526,60526
34420408,0,0,0
34420409,30000,13926,43926
34420410,12000,1404,13404
34420411,0,5873,5873
34420412,0,69060,69060
34420414,0,33160,33160
34420417,20000,1643,21643
34420418,20000,20381,40381
34420419,30000,27862,57862
34420420,50000,33000,83000
34420422,0,57211,57211
34420424,0,86716,86716
34420425,20000,28419,48419
34420426,50000,31526,81526
34420428,50000,134,50134
34420429,0,34000,34000
34420430,15000,332,15332
34420431,50000,12000,62000
34420432,100000,4000,104000
34420433,25000,6093,31093
34420434,10000,29600,39600
34420436,0,115753,115753
34420438,0,40926,40926
34420439,0,71937,71937
34420440,8000,50374,58374
34420441,27000,2500,29500
34420442,0,32404,32404
34420443,40581,2300,42881
34420444,0,0,0
34420446,63093,0,63093
34420448,126770,10675,137445
34420449,20000,5897,25897
34420450,0,30113,30113
34420455,60000,45374,105374
34420457,60000,7468,67468
34420458,95000,37760,132760
34420459,134769,94080,228849
34420461,26035,869,26904
34420462,685742,16197,701939
34420463,0,28939,28939
34420464,30000,29447,59447
34420466,15000,21493,36493
34420467,0,56514,56514
34420468,0,73017,73017
34420469,0,2497,2497
34420470,28000,986,28986
34420474,30000,369,30369
34420475,0,19228,19228
34420477,0,164097,164097
34420478,3500,177,3677
34420479,0,125425,125425
34420480,35000,996,35996
34420483,35000,12000,47000
34420484,0,0,0
34420485,50789,2195,52984
34420486,24000,336,24336
34420487,0,48446,48446
34420488,0,113533,113533
34420489,0,40990,40990
34420490,0,0,0
34420491,15000,47630,62630
34420492,0,7996,7996
34420494,10000,22179,32179
34420497,0,39481,39481
34420498,19500,331,19831
34420500,26000,140,26140
34420502,18000,45637,63637
34420503,20000,63760,83760
34420505,50000,28915,78915
34420506,60000,92711,152711
34420507,0,0,0
34420508,80000,28979,108979
34420509,30000,5631,35631
34420510,0,0,0
34420513,25000,30934,55934
34420514,7035,3386,10421
34420522,0,88852,88852
34420524,80000,15815,95815
34420526,0,4115,4115
34420527,15000,651151,666151
34420529,30000,18458,48458
34420530,0,2900,2900
34420550,0,0,0
34420599,0,59797,59797
34420601,28000,2000,30000
34420602,57000,579,57579
34420635,60000,4367,64367
34420637,10000,27061,37061
34420638,0,1262,1262
34420639,0,25933,25933
34420641,13000,26371,39371
34420642,0,0,0
34420644,50000,9178,59178
34420646,0,45429,45429
34420647,0,61153,61153
34420648,0,45827,45827
34420651,0,67313,67313
34420652,27000,952,27952
34420654,0,433,433
34420656,15000,36255,51255
34420657,10000,14447,24447
34420658,0,69345,69345
34420659,0,0,0
34420661,29000,1007,30007
34420662,129000,89223,218223
34420663,38000,778,38778
34420665,20000,60000,80000
34420666,40000,250756,290756
34420668,50000,20133,70133
34420669,10000,43508,53508
34420670,0,37922,37922
34420674,20000,52543,72543
34420675,0,328942,328942
34420676,0,153352,153352
34420677,132812,23995,156807
34420678,0,127839,127839
34420679,0,0,0
34420680,15000,9425,24425
34420685,0,0,0
34420686,40000,5700,45700
34420687,45000,5741,50741
34420689,14371,80988,95359
34420690,40000,35000,75000
34420692,0,641,641
34420694,0,98585,98585
34420696,15000,215087,230087
34420697,20000,34346,54346
34420698,11500,91369,102869
34420699,0,85000,85000
34420702,0,55766,55766
34420703,15000,136819,151819
34420704,11000,916,11916
34420705,0,503,503
34420707,10035,31561,41596
34420708,20000,55882,75882
34420710,6000,58209,64209
34420711,98330,118147,216477
34420712,0,306,306
34420713,0,21746,21746
34420714,35000,39000,74000
34420716,35000,302,35302
34420719,0,63790,63790
34420720,0,81006,81006
34420721,50000,158230,208230
34420722,4000,19403,23403
34420723,60000,119997,179997
34420726,50000,13139,63139
34420728,5000,38863,43863
34420730,215000,15869,230869
34420731,30000,47358,77358
34420732,0,1420,1420
34420734,0,585,585
34420737,36000,2067,38067
34420741,47000,1915,48915
34420744,0,0,0
34420747,39000,246,39246
34420748,55000,29570,84570
34420751,0,1534,1534
34420754,0,70562,70562
34420756,0,0,0
34420758,0,89717,89717
34420760,0,7233,7233
34420767,20000,37699,57699
34420768,50000,85099,135099
34420771,15000,43660,58660
34420772,39000,160,39160
34420777,0,0,0
34420778,0,0,0
34420780,9000,64095,73095
34420782,0,0,0
34420783,20000,133616,153616
34420784,0,0,0
34420786,0,149,149
34420787,0,54944,54944
34420788,4000,463,4463
34420790,36950,3416,40366
34420791,0,25271,25271
34420792,0,53359,53359
34420793,0,69591,69591
34420794,0,253,253
34420800,30000,2617,32617
34420804,30000,29612,59612
34420806,31300,63090,94390
34420807,180000,2769,182769
34420809,0,89069,89069
34420810,0,51649,51649
34420814,30000,14588,44588
34420820,25035,56614,81649
34420827,0,52443,52443
34420828,30000,0,30000
34420829,30000,88343,118343
34420840,0,46965,46965
34420841,0,0,0
34420857,0,0,0
34420874,0,54725,54725
34420878,25000,788,25788
34420883,100000,175000,275000
34420884,0,20920,20920
34420886,20000,106941,126941
34420887,0,0,0
34420892,0,58,58
34420894,0,0,0
34420898,0,545839,545839
34420903,95000,5917,100917
34420907,0,528000,528000
34420908,0,99806,99806
34420911,0,69553,69553
34420912,90597,263171,353768
34420913,0,29138,29138
34430004,0,300000,300000
34430015,100000,179532,279532
34430016,138654,473670,612324
34430017,0,0,0
34430018,119000,376,119376
34430019,0,80963,80963
34430020,649900,62844,712744
34430021,0,0,0
34430022,17500,317476,334976
34430023,0,0,0
34430024,350000,861209,1211209
34430029,0,0,0
34430035,140000,246662,386662
34430036,125000,120000,245000
34430037,0,4552,4552
34430039,410028,230664,640692
34430042,0,919000,919000
34430043,200000,1107791,1307791
34430045,0,0,0
34430046,0,0,0
34430056,124142,78097,202239
34430060,0,116150,116150
34430061,0,0,0
34430062,0,0,0
34430063,130000,329049,459049
34430064,0,0,0
34430065,0,0,0
34430066,0,0,0
34430067,0,0,0
34430069,0,0,0
34430082,0,0,0
34430083,150000,266412,416412
34430088,0,0,0
34430090,130000,628848,758848
34430091,35000,180287,215287
34430092,14646,477698,492344
34430093,0,0,0
34430094,0,0,0
34430095,0,0,0
34430096,25000,67738,92738
34430097,30000,32793,62793
34430098,25000,29233,54233
34430099,0,1889,1889
34430100,0,0,0
34430101,0,555985,555985
34430103,40000,114930,154930
34430105,25000,195027,220027
34430106,35000,21514,56514
34430122,29048,49377,78425
34430126,25000,167446,192446
34430144,0,579,579
34430148,38000,67036,105036
34430174,0,97007,97007
34430190,0,0,0
34430192,10000,72000,82000
34430193,32290,2491,34781
34430203,0,0,0
34430204,0,0,0
34430206,0,0,0
34430209,0,0,0
34430211,0,0,0
34430214,0,0,0
34430219,0,0,0
34430257,50000,1282,51282
34430258,59000,30330,89330
34430260,12000,77859,89859
34430267,0,0,0
34430272,50000,45215,95215
34430274,18350,34916,53266
34430276,0,0,0
34430277,0,0,0
34430278,0,0,0
34430279,0,0,0
34430281,0,0,0
34430282,30000,25819,55819
34430284,0,109337,109337
34430290,0,72871,72871
34430292,0,38315,38315
34430296,0,0,0
34430301,0,0,0
34430309,0,0,0
34430310,0,0,0
34430313,13904,62366,76270
34430316,0,351,351
34430317,29000,1034,30034
34430375,0,67258,67258
34430380,15286,57000,72286
34430383,20000,24041,44041
34430385,25000,28136,53136
34430387,0,32716,32716
34430413,0,60220,60220
34430416,0,52698,52698
34430421,0,0,0
34430452,0,0,0
34430453,0,0,0
34430454,0,0,0
34430455,0,0,0
34430456,0,0,0
34430457,0,0,0
34430461,0,0,0
34430462,0,0,0
34430463,0,0,0
34430465,0,0,0
34430466,10000,1068,11068
34430467,0,0,0
34430468,0,0,0
34430469,0,0,0
34430470,0,0,0
34430480,0,0,0
34430481,0,0,0
34430484,0,0,0
34430528,100694,132504,233198
34430529,0,0,0
34430530,0,46081,46081
34430531,24000,54201,78201
34430532,0,0,0
34430533,0,0,0
34430534,0,0,0
34430535,0,134396,134396
34430536,0,0,0
34430537,30385,595986,626371
34430538,0,46,46
34430539,20000,28112,48112
34430541,12000,441,12441
34430542,0,37176,37176
34430543,12000,441,12441
34430544,0,46695,46695
34430545,0,0,0
34430546,0,94119,94119
34430547,50000,21628,71628
34430548,45000,76643,121643
34430549,0,45238,45238
34430550,9258,120260,129518
34430551,10000,3306,13306
34430552,0,0,0
34430553,15000,40530,55530
34430554,50000,16559,66559
34430558,50000,71192,121192
34430559,0,0,0
34430560,60000,16114,76114
34430561,0,112381,112381
34430562,0,0,0
34430564,0,101741,101741
34430565,60000,825,60825
34430566,0,0,0
34430567,0,0,0
34430569,0,0,0
34430570,0,0,0
34430571,0,0,0
34430572,0,118612,118612
34430573,0,0,0
34430574,0,0,0
34430575,0,0,0
34430576,18000,101696,119696
34430577,50000,53428,103428
34430578,0,0,0
34430582,0,388417,388417
34430584,0,132015,132015
34430585,0,0,0
34430586,13000,147627,160627
34430587,50000,15075,65075
34430588,0,7688,7688
34430589,0,0,0
34430591,61080,224038,285118
34430592,0,0,0
34430593,9426,335570,344996
34430594,0,0,0
34430595,0,0,0
34430597,0,0,0
34430598,0,0,0
34430599,0,0,0
34430600,0,0,0
34430602,0,764,764
34430603,13300,72512,85812
34430604,0,0,0
34430605,90000,96380,186380
34430608,0,184009,184009
34430610,0,0,0
34430611,0,0,0
34430612,0,0,0
34430613,0,0,0
34430614,0,0,0
34430615,0,0,0
34430616,0,0,0
34430617,32000,239,32239
34430618,0,0,0
34430620,0,0,0
34430621,0,0,0
34430622,0,0,0
34430623,0,0,0
34430624,0,0,0
34430625,0,0,0
34430626,0,0,0
34430627,0,0,0
34430628,0,0,0
34430630,28000,4374,32374
34430632,80000,88515,168515
34430633,0,0,0
34430634,0,0,0
34430636,50000,252832,302832
34430743,20000,10576,30576
34430745,10000,63554,73554
34430746,0,0,0
34430749,0,5909,5909
34430755,15300,11,15311
34430761,0,0,0
34430762,25000,95397,120397
34430766,60000,141923,201923
34430770,0,199868,199868
34430773,0,0,0
34430776,30000,57574,87574
34430791,0,0,0
34430793,0,0,0
34430797,0,0,0
34430798,0,0,0
34430842,25000,56564,81564
34430844,0,35000,35000
34430845,60000,36791,96791
34430850,1000,2399,3399
34430860,0,98762,98762
34430864,0,0,0
34430871,0,57337,57337
34430874,0,0,0
34430876,23000,120,23120
34430879,0,6598,6598
34430881,0,1495,1495
34430888,0,57922,57922
34430904,74517,2000,76517
34430906,101651,60207,161858
34430910,30000,28562,58562
34431006,0,0,0
34431007,58320,26229,84549
34431008,0,0,0
34431009,50000,106741,156741
34431010,0,0,0
34431011,100000,877288,977288
34431012,0,0,0
34431013,0,0,0
34431014,30000,9048,39048
34431015,275216,431897,707113
34431016,0,62482,62482
34431026,0,9886,9886
34431028,50000,46353,96353
34431036,0,11009,11009
34431039,62000,1790,63790
34431047,0,0,0
34431048,0,28000,28000
34431050,0,37896,37896
34431051,0,59,59
34431052,0,0,0
34431053,0,12801,12801
34431055,0,74350,74350
34431056,0,62288,62288
34431057,0,163790,163790
34431059,75000,116923,191923
34431060,50000,65717,115717
34431061,32000,608,32608
34431062,0,103242,103242
34431066,40000,101750,141750
34431067,0,0,0
34431069,40000,2585,42585
34431071,0,1400043,1400043
34431075,0,0,0
34431076,32000,5179,37179
34431077,50000,5836,55836
34431079,60000,537144,597144
34431080,0,0,0
34431081,30000,49183,79183
34431083,20000,34951,54951
34431088,0,28111,28111
34431090,0,56265,56265
34431091,90000,227528,317528
34431092,0,11716,11716
34431095,35000,443,35443
34431097,20000,89527,109527
34431098,50000,6449,56449
34431099,0,455,455
34431102,65000,1395,66395
34431104,0,0,0
34431105,0,11936,11936
34431106,30000,148997,178997
34431107,0,282705,282705
34431108,0,67000,67000
34431109,0,82901,82901
34431110,25000,8294,33294
34431111,0,184000,184000
34431113,40000,3254,43254
34431115,20000,19750,39750
34431116,20000,33109,53109
34431117,0,0,0
34431118,30000,55674,85674
34431121,45000,81719,126719
34431125,15000,181000,196000
34431127,0,121000,121000
34431128,10000,50945,60945
34431129,20000,37465,57465
34431131,0,24000,24000
34431133,0,140553,140553
34431137,72000,2542,74542
34431138,50000,897,50897
34431139,10000,925,10925
34431140,32600,400785,433385
34431141,23000,0,23000
34431142,0,0,0
34431144,0,0,0
34510001,0,5839,5839
34510002,44239,0,44239
34510003,0,0,0
34510004,482299,2798,485097
34510006,91522,182804,274326
34510007,0,0,0
34510008,0,1593,1593
34510009,0,416,416
34510010,0,802,802
34510011,0,0,0
34510012,0,13483,13483
34510013,45416,11406,56822
34510014,136000,1475,137475
34510015,0,0,0
34510016,264407,68216,332623
34510017,0,314,314
34510018,0,2496,2496
34510019,246760,475,247235
34510020,121000,934,121934
34510021,3000,1,3001
34510022,86321,128582,214903
34510023,0,156,156
34510024,68000,207934,275934
34510027,51731,42,51773
34510028,101430,46867,148297
34510029,131463,291957,423420
34510031,34449,408137,442586
34510032,0,510,510
34510033,32196,2633,34829
34510034,8035,373,8408
34510035,5000,4256,9256
34510036,3500,664,4164
34510037,35,99,134
34510039,0,0,0
34510040,0,574,574
34510041,0,98,98
34510042,8025,16322,24347
34510043,0,21881,21881
34510044,28321,132928,161249
34510045,0,0,0
34510046,0,2058,2058
34510047,0,126,126
34510048,60201,12112,72313
34510049,18797,40577,59374
34510050,0,111449,111449
34510051,0,168,168
34510052,40070,4928,44998
34510055,0,0,0
34510057,0,370,370
34510058,0,79933,79933
34510059,0,29,29
34510060,24870,493,25363
34510061,0,32,32
34510062,140757,2283,143040
34510063,63062,206214,269276
34510064,0,655,655
34510065,70000,10439,80439
34510066,0,0,0
34510067,0,0,0
34510068,0,795,795
34510069,0,592,592
34510070,0,446,446
34510071,0,697,697
34510072,0,530,530
34510073,0,27233,27233
34510074,0,0,0
34510075,2000,1887,3887
34510076,0,35312,35312
34510077,10000,17064,27064
34510078,12035,6493,18528
34510079,9000,1501,10501
34510080,0,544,544
34510082,0,0,0
34510083,0,497,497
34510085,0,4309,4309
34510087,0,604,604
34510088,10535,419,10954
34510090,0,0,0
34510091,10035,58511,68546
34510092,24000,610,24610
34510093,4150,5335,9485
34510094,0,8814,8814
34510095,0,31,31
34510096,0,7000,7000
34510098,10,50,60
34510100,0,28010,28010
34510102,145,200,345
34510104,0,5664,5664
34510106,0,174,174
34510109,0,1766,1766
34510110,200000,87513,287513
34510113,0,116,116
34510114,10000,15595,25595
34510115,50000,28351,78351
34510119,30955,35326,66281
34510120,300,12731,13031
34510121,0,1040,1040
34510122,0,849,849
34510126,0,1101,1101
34510127,6000,564,6564
34510128,36520,9902,46422
34510129,0,28728,28728
34510130,0,2344,2344
34510131,0,0,0
34510132,0,5220,5220
34510133,0,894,894
34510135,0,506,506
34510136,0,143,143
34510140,0,968,968
34510141,10,0,10
34510152,10000,20615,30615
34510153,8000,14979,22979
34510157,0,2831,2831
34510158,0,6322,6322
34510160,23500,4279,27779
34510162,0,1159,1159
34510163,100000,22245,122245
34510164,28366,128,28494
34510165,0,31851,31851
34510166,0,108,108
34510170,6000,39710,45710
34510172,0,13685,13685
34510173,0,0,0
34510175,0,23,23
34510178,50,287,337
34510182,150,4481,4631
34510183,22000,66,22066
34510185,30000,7581,37581
34510187,22000,80273,102273
34510189,12106,1456,13562
34510190,0,0,0
34510192,0,0,0
34510199,0,185,185
34510212,0,0,0
34510213,0,1504,1504
34510221,0,0,0
34510232,58,813,871
34510234,3400,1084,4484
34510235,0,82,82
34510240,0,0,0
34510243,0,600,600
34510246,8300,93537,101837
34510247,0,92,92
34510248,4713,887,5600
34510249,0,179,179
34510251,0,3869,3869
34510253,0,0,0
34510254,0,0,0
34510255,0,311,311
34510256,0,2866,2866
34510257,0,0,0
34510258,124000,1145,125145
34510260,7980,5955,13935
34510262,0,704,704
34510263,0,134,134
34510264,10000,8606,18606
34510266,10735,351,11086
34510268,0,0,0
34510270,0,10136,10136
34510271,0,142,142
34510272,0,2133,2133
34510273,35,1033,1068
34510274,0,0,0
34510275,5632,1327,6959
34510277,10000,11875,21875
34510278,0,630,630
34510281,20535,350,20885
34510282,15000,31577,46577
34510283,175,8317,8492
34510284,0,9724,9724
34510285,0,13197,13197
34510286,0,500,500
34510287,14000,4716,18716
34510288,22900,37,22937
34510289,0,489,489
34510290,0,0,0
34510291,0,434,434
34510292,0,3195,3195
34510293,46350,3934,50284
34510294,0,71000,71000
34510295,0,1024,1024
34510296,0,163,163
34510297,150000,36838,186838
34510299,0,91105,91105
34510300,26186,33163,59349
34510301,0,0,0
34510304,16500,3235,19735
34510306,0,0,0
34510307,0,0,0
34510308,3150,463,3613
34510309,0,984,984
34510310,0,291,291
34510311,14035,25597,39632
34510312,0,0,0
34510313,150,149,299
34510314,0,0,0
34510316,0,517,517
34510317,0,325,325
34510318,0,170,170
34510319,0,3332,3332
34510321,68000,87872,155872
34510322,0,165,165
34510324,0,28373,28373
34510326,48000,332,48332
34510327,0,388,388
34510329,0,0,0
34510330,0,0,0
34510331,0,0,0
34510333,0,31026,31026
34510334,0,2929,2929
34510335,0,0,0
34510336,0,468,468
34510337,93,407,500
34510338,0,0,0
34510339,0,613,613
34510340,66035,7364,73399
34510341,0,197571,197571
34510343,0,477,477
34510344,0,5557,5557
34510347,16600,125,16725
34510348,0,1661,1661
34510349,0,0,0
34510350,20035,46226,66261
34510351,0,757,757
34510352,0,0,0
34510354,170,403,573
34510355,0,328,328
34510356,0,0,0
34510357,0,236,236
34510358,0,5929,5929
34510359,0,0,0
34510360,0,0,0
34510362,0,0,0
34510363,35,1580,1615
34510364,0,0,0
34510366,25035,1730,26765
34510367,0,0,0
34510368,0,0,0
34510370,0,43150,43150
34510371,16000,119854,135854
34510372,0,0,0
34510373,0,0,0
34510375,0,0,0
34510377,0,45,45
34510378,0,0,0
34510379,0,305,305
34510380,16000,2228,18228
34510381,0,1661,1661
34510382,0,404,404
34510383,150,677,827
34510384,0,1068,1068
34510385,0,0,0
34510386,42,399,441
34510387,0,8864,8864
34510388,21800,98,21898
34510389,64738,5000,69738
34510390,0,0,0
34510391,0,0,0
34510392,2450,35,2485
34510393,0,0,0
34510395,0,0,0
34510396,0,0,0
34510397,23000,10973,33973
34510398,16150,32202,48352
34510399,0,10333,10333
34510400,30000,54504,84504
34510401,5035,4098,9133
34510402,0,0,0
34510403,0,0,0
34510449,0,121,121
34510450,10000,463,10463
34510451,251906,453,252359
34510452,25000,25658,50658
34510453,70000,7427,77427
34510454,0,1246,1246
34510457,0,184331,184331
34510458,15000,9359,24359
34510459,60000,34800,94800
34510463,20000,221,20221
34510466,0,689,689
34510467,5000,5137,10137
34510470,0,0,0
34510471,0,420,420
34510472,0,3225,3225
34510473,58,1561,1619
34510474,0,320,320
34510476,0,0,0
34510477,0,0,0
34510478,0,0,0
34510479,0,43224,43224
34510480,100,1775,1875
34510481,0,0,0
34510482,0,0,0
34510483,0,0,0
34510484,0,0,0
34510485,0,1096,1096
34510486,10000,324,10324
34510489,0,0,0
34510490,0,731,731
34510491,54250,23095,77345
34510493,19400,10621,30021
34510494,28200,797,28997
34510495,0,2292,2292
34510496,0,278,278
34510497,0,0,0
34510498,0,0,0
34510499,5035,4574,9609
34510500,0,537,537
34510501,0,0,0
34510503,100,905,1005
34510504,150,889,1039
34510505,0,0,0
34510507,0,472,472
34510508,35,446,481
34510509,37500,6242,43742
34510510,0,55000,55000
34510512,25000,23512,48512
34510513,43448,317936,361384
34510514,150,492,642
34510515,100470,76066,176536
34510516,0,177,177
34510518,0,0,0
34510519,0,0,0
34510520,0,697,697
34510523,0,409,409
34510525,0,35769,35769
34510546,0,0,0
34510547,0,154,154
34510559,0,0,0
34510560,0,670,670
34510564,0,1347,1347
34510565,0,1082,1082
34510572,16120,232722,248842
34510575,0,1455,1455
34510576,90000,6490,96490
34510577,0,0,0
34510578,47140,66733,113873
34510579,0,819,819
34510581,0,0,0
34510582,32000,1493,33493
34510587,0,1395,1395
34510600,1040,46511,47551
34510602,12907,25425,38332
34510603,50,1494,1544
34510604,0,4990,4990
34510606,0,0,0
34510607,0,39754,39754
34510609,223,0,223
34510611,0,16,16
34510613,0,1166,1166
34510614,0,319,319
34510616,0,73,73
34510617,0,1515,1515
34510618,200,642,842
34510619,174,1025,1199
34510620,15900,913,16813
34510622,140000,1762,141762
34510623,0,98992,98992
34510624,0,0,0
34510625,0,0,0
34510626,45000,43473,88473
34510627,0,15367,15367
34510631,0,68154,68154
34510634,21035,19942,40977
34510635,0,354,354
34510636,20000,4945,24945
34510637,0,0,0
34510638,0,848,848
34510641,0,1688,1688
34510643,0,38,38
34510644,0,621,621
34510645,0,0,0
34510646,0,518,518
34510647,4015,3,4018
34510648,3000,982,3982
34510649,20000,28163,48163
34510650,0,994,994
34510651,0,604,604
34510652,93,534,627
34510653,20000,13164,33164
34510654,4147,293,4440
34510655,0,0,0
34510656,0,498,498
34510657,0,6564,6564
34510658,0,1143,1143
34520002,0,0,0
34520003,0,200,200
34520005,0,0,0
34520006,0,78,78
34520007,0,0,0
34520008,44000,15589,59589
34520009,0,0,0
34520010,0,4237,4237
34520011,0,537,537
34520012,69531,68343,137874
34520013,18362,1266,19628
34520014,0,11454,11454
34520015,11000,1325,12325
34520016,0,1758,1758
34520017,41,5043,5084
34520018,0,174462,174462
34520019,0,2200,2200
34520020,0,250,250
34520021,0,472,472
34520022,0,84,84
34520023,22659,98301,120960
34520024,0,0,0
34520025,0,77959,77959
34520027,267,552,819
34520028,0,481,481
34520029,52382,837,53219
34520030,16000,4734,20734
34520031,0,691,691
34520032,0,0,0
34520033,0,0,0
34520034,0,2887,2887
34520035,6000,421,6421
34520036,35070,25927,60997
34520037,124431,0,124431
34520039,0,546,546
34520041,0,0,0
34520042,0,1599,1599
34520043,57000,4269,61269
34520046,35000,449,35449
34520047,0,355,355
34520048,0,452,452
34520049,0,2883,2883
34520050,32014,8387,40401
34520053,6750,11373,18123
34520054,0,8142,8142
34520055,21500,57492,78992
34520056,0,0,0
34520057,38252,5058,43310
34520058,7564,10257,17821
34520060,0,0,0
34520061,7572,27134,34706
34520062,0,15664,15664
34520063,0,0,0
34520064,2035,56451,58486
34520065,0,480,480
34520069,0,450,450
34520070,0,22671,22671
34520073,10000,20371,30371
34520075,4570,145,4715
34520076,5300,87,5387
34520078,0,606,606
34520080,0,78,78
34520081,0,220,220
34520082,35,547,582
34520083,0,1947,1947
34520084,0,147,147
34520087,6000,1272,7272
34520088,0,321,321
34520089,2833,1007,3840
34520090,0,0,0
34520091,19025,20840,39865
34520092,0,391,391
34520096,0,63,63
34520097,0,485,485
34520102,6035,700,6735
34520103,0,864,864
34520105,8035,63,8098
34520109,0,265,265
34520110,0,46559,46559
34520111,0,580,580
34520112,0,1997,1997
34520113,15035,14710,29745
34520115,0,65,65
34520116,0,1199,1199
34520117,0,0,0
34520121,0,948,948
34520122,18070,5812,23882
34520123,6639,2663,9302
34520125,0,0,0
34520126,25000,459,25459
34520136,0,287,287
34520137,35,14615,14650
34520139,0,323,323
34520140,0,0,0
34520141,8105,879,8984
34520143,0,410,410
34520144,0,644,644
34520145,2000,948,2948
34520146,0,327,327
34520148,0,23177,23177
34520149,0,18377,18377
34520152,0,0,0
34520153,0,1905,1905
34520154,0,1378,1378
34520156,0,1718,1718
34520158,14795,51072,65867
34520159,16535,626,17161
34520160,36611,17009,53620
34520161,0,0,0
34520162,0,0,0
34520165,29341,36347,65688
34520168,0,433,433
34520169,6921,0,6921
34520170,0,0,0
34520172,0,225,225
34520173,24035,241,24276
34520174,105,357,462
34520175,0,271,271
34520176,245,65,310
34520177,0,25,25
34520179,7000,29965,36965
34520180,35,1622,1657
34520181,28000,21000,49000
34520183,0,3908,3908
34520185,0,1760,1760
34520186,0,3807,3807
34520187,10140,11841,21981
34520188,0,838,838
34520189,3000,351,3351
34520190,0,0,0
34520191,0,873,873
34520192,0,0,0
34520194,0,189,189
34520195,6000,1013,7013
34520196,25070,49160,74230
34520197,30000,9674,39674
34520198,0,0,0
34520200,0,920,920
34520201,0,4727,4727
34520202,0,0,0
34520203,70,895,965
34520204,0,0,0
34520205,4035,1121,5156
34520207,0,176,176
34520208,70,1063,1133
34520209,0,0,0
34520210,0,0,0
34520211,0,0,0
34520212,17200,0,17200
34520213,0,19172,19172
34520215,0,0,0
34520217,0,0,0
34520220,0,0,0
34520221,0,910,910
34520223,25000,10201,35201
34520224,0,0,0
34520225,10000,56716,66716
34520227,3911,2060,5971
34520228,3906,35,3941
34520229,0,1504,1504
34520230,0,5920,5920
34520231,0,0,0
34520232,0,0,0
34520234,0,150276,150276
34520235,68000,1814,69814
34520236,0,3406,3406
34520239,0,216,216
34520240,0,0,0
34520241,0,185,185
34520242,15000,82422,97422
34520243,0,5004,5004
34520246,2000,885,2885
34520249,0,0,0
34520250,0,535,535
34520251,0,220,220
34520252,0,2175,2175
34520253,12000,21722,33722
34520257,0,0,0
34520258,15000,215668,230668
34520261,0,1759,1759
34520263,3806,0,3806
34520264,0,595,595
34520265,0,912,912
34520266,0,22101,22101
34520267,35,9895,9930
34520269,5420,5253,10673
34520270,24378,0,24378
34520272,0,0,0
34520273,0,846,846
34520275,0,0,0
34520277,0,200,200
34520280,0,1065,1065
34520282,0,870,870
34520283,0,40623,40623
34520284,15000,21672,36672
34520286,0,751,751
34520290,6000,7631,13631
34520291,20000,46801,66801
34520293,0,0,0
34520294,14597,784,15381
34520296,0,1000,1000
34520297,0,35036,35036
34520298,70,818,888
34520303,11035,858,11893
34520304,3000,445,3445
34520305,0,31659,31659
34520306,20070,2451,22521
34520308,28605,1138,29743
34520312,15000,11844,26844
34520316,0,262,262
34520318,0,172,172
34520320,70,400,470
34520321,10360,3635,13995
34520323,8000,10365,18365
34520332,0,307,307
34520334,0,0,0
34520335,2628,14627,17255
34520336,0,430,430
34520338,0,35047,35047
34520339,0,0,0
34520340,6700,88616,95316
34520343,0,64,64
34520345,70,253,323
34520346,0,0,0
34520347,0,0,0
34520400,0,0,0
34520404,0,0,0
34520405,0,477,477
34520406,0,0,0
34520407,0,1016,1016
34520408,0,136,136
34520410,0,247,247
34520412,0,13970,13970
34520413,3035,452,3487
34520418,0,423,423
34520422,35000,2639,37639
34520423,0,0,0
34520424,27000,617,27617
34520425,0,0,0
34520426,55700,44466,100166
34520427,0,0,0
34520428,0,70906,70906
34520430,1750,586,2336
34520431,0,0,0
34520435,0,0,0
34520436,0,0,0
34520437,0,10405,10405
34520439,0,676,676
34520440,0,0,0
34520441,0,0,0
34520442,4000,800,4800
34520443,0,60,60
34520444,9093,505,9598
34520445,20000,27447,47447
34520446,0,47400,47400
34520447,0,43,43
34520448,34915,0,34915
34520456,0,1048,1048
34520465,0,0,0
34520468,0,0,0
34520469,16000,4939,20939
34520535,0,0,0
34520536,0,0,0
34520537,0,0,0
34520539,0,0,0
34520543,0,0,0
34520548,6000,870,6870
34520569,0,0,0
34520571,0,164,164
34520573,53100,8796,61896
34520615,0,0,0
34520617,10839,3397,14236
34520618,0,0,0
34520619,4635,7555,12190
34520620,0,380,380
34520621,0,0,0
34520622,0,0,0
34520623,0,0,0
34520624,0,897,897
34520625,0,427,427
34520626,0,0,0
34520629,9000,15769,24769
34520630,0,0,0
34520631,0,588,588
34520634,0,0,0
34520636,0,0,0
34520639,70,50653,50723
34520640,0,25675,25675
34520643,244,869,1113
34520644,0,862,862
34520646,0,8687,8687
34520649,0,0,0
34520650,0,0,0
34520651,0,0,0
34520652,0,791,791
34520654,0,0,0
34520655,0,0,0
34520657,23000,987,23987
34520658,31003,7992,38995
34520659,40000,6542,46542
34520660,0,0,0
34520661,0,2696,2696
34520663,0,1103,1103
34520665,15209,696,15905
34520666,0,0,0
34520669,0,3963,3963
34520671,0,0,0
34520672,8235,7497,15732
34520674,0,0,0
34520676,0,0,0
34520677,0,0,0
34520679,3000,2672,5672
34520680,0,4355,4355
34520681,0,176,176
34520682,70,173,243
34520683,0,1828,1828
34520685,0,0,0
34520686,0,0,0
34520687,7570,151,7721
34520689,0,1929,1929
34520690,0,4,4
34520691,0,1511,1511
34520692,0,0,42085
34520693,0,209,209
34520694,0,0,0
34520695,0,359,359
34610001,52059,264265,316324
34610002,336985,12962,349947
34610003,261929,633564,895493
34610004,304142,197157,501299
34610006,216956,201592,418548
34610007,99500,196617,296117
34610008,208000,146078,354078
34610009,175900,637,176537
34610010,490400,539164,1029564
34610011,260241,4000,264241
34610012,187739,960800,1148539
34610013,183110,463182,646292
34610015,222010,320653,542663
34610016,0,0,0
34610017,250000,430062,680062
34610019,47820,169,47989
34610020,189000,225941,414941
34610021,327004,1480934,1807938
34610022,135423,211360,346783
34610023,240000,838630,1078630
34610024,241000,300664,541664
34610025,350290,420157,770447
34610026,145008,92807,237815
34610027,52000,14142,66142
34610028,221668,479601,701269
34610029,125000,258798,383798
34610030,141193,602,141795
34610031,124502,309114,433616
34610032,94035,87525,181560
34610033,152152,46333,198485
34610034,202290,150125,352415
34610035,210000,12058,222058
34610036,40000,47173,87173
34610038,59940,171958,231898
34610039,181582,273397,454979
34610040,80900,48,80948
34610041,158800,433,159233
34610042,60000,99801,159801
34610043,52000,228641,280641
34610044,101200,344523,445723
34610045,416000,653599,1069599
34610046,130000,13313,143313
34610047,180000,258492,438492
34610048,250000,343647,593647
34610049,115000,129606,244606
34610050,35000,428554,463554
34610051,30000,136724,166724
34610052,60000,1000,61000
34610054,101009,227727,328736
34610056,59221,84780,144001
34610057,50000,277995,327995
34610062,57874,199406,257280
34610063,0,0,0
34610064,59000,103026,162026
34610065,179900,187581,367481
34610070,64500,110764,175264
34610071,16410,100496,116906
34610073,80043,73557,153600
34610082,78160,61096,139256
34610084,36000,357,36357
34610087,100000,183594,283594
34610090,61000,527,61527
34610091,0,0,46392
34610092,44500,30085,74585
34610093,53586,155551,209137
34610094,42000,2737,44737
34610096,40000,156,40156
34610097,74670,5844,80514
34610100,103660,355,104015
34610101,0,56856,56856
34610103,105000,1378,106378
34610104,0,0,0
34610106,0,71864,71864
34610107,103000,52421,155421
34610109,40000,96448,136448
34610110,122218,10091,132309
34610111,95000,8519,103519
34610112,130000,9602,139602
34610113,90000,742,90742
34610114,63608,50579,114187
34610118,74447,4215,78662
34610122,0,0,23740
34610123,125303,220332,345635
34610124,59300,33589,92889
34610125,106270,110547,216817
34610126,4035,160892,164927
34610127,54708,140818,195526
34610128,163717,131089,294806
34610129,98000,242799,340799
34610130,88678,87443,176121
34610131,64701,70967,135668
34610132,50000,11885,61885
34610133,113586,5000,118586
34610135,25060,279714,304774
34610139,80000,157318,237318
34610143,0,0,0
34610144,76380,106399,182779
34610145,70000,60619,130619
34610146,105000,143514,248514
34610147,122775,191878,314653
34610148,21535,131065,152600
34610149,40035,55968,96003
34610150,187000,201188,388188
34610152,0,0,137822
34610153,60390,204836,265226
34610155,81300,180187,261487
34610157,62000,109761,171761
34610158,58290,104044,162334
34610160,41491,16534,58025
34610162,165000,637,165637
34610163,203690,5715,209405
34610164,66000,3059,69059
34610165,89500,47,89547
34610166,55000,5038,60038
34610167,145000,89953,234953
34610168,58300,1108,59408
34610169,75000,1154,76154
34610172,66000,2342,68342
34610173,106698,15493,122191
34610174,55225,237392,292617
34610175,85026,1033,86059
34610176,115000,147315,262315
34610177,26000,92150,118150
34610178,30000,108809,138809
34610179,107000,113601,220601
34610180,102000,36249,138249
34610181,61700,173238,234938
34610182,65000,12399,77399
34610183,0,0,0
34610184,77290,251245,328535
34610186,80360,90599,170959
34610187,160600,121099,281699
34610188,110000,51373,161373
34610191,80000,172253,252253
34610192,74000,93789,167789
34610193,201000,80258,281258
34610194,45000,2732,47732
34610197,65000,34950,99950
34610198,110000,109946,219946
34610199,7322,556804,564126
34610201,56000,95123,151123
34610202,30000,72117,102117
34610203,85000,2774,87774
34610204,11320,419384,430704
34610206,160000,195731,355731
34610210,86645,87304,173949
34610211,97000,1743,98743
34610212,55290,9944,65234
34610214,46000,33,46033
34610215,0,0,0
34610216,65035,120,65155
34610217,59368,11900,71268
34610219,50000,45548,95548
34610220,142791,0,142791
34610222,49000,1140,50140
34610223,107806,62,107868
34610224,54540,10454,64994
34610225,114804,100591,215395
34610226,26000,263667,289667
34610228,60000,4386,64386
34610230,93300,115362,208662
34610231,81600,125670,207270
34610233,172615,248733,421348
34610235,165000,31073,196073
34610240,45000,43698,88698
34610241,104072,88753,192825
34610243,148486,101292,249778
34610245,44058,66852,110910
34610246,35000,64255,99255
34610247,84000,656,84656
34610249,76370,65774,142144
34610250,70000,89920,159920
34610259,77000,126,77126
34610269,98535,68158,166693
34610271,41835,4698,46533
34610274,33000,120205,153205
34610299,58400,41466,99866
34610300,21719,2277,23996
34610302,39006,3103,42109
34610306,40000,1303,41303
34620001,176978,25813,202791
34620002,50000,97000,147000
34620003,110590,27252,137842
34620004,134500,405956,540456
34620005,196700,76029,272729
34620006,601160,774982,1376142
34620007,159374,4653,164027
34620008,155000,202021,357021
34620009,100000,33286,133286
34620010,120000,225,120225
34620011,50000,113137,163137
34620012,80000,128414,208414
34620013,150137,26862,176999
34620014,70000,257564,327564
34620015,128608,104000,232608
34620016,183000,1937,184937
34620017,0,36931,36931
34620018,200044,915203,1115247
34620019,453815,224929,678744
34620020,258535,1639286,1897821
34620021,253200,245254,498454
34620022,271110,394614,665724
34620023,174000,1021706,1195706
34620024,477000,1192,478192
34620025,82000,135516,217516
34620026,268000,182587,450587
34620027,125079,171491,296570
34620028,0,0,0
34620029,185872,156576,342448
34620030,100000,113498,213498
34620031,140428,1195967,1336395
34620032,850580,619689,1470269
34620033,0,0,464111
34620034,217650,464719,682369
34620035,51932,189471,241403
34620036,73223,875474,948697
34620037,222000,100410,322410
34620038,82000,459004,541004
34620039,269978,3770,273748
34620040,83790,96290,180080
34620041,10174,249424,259598
34620042,50000,248109,298109
34620043,69738,9072,78810
34620044,80000,214030,294030
34620045,172160,133,172293
34620047,143000,343121,486121
34620048,249000,29113,278113
34620049,92965,395801,488766
34620050,125000,38730,163730
34620051,114000,97976,211976
34620052,121010,24099,145109
34620053,178000,252966,430966
34620054,295000,116371,411371
34620055,54645,354612,409257
34620056,121160,174995,296155
34620057,440726,43444,484170
34620058,80740,121129,201869
34620059,73400,206299,279699
34620060,230000,176259,406259
34620061,71500,29664,101164
34620062,281106,444886,725992
34620063,123070,456866,579936
34620064,73000,68924,141924
34620065,265000,180000,445000
34620066,207749,165000,372749
34620067,29160,56601,85761
34620068,364187,490156,854343
34620069,170000,343425,513425
34620070,249705,215085,464790
34620071,215500,76872,292372
34620072,76000,41215,117215
34620073,262946,252496,515442
34620074,300000,545132,845132
34620075,133798,344516,478314
34620076,225799,68990,294789
34620077,350000,149345,499345
34620078,0,415508,415508
34620079,75000,8570,83570
34620080,339324,422,339746
34620081,378820,213112,591932
34620082,192837,227621,420458
34620083,70000,48415,118415
34620084,254276,48334,302610
34620085,49000,102361,151361
34620086,116198,97876,214074
34620087,152000,12872,164872
34620088,170000,194149,364149
34620089,113500,683,114183
34620091,92000,82079,174079
34620093,2535,74621,77156
34620094,208000,234674,442674
34620095,50000,57765,107765
34620097,375814,69,375883
34620098,0,177831,177831
34620099,63000,7770,70770
34620100,67000,32641,99641
34620101,130000,76469,206469
34620102,70000,2766,72766
34620103,263000,25,263025
34620104,135035,255,135290
34620106,0,254098,254098
34620109,51697,70075,121772
34620111,123000,100564,223564
34620113,20000,129771,149771
34620116,58000,23400,81400
34620117,25000,29477,54477
34620118,175000,104403,279403
34620120,54900,709,55609
34620121,95000,52033,147033
34620126,50000,64995,114995
34620127,137067,270423,407490
34620128,59739,8641,68380
34620130,24000,43911,67911
34620131,71000,71246,142246
34620132,180000,8601,188601
34620135,145250,86062,231312
34620136,40000,162886,202886
34620138,65000,23424,88424
34620141,66000,270440,336440
34620142,96000,832,96832
34620143,382478,103184,485662
34620144,62000,5636,67636
34620145,216000,25023,241023
34620147,48000,4831,52831
34620148,47386,0,47386
34620149,0,152785,152785
34620150,60780,154808,215588
34620151,310000,315896,625896
34620152,41375,13448,54823
34620154,32500,1027,33527
34620156,41000,63795,104795
34620158,107345,92847,200192
34620159,93000,136109,229109
34620160,90000,136279,226279
34620162,179000,311017,490017
34620163,45340,63614,108954
34620165,220000,4780,224780
34620166,94812,0,94812
34620168,58000,10376,68376
34620169,80000,156537,236537
34620170,74094,87109,161203
34620171,152000,40189,192189
34620172,60000,88947,148947
34620173,80184,72702,152886
34620174,115000,79387,194387
34620175,165000,10028,175028
34620176,181781,269309,451090
34620177,82717,115141,197858
34620178,45000,76167,121167
34620180,113406,112707,226113
34620181,194000,327526,521526
34620182,155800,200,156000
34620183,32000,213,32213
34620184,60007,32871,92878
34620185,41000,191307,232307
34620186,50000,166347,216347
34620187,20000,119976,139976
34620188,500000,215790,715790
34620189,73000,105860,178860
34620190,182030,0,182030
34620192,73000,46914,119914
34620193,159448,123314,282762
34620194,74056,378180,452236
34620197,58000,134582,192582
34620198,150000,67305,217305
34620199,70000,165867,235867
34620200,72500,29690,102190
34620201,20000,84265,104265
34620202,150000,586166,736166
34620203,70000,142687,212687
34620205,340000,452495,792495
34620206,103920,69,103989
34620207,180910,1341906,1522816
34620208,70386,10910,81296
34620209,79860,407880,487740
34620211,310000,112174,422174
34620212,215000,173329,388329
34620213,65000,51961,116961
34620214,138000,116295,254295
34620215,280103,5000,285103
34620216,126500,0,126500
34620217,210865,469,211334
34620218,47953,58037,105990
34620219,155000,125728,280728
34620220,164000,351724,515724
34620221,89160,8197,97357
34620222,160000,239222,399222
34620223,211000,619,211619
34620224,65000,90174,155174
34620225,28500,115000,143500
34620226,75000,97125,172125
34620227,190000,221726,411726
34620228,128000,67052,195052
34620230,38000,728,38728
34620232,2701,370829,373530
34620234,179020,0,179020
34620235,102160,1479,103639
34620236,143372,303209,446581
34620237,145000,282224,427224
34620238,185000,165210,350210
34620239,60000,2807,62807
34620240,58820,117141,175961
34620242,33000,306,33306
34620243,50000,85164,135164
34620245,102312,23603,125915
34620246,277550,137604,415154
34620247,100468,68226,168694
34620248,117348,107700,225048
34620249,30000,226560,256560
34620251,124000,60936,184936
34620253,62000,7074,69074
34620254,75000,107773,182773
34620255,124000,94855,218855
34620258,47000,37265,84265
34620259,80000,85198,165198
34620260,40000,172045,212045
34620261,62290,65407,127697
34620262,75000,108000,183000
34620263,145000,65403,210403
34620264,30733,26613,57346
34620265,85000,59327,144327
34620266,95000,188990,283990
34620268,189000,78628,267628
34620271,88500,6561,95061
34620272,79000,37660,116660
34620273,40000,233,40233
34620274,60000,141404,201404
34620275,55000,67495,122495
34620276,34000,18805,52805
34620277,93000,7242,100242
34620278,53080,58643,111723
34620282,23332,39980,63312
34620283,43000,33985,76985
34620284,0,22116,22116
34620285,70000,1357,71357
34620286,57022,0,57022
34620288,52393,427268,479661
34620289,210000,79200,289200
34620290,70000,64339,134339
34620291,75000,108175,183175
34620292,86610,291560,378170
34620294,109499,217,109716
34620295,120000,115472,235472
34620301,152882,197019,349901
34620303,93000,158688,251688
34620309,70000,24239,94239
34620310,108658,105994,214652
34620316,107475,232195,339670
34620320,58000,36215,94215
34620330,22000,45387,67387
34620335,85000,3628,88628
34620348,221112,825998,1047110
34620349,117000,67,117067
34620352,81488,49048,130536
34620353,64182,36310,100492
34620354,48526,65285,113811
34620356,28000,746,28746
34620397,105570,70368,175938
34620399,102000,824,102824
34620400,117000,870,117870
34620401,100000,23050,123050
34620402,62000,35684,97684
34620403,323000,145069,468069
34620405,81000,6937,87937
34620408,50000,586,50586
34620410,47000,157146,204146
34620411,49000,46338,95338
34620413,121000,119210,240210
34620414,65000,6428,71428
34620415,140000,56000,196000
34620416,0,1686,1686
34620417,0,30827,30827
34630001,49189,455750,504939
34630002,336764,326184,662948
34630003,371570,275797,647367
34630004,295470,664624,960094
34630005,147000,157078,304078
34630006,134840,132726,267566
34630007,215350,83,215433
34630008,378485,1240016,1618501
34630009,150000,178492,328492
34630010,70256,285516,355772
34630011,95360,51958,147318
34630012,52666,275176,327842
34630013,196837,315341,512178
34630014,100060,37231,137291
34630015,394188,295614,689802
34630016,246000,787755,1033755
34630017,132600,259060,391660
34630018,279845,67461,347306
34630019,90652,775908,866560
34630020,120453,1389812,1510265
34630021,461233,398418,859651
34630022,282262,523120,805382
34630023,703488,882132,1585620
34630024,198420,152111,350531
34630025,45000,192228,237228
34630026,19305,227700,247005
34630027,88391,199000,287391
34630028,197744,475583,673327
34630029,60042,140852,200894
34630030,150000,60835,210835
34630031,163125,2908,166033
34630032,180000,127450,307450
34630033,114629,300096,414725
34630034,190000,82819,272819
34630035,25697,79730,105427
34630036,147000,6059,153059
34630037,80000,186828,266828
34630038,473209,193660,666869
34630039,85035,72183,157218
34630040,411702,175885,587587
34630041,300000,304573,604573
34630042,73979,95836,169815
34630043,117500,13161,130661
34630044,250000,324511,574511
34630045,180000,163835,343835
34630046,286160,79278,365438
34630047,392000,216,392216
34630048,153000,812,153812
34630049,100000,443144,543144
34630050,100000,24379,124379
34630051,40000,83515,123515
34630052,124500,177521,302021
34630053,0,628699,628699
34630054,671263,132195,803458
34630055,249500,95363,344863
34630056,157000,1968,158968
34630057,0,0,0
34630058,191559,48331,239890
34630059,0,0,0
34630060,135000,11148,146148
34630061,81866,387199,469065
34630062,180000,13470,193470
34630063,50000,381140,431140
34630064,252497,13470,265967
34630066,100000,79108,179108
34630068,105000,140920,245920
34630069,90000,334239,424239
34630070,181160,14584,195744
34630071,0,139127,139127
34630072,0,0,0
34630073,182000,186486,368486
34630074,93700,9428,103128
34630075,92000,74060,166060
34630076,60700,26529,87229
34630077,103000,59748,162748
34630079,30000,59532,89532
34630080,57000,132793,189793
34630081,40000,62472,102472
34630082,143500,92208,235708
34630084,195660,11271,206931
34630085,198000,256190,454190
34630086,114000,102630,216630
34630087,92000,129080,221080
34630090,56500,37057,93557
34630091,150000,179813,329813
34630092,30000,49043,79043
34630094,0,0,0
34630095,36000,5663,41663
34630097,150000,57311,207311
34630098,136000,49447,185447
34630099,18000,514,18514
34630102,35600,64805,100405
34630103,0,113309,113309
34630104,207388,215364,422752
34630106,90035,145001,235036
34630107,65000,67047,132047
34630108,30000,70130,100130
34630109,50000,239263,289263
34630110,105500,60874,166374
34630111,192591,274718,467309
34630113,35000,55147,90147
34630114,74000,10079,84079
34630116,94098,30462,124560
34630117,10000,32539,42539
34630118,45199,5000,50199
34630119,96397,251303,347700
34630120,129500,3397,132897
34630122,116912,6222,123134
34630123,120300,366475,486775
34630124,80000,84866,164866
34630125,118300,36,118336
34630128,46900,55489,102389
34630130,116600,5519,122119
34630131,40000,59107,99107
34630132,105000,2673,107673
34630134,72000,62651,134651
34630135,20000,53171,73171
34630136,50000,37108,87108
34630138,86160,33579,119739
34630140,22000,5634,27634
34630142,110000,83411,193411
34630144,60160,86771,146931
34630145,131160,12662,143822
34630146,55731,77040,132771
34630147,69200,3539,72739
34630149,50000,55766,105766
34630150,124000,124999,248999
34630151,140000,54035,194035
34630152,35000,3925,38925
34630153,48000,53319,101319
34630154,40000,4592,44592
34630155,40000,23063,63063
34630157,53508,335,53843
34630158,51535,22980,74515
34630159,35000,57481,92481
34630160,239800,10336,250136
34630163,100000,1814,101814
34630166,45000,89596,134596
34630167,50000,73859,123859
34630168,94300,15600,109900
34630169,48000,70346,118346
34630171,70000,3510,73510
34630172,67000,99860,166860
34630175,65000,22830,87830
34630176,139570,3189,142759
34630178,60000,10024,70024
34630180,39500,63609,103109
34630181,30000,112835,142835
34630183,106468,3283,109751
34630184,35000,14623,49623
34630187,86000,1608,87608
34630189,39500,10815,50315
34630190,0,0,0
34630192,117000,12508,129508
34630193,26000,40429,66429
34630196,22290,64246,86536
34630197,64500,89785,154285
34630198,65715,60818,126533
34630199,237450,345263,582713
34630200,30000,39295,69295
34630201,75035,4946,79981
34630202,74821,48856,123677
34630203,40000,26926,66926
34630204,54000,8661,62661
34630205,40000,37105,77105
34630206,34500,10002,44502
34630207,255000,150385,405385
34630209,35000,13514,48514
34630210,46678,360,47038
34630211,93000,2231,95231
34630212,38000,5431,43431
34630213,20000,43590,63590
34630214,58000,3777,61777
34630215,27050,41573,68623
34630217,108000,30384,138384
34630218,81160,2147,83307
34630221,33000,76562,109562
34630222,92000,96968,188968
34630224,52000,62416,114416
34630225,86666,132200,218866
34630226,180000,96668,276668
34630227,276500,268225,544725
34630228,106000,103607,209607
34630229,53500,3240,56740
34630231,208315,361899,570214
34630232,179723,91521,271244
34630234,50000,16895,66895
34630235,0,548250,548250
34630236,75000,73363,148363
34630238,40780,300,41080
34630239,71160,2187,73347
34630240,139000,15606,154606
34630241,25000,1193,26193
34630242,82000,12382,94382
34630243,60000,7235,67235
34630244,138500,33734,172234
34630245,54700,17443,72143
34630246,150000,21733,171733
34630247,125000,102628,227628
34630248,74000,52550,126550
34630249,23000,610,23610
34630251,105000,220054,325054
34630252,85000,2298,87298
34630253,270000,4740,274740
34630254,50000,3450,53450
34630255,40000,65647,105647
34630258,206780,346064,552844
34630259,110000,329788,439788
34630260,88500,15516,104016
34630262,120000,191713,311713
34630263,143000,485667,628667
34630264,280232,180229,460461
34630265,100000,33551,133551
34630266,130000,193955,323955
34630267,40000,1915,41915
34630268,79000,9421,88421
34630269,80000,46294,126294
34630271,52199,216,52415
34630273,29543,522192,551735
34630274,221000,3062,224062
34630275,0,64939,64939
34630276,127100,1182,128282
34630277,113000,5282,118282
34630278,50000,74171,124171
34630279,104259,11386,115645
34630280,60000,4517,64517
34630281,112500,2367,114867
34630282,66000,54723,120723
34630283,0,312721,312721
34630284,140000,1935,141935
34630285,74756,289333,364089
34630287,160000,213100,373100
34630288,300000,220790,520790
34630289,69000,842,69842
34630290,120000,10730,130730
34630291,41689,46602,88291
34630293,225000,57983,282983
34630295,140000,3343,143343
34630298,65000,48813,113813
34630300,123000,70084,193084
34630301,55000,37570,92570
34630302,40000,711422,751422
34630303,115160,456720,571880
34630304,95000,107187,202187
34630306,59000,19057,78057
34630307,81000,277286,358286
34630308,86903,26382,113285
34630309,62346,0,62346
34630310,115500,451562,567062
34630311,86160,4107,90267
34630312,30000,24676,54676
34630313,75000,90238,165238
34630315,65000,72233,137233
34630316,0,123526,123526
34630317,45000,50146,95146
34630318,79500,330,79830
34630319,87000,21977,108977
34630320,33200,2519,35719
34630321,30000,1782,31782
34630323,0,0,0
34630324,190000,405709,595709
34630325,40000,68214,108214
34630327,54000,9922,63922
34630328,74000,118043,192043
34630329,29000,676,29676
34630330,148000,271,148271
34630332,150600,207362,357962
34630333,30000,50145,80145
34630335,68000,65903,133903
34630336,50000,72731,122731
34630337,73000,1197,74197
34630339,45000,41520,86520
34630343,89500,5087,94587
34630344,45000,66885,111885
34630346,90000,12894,102894
34630347,141000,105203,246203
34630348,48000,1060,49060
34630349,100000,414628,514628
34630350,97000,18694,115694
34630351,35000,5875,40875
34630352,144900,0,144900
34630353,38000,1410,39410
34630354,120991,103420,224411
34630356,80000,88062,168062
34630358,79000,120407,199407
34630360,56745,53187,109932
34630362,131500,170079,301579
34630365,21700,67722,89422
34630369,43500,32191,75691
34630371,80723,10340,91063
34630375,38000,55109,93109
34630376,10000,131030,141030
34630378,192800,71029,263829
34630392,28500,90131,118631
34630393,69000,77640,146640
34630394,78315,68489,146804
34630395,34970,87168,122138
34630405,100000,40150,140150
34630406,25000,57785,82785
34630407,43254,52719,95973
34630408,60000,49860,109860
34630409,50109,13034,63143
34630410,90000,6813,96813
34630412,40000,1657,41657
34630413,120000,630,120630
34630414,177000,46599,223599
34630417,37000,1396,38396
34630418,150000,31018,181018
34630419,10000,86617,96617
34630423,77200,57712,134912
34630424,37160,1136,38296
34630425,40000,31014,71014
34630427,30000,65604,95604
34630431,195000,5200,200200
34630434,20000,169393,189393
34630435,62400,44,62444
34630437,52000,457,52457
34630438,227422,1098342,1325764
34630445,58000,25754,83754
34630451,30000,33,30033
34630455,80500,11440,91940
34630456,55200,19687,74887
34630457,189653,164071,353724
34630459,37000,436,37436
34630461,65000,4753,69753
34630462,45874,247287,293161
35110001,836299,162838,999137
35110003,100000,237003,337003
35110004,400200,99761,499961
35110005,40070,521541,561611
35110007,205000,365294,570294
35110008,214353,29,214382
35110009,210023,69422,279445
35110010,628014,223780,851794
35110011,358597,137981,496578
35110012,366671,107176,473847
35110013,103000,251649,354649
35110014,50000,292136,342136
35110016,126585,304425,431010
35110018,461140,560962,1022102
35110019,170360,471518,641878
35110020,365000,106277,471277
35110021,70000,156798,226798
35110022,496731,99089,595820
35110023,940580,367796,1308376
35110024,205622,33827,239449
35110025,104841,25257,130098
35110026,23580,261716,285296
35110027,138718,136134,274852
35110029,373909,40000,413909
35110030,287742,1736135,2023877
35110031,186370,662898,849268
35110032,24824,186168,210992
35110033,235437,348200,583637
35110034,105000,275691,380691
35110035,220000,183727,403727
35110036,309033,523773,832806
35110037,110194,19703,129897
35110038,140836,3908,144744
35110039,50000,216529,266529
35110040,139375,46109,185484
35110041,53000,823,53823
35110042,8470,484093,492563
35110043,39830,335109,374939
35110045,132166,713020,845186
35110047,261390,27025,288415
35110048,81000,12861,93861
35110049,120000,181009,301009
35110050,280484,733087,1013571
35110051,154000,153767,307767
35110052,235000,30,235030
35110053,370310,134194,504504
35110054,97425,94538,191963
35110055,139000,566,139566
35110056,220600,379,220979
35110057,64417,206010,270427
35110058,97500,69236,166736
35110059,210000,65238,275238
35110060,152368,2821,155189
35110061,200290,160071,360361
35110062,125000,185195,310195
35110063,150290,703758,854048
35110064,130000,386500,516500
35110065,213968,662787,876755
35110066,165000,9955,174955
35110067,166139,500000,666139
35110068,302333,8775,311108
35110069,0,1094602,1094602
35110070,790290,514868,1305158
35110071,165085,1478,166563
35110072,153000,15064,168064
35110073,182000,164672,346672
35110074,65000,7486,72486
35110075,237695,1065,238760
35110076,325290,314556,639846
35110077,147000,136098,283098
35110078,63420,2399,65819
35110079,93740,76400,170140
35110080,8035,68902,76937
35110081,71000,14419,85419
35110082,5000,91625,96625
35110085,5000,58415,63415
35110086,43203,2904,46107
35110087,121022,215974,336996
35110088,71000,14656,85656
35110091,256049,48204,304253
35110092,58000,126733,184733
35110095,100000,180284,280284
35110096,100000,51921,151921
35110097,120000,41997,161997
35110098,52377,9297,61674
35110099,96820,85942,182762
35110100,100000,32403,132403
35110101,0,117910,117910
35110102,47700,7,47707
35110103,38000,86012,124012
35110105,182290,69147,251437
35110106,22000,715550,737550
35110109,66000,713,66713
35110110,85000,130965,215965
35110112,55815,9502,65317
35110113,135838,0,135838
35110116,44500,37328,81828
35110117,0,7,7
35110118,55000,809,55809
35110119,60290,123557,183847
35110121,57014,230250,287264
35110123,51212,299045,350257
35110124,112700,55969,168669
35110125,46302,469,46771
35110126,7090,118089,125179
35110127,77970,246589,324559
35110128,190000,130,190130
35110131,65000,87,65087
35110134,46438,123951,170389
35110135,129108,134816,263924
35110136,120000,20000,140000
35110137,22500,69520,92020
35110138,44847,231970,276817
35110139,159000,10242,169242
35110140,80000,39333,119333
35110141,29960,6693,36653
35110142,10000,23448,33448
35110144,117000,10981,127981
35110145,15500,177278,192778
35110146,45870,112759,158629
35110148,38800,91,38891
35110149,0,122390,122390
35110150,29100,52638,81738
35110151,143000,40219,183219
35110154,117560,79115,196675
35110155,60000,6910,66910
35110156,3890,75628,79518
35110157,100000,217562,317562
35110158,0,106991,106991
35110159,65769,7018,72787
35110160,109070,3,109073
35110161,39069,2103,41172
35110163,110000,1885,111885
35110165,39000,10828,49828
35110166,100000,256811,356811
35110167,51000,43623,94623
35110168,150000,2918,152918
35110169,36000,604,36604
35110170,7500,59491,66991
35110171,95000,25806,120806
35110172,41000,69321,110321
35110173,48308,2335,50643
35110177,56279,32350,88629
35110179,23700,113068,136768
35110180,20078,186561,206639
35110181,45000,5467,50467
35110182,32000,15256,47256
35110183,51000,57738,108738
35110188,82741,453,83194
35110189,105000,98070,203070
35110190,0,0,0
35110194,80000,13554,93554
35110195,69412,45403,114815
35110197,31000,146281,177281
35110199,69000,5913,74913
35110200,40000,78636,118636
35110202,30290,60896,91186
35110204,45726,127,45853
35110205,159985,27421,187406
35110206,149557,27695,177252
35110207,53000,826,53826
35110208,75000,16648,91648
35110209,30990,161938,192928
35110211,225000,124329,349329
35110212,31200,31425,62625
35110213,22960,29974,52934
35110215,75000,51507,126507
35110216,94000,813,94813
35110217,47000,2714,49714
35110220,37000,9585,46585
35110222,98500,918,99418
35110223,44500,279,44779
35110224,80000,4987,84987
35110226,0,0,0
35110227,2690,205061,207751
35110228,169290,24233,193523
35110229,0,107153,107153
35110230,46000,10074,56074
35110231,0,1085,1085
35110232,200000,10479,210479
35110233,40000,330,40330
35110235,34000,25323,59323
35110237,62000,734,62734
35110238,50000,50494,100494
35110239,115000,2178,117178
35110241,30000,135861,165861
35110243,149890,60795,210685
35110244,40095,144465,184560
35110245,85000,48568,133568
35110247,132045,38584,170629
35110249,72000,72366,144366
35110250,275000,6435,281435
35110251,70000,41941,111941
35110252,150000,43344,193344
35110256,120000,52718,172718
35110259,185000,10991,195991
35110261,45567,58317,103884
35110264,55000,26048,81048
35110266,174000,44,174044
35110268,83000,3735,86735
35110270,54000,50891,104891
35110271,39272,651,39923
35110272,62000,2543,64543
35110273,42650,23930,66580
35110274,33000,20626,53626
35110275,70000,113455,183455
35110276,25959,465781,491740
35110279,15200,206232,221432
35110281,40308,5232,45540
35110282,100271,15175,115446
35110283,42169,216549,258718
35110284,0,194463,194463
35110285,20000,66829,86829
35110286,45000,63753,108753
35110288,50000,96274,146274
35110289,215000,10278,225278
35110290,85000,3516,88516
35110292,43000,40441,83441
35110293,87214,369627,456841
35110294,122000,960,122960
35110295,125000,24124,149124
35110297,65500,5032,70532
35110298,60000,24142,84142
35110300,85000,22116,107116
35110301,0,33098,33098
35110302,0,29030,29030
35110303,0,0,0
35110305,0,393354,393354
35110306,60000,44480,104480
35110308,19000,65104,84104
35110309,86700,252,86952
35110311,66515,472692,539207
35110312,59123,0,59123
35110313,140571,75503,216074
35110314,146500,6467,152967
35110315,50500,190,50690
35110316,120000,2191,122191
35110318,90000,8829,98829
35110319,95000,13431,108431
35110321,33830,61932,95762
35110322,159460,97,159557
35110324,90023,12999,103022
35110327,116562,534,117096
35110328,46200,692,46892
35110329,77000,955,77955
35110330,72900,36,72936
35110331,69900,389,70289
35110332,53329,0,53329
35110334,68000,3171,71171
35110335,45287,51293,96580
35110336,83774,652417,736191
35110338,41000,18558,59558
35110339,104000,176561,280561
35110340,3500,166338,169838
35110341,29800,71,29871
35110342,106500,3698,110198
35110343,78600,170,78770
35110344,163000,2804,165804
35110345,102045,41981,144026
35110346,39500,73,39573
35110348,50457,596,51053
35110349,98290,580,98870
35110351,26000,48786,74786
35110352,37383,17533,54916
35110354,63980,5226,69206
35110356,223000,25970,248970
35110357,48001,1470,49471
35110359,91382,244,91626
35110360,128860,650997,779857
35110361,0,47783,47783
35110364,119145,1207,120352
35110365,142266,888570,1030836
35110366,343000,201,343201
35110367,80000,65015,145015
35110368,26307,56110,82417
35110374,122000,277132,399132
35110375,105000,3843,108843
35110376,116439,2000,118439
35110377,0,122022,122022
35110378,100000,122,100122
35110380,35000,4023,39023
35110382,45000,13272,58272
35110383,38000,1725,39725
35110386,111000,34707,145707
35110387,41500,34295,75795
35110389,73000,361,73361
35110390,225000,302966,527966
35110391,47556,5328,52884
35110392,25290,171993,197283
35110393,47000,11528,58528
35110395,4000,219760,223760
35110396,13000,616848,629848
35110397,60000,30873,90873
35110400,302412,1897,304309
35110403,44500,7995,52495
35110404,69000,90993,159993
35110405,32300,20169,52469
35110408,19240,130784,150024
35110409,72000,17822,89822
35110411,68471,31211,99682
35110412,25000,103483,128483
35110413,36000,94446,130446
35110414,45000,45244,90244
35110415,12449,105425,117874
35110417,155230,89323,244553
35110419,108000,46681,154681
35110420,157000,613,157613
35110422,42000,28133,70133
35110423,128690,22356,151046
35110424,153000,176,153176
35110425,20000,32203,52203
35110426,40000,134394,174394
35110427,202971,520,203491
35110428,88290,143056,231346
35110429,125000,20600,145600
35110430,104500,386,104886
35110431,30000,78415,108415
35110432,72000,275,72275
35110433,30000,85276,115276
35110434,128459,0,128459
35110437,93256,496844,590100
35110439,123290,592,123882
35110440,150000,1603,151603
35110443,91000,14213,105213
35110444,50000,26828,76828
35110449,37821,2080,39901
35110450,234000,23071,257071
35110452,116843,24536,141379
35110453,75000,41910,116910
35110454,235000,656,235656
35110455,0,0,0
35110456,40000,71597,111597
35110457,71500,258,71758
35110458,161900,51,161951
35110459,322900,60,322960
35110460,172346,120440,292786
35110461,13900,136412,150312
35110462,57000,267,57267
35110464,72000,613,72613
35110465,125540,335,125875
35110466,75190,64,75254
35110467,0,92676,92676
35110468,24000,62860,86860
35110470,0,60450,60450
35110471,28500,216,28716
35110473,229000,113067,342067
35110474,40650,200,40850
35110475,54268,2373,56641
35110476,79000,32818,111818
35110477,160000,7105,167105
35110478,100000,66773,166773
35110480,100000,138492,238492
35110482,63050,57593,120643
35110483,116290,316,116606
35110486,0,0,0
35110487,0,0,0
35110489,40000,9358,49358
35110491,38000,1750,39750
35110495,38980,6640,45620
35110501,37200,40082,77282
35110553,43000,766,43766
35110554,41000,60760,101760
35110571,28084,11904,39988
35110572,150000,1187,151187
35110575,65000,1235,66235
35110576,55000,2431,57431
35110578,30000,5934,35934
35110579,126560,1174,127734
35110580,110000,31482,141482
35110581,57000,198789,255789
35110582,22000,179039,201039
35110584,0,0,0
35110601,99535,60784,160319
35110602,240000,372981,612981
35110603,130000,337529,467529
35110604,86727,151909,238636
35110605,100000,28256,128256
35110606,25000,928,25928
35110608,96290,30084,126374
35110609,138334,0,138334
35110610,54159,624,54783
35110611,59709,3923,63632
35110612,31236,229466,260702
35110613,21710,604853,626563
35110614,61989,105,62094
35110615,87000,839,87839
35120001,0,323483,323483
35120002,145576,158283,303859
35120003,144000,191404,335404
35120004,0,0,0
35120005,228132,204286,432418
35120006,150000,197393,347393
35120007,471196,308843,780039
35120008,0,418009,418009
35120009,108000,414,108414
35120010,450000,153130,603130
35120011,99243,75377,174620
35120012,161153,766439,927592
35120014,39281,78774,118055
35120015,77448,374901,452349
35120016,321086,35273,356359
35120017,50000,323603,373603
35120018,222000,2239,224239
35120028,221690,61067,282757
35120029,93552,520000,613552
35120030,91634,63887,155521
35120031,220000,11900,231900
35120032,399500,112392,511892
35120033,320580,155477,476057
35120034,146079,184898,330977
35120035,520440,191141,711581
35120036,150000,32674,182674
35120038,195646,339774,535420
35120039,201253,161,201414
35120042,207158,502231,709389
35120043,263137,2572,265709
35120044,283539,34139,317678
35120045,0,1199604,1199604
35120046,741124,893279,1634403
35120047,291364,200179,491543
35120051,81264,141660,222924
35120052,421301,1303,422604
35120053,0,1037471,1037471
35120054,50000,753552,803552
35120055,295563,229,295792
35120056,693000,303,693303
35120057,178978,101801,280779
35120058,272364,94,272458
35120059,0,0,0
35120060,10000,316121,326121
35120061,130000,380395,510395
35120062,169957,437323,607280
35120064,237900,3,237903
35120065,0,0,0
35120066,17715,277289,295004
35120067,69169,109885,179054
35120068,320408,132215,452623
35120069,25000,100177,125177
35120070,125344,453740,579084
35120071,222384,410499,632883
35120072,143344,47075,190419
35120073,180000,16327,196327
35120076,119799,67318,187117
35120090,128130,242781,370911
35120091,288290,34828,323118
35120092,50000,250756,300756
35120093,150000,262369,412369
35120094,135000,6979,141979
35120095,50200,30167,80367
35120096,208400,19315,227715
35120097,100000,137864,237864
35120098,348078,65370,413448
35120099,0,128443,128443
35120100,119000,27023,146023
35120101,138979,144113,283092
35120102,130290,98589,228879
35120103,32000,9572,41572
35120104,200580,151023,351603
35120105,0,0,0
35120106,120000,1377,121377
35120107,0,0,0
35120108,443600,219301,662901
35120109,295055,682863,977918
35120110,0,232648,232648
35120111,0,0,0
35120112,0,0,0
35120113,148607,188121,336728
35120114,470000,261873,731873
35120115,151000,18910,169910
35120116,247939,99188,347127
35120117,480000,27002,507002
35120118,381590,83591,465181
35120119,250000,14921,264921
35120120,0,395642,395642
35120121,396550,237073,633623
35120122,200000,11510,211510
35120123,100000,104925,204925
35120124,249898,272317,522215
35120126,169000,1223,170223
35120127,65520,318955,384475
35120128,12000,232476,244476
35120136,287299,408000,695299
35120144,80000,101189,181189
35120145,188839,16483,205322
35120146,73416,210905,284321
35120147,101500,56057,157557
35120148,150000,578211,728211
35120149,370000,123857,493857
35120150,0,205660,205660
35120151,165500,289628,455128
35120153,20000,126969,146969
35120154,37080,412924,450004
35120155,135559,571125,706684
35120156,350000,10713,360713
35120157,70000,275290,345290
35120158,0,147667,147667
35120159,190290,2247,192537
35120160,257370,3161,260531
35120161,95000,22929,117929
35120164,85000,8689,93689
35120165,52000,23,52023
35120166,85736,295,86031
35120168,70000,75138,145138
35120169,87000,48768,135768
35120170,55000,884,55884
35120171,46370,172335,218705
35120172,42290,425,42715
35120174,0,432,432
35120175,75000,216840,291840
35120176,68000,130,68130
35120177,0,457,457
35120178,17471,150321,167792
35120179,29000,112714,141714
35120180,0,719,719
35120184,0,0,0
35120185,16820,401,17221
35120186,16000,95120,111120
35120187,304042,77960,382002
35120188,112734,438929,551663
35120189,62000,214,62214
35120190,61000,871,61871
35120194,130000,9121,139121
35120197,190000,10078,200078
35120198,95000,36595,131595
35120199,70250,24308,94558
35120200,0,0,0
35120202,391407,199554,590961
35120203,100000,8458,108458
35120207,209290,245,209535
35120209,92000,268,92268
35120210,110000,41552,151552
35120211,60000,42516,102516
35120213,39384,94988,134372
35120214,85500,4387,89887
35120216,23453,72000,95453
35120218,70079,45781,115860
35120220,47518,50337,97855
35120222,137708,12513,150221
35120223,77290,70947,148237
35120226,106999,42419,149418
35120229,100000,9154,109154
35120230,22980,104867,127847
35120231,65000,883,65883
35120233,150000,177866,327866
35120234,85000,1295,86295
35120235,90000,29792,119792
35120236,190000,83653,273653
35120237,35000,89948,124948
35120238,60000,424,60424
35120239,230000,11993,241993
35120240,45000,17026,62026
35120241,50000,475375,525375
35120243,53000,1191,54191
35120247,0,358474,358474
35120248,180000,139217,319217
35120249,5360,54352,59712
35120250,111000,10618,121618
35120252,85000,2141,87141
35120253,92000,416,92416
35120254,38000,12128,50128
35120255,106000,310,106310
35120256,64000,662,64662
35120257,66675,16880,83555
35120258,60000,100132,160132
35120259,15000,70259,85259
35120260,153000,5625,158625
35120261,176000,299,176299
35120262,122290,19326,141616
35120263,40000,28018,68018
35120266,246790,8,246798
35120268,43000,8926,51926
35120269,0,123041,123041
35120270,25000,29044,54044
35120271,25732,162632,188364
35120272,30000,37989,67989
35120273,95030,178841,273871
35120274,125000,11093,136093
35120299,32092,45544,77636
35120301,0,56378,56378
35120309,11600,72407,84007
35120310,15918,81285,97203
35120312,15266,56213,71479
35120314,0,0,0
35120318,41999,697,42696
35120324,39193,10044,49237
35120335,95000,107267,202267
35120337,0,36270,36270
35120338,128290,997,129287
35120340,21500,61886,83386
35120344,60000,1098,61098
35120346,274000,152298,426298
35120348,25000,44485,69485
35120349,36744,110272,147016
35120350,93450,12009,105459
35120351,50290,40970,91260
35120352,40000,19859,59859
35120353,48000,57,48057
35120356,100000,26762,126762
35120359,0,0,0
35120361,48800,87,48887
35120362,0,129394,129394
35120363,90000,35232,125232
35120366,30000,37799,67799
35120367,75000,9389,84389
35120368,42500,35,42535
35120369,25000,29688,54688
35120370,85290,31349,116639
35120371,0,139204,139204
35120372,115000,38833,153833
35120374,15000,47894,62894
35120375,87290,485,87775
35120378,8619,291425,300044
35120379,0,40900,40900
35120380,125000,19848,144848
35120383,68000,1686,69686
35120384,57000,18443,75443
35120386,50000,27708,77708
35120387,50000,12527,62527
35120388,24000,30769,54769
35120389,18000,755,18755
35120390,59000,519,59519
35120391,25000,32227,57227
35120393,0,15414,15414
35120394,0,78402,78402
35120395,0,994,994
35120396,0,355596,355596
35120398,0,30106,30106
35120399,144000,23714,167714
35120400,200000,2525,202525
35120401,120290,75204,195494
35120402,60000,642,60642
35120403,65000,2270,67270
35120404,92000,21873,113873
35120406,638,170906,171544
35120407,70000,25517,95517
35120408,170000,21257,191257
35120410,0,0,0
35120411,0,0,0
35120412,0,151723,151723
35120413,65000,105265,170265
35120415,50000,30881,80881
35120416,0,194010,194010
35120417,28220,93045,121265
35120418,0,163075,163075
35120419,45000,6217,51217
35120420,80000,112697,192697
35120421,70000,25906,95906
35120422,55000,68797,123797
35120424,165000,22625,187625
35120425,100000,46202,146202
35120426,120000,50726,170726
35120428,0,2088,2088
35120429,25000,2755,27755
35120431,0,1205,1205
35120432,70000,6967,76967
35120433,105000,3445,108445
35120434,45000,48963,93963
35120437,75000,83645,158645
35120442,20000,149259,169259
35120445,174000,20880,194880
35120446,0,26902,26902
35120447,100000,3440,103440
35120448,0,0,0
35120451,50000,6735,56735
35120455,52739,57810,110549
35120457,0,88222,88222
35120461,20000,279952,299952
35120462,0,239030,239030
35120464,0,216550,216550
35120468,102043,111267,213310
35120469,48000,7824,55824
35120476,0,0,0
35120477,70055,362195,432250
35120478,44000,210684,254684
35120479,96000,42899,138899
35120480,0,0,0
35120481,61000,9038,70038
35120482,84414,331485,415899
35120483,119999,2540,122539
35120484,316000,562,316562
35120485,90000,14291,104291
35120486,0,0,0
35120487,0,0,0
35120488,109000,4384,113384
35120489,28653,33985,62638
35120490,0,0,0
35120491,50000,116413,166413
35120492,21290,89876,111166
35120493,70000,51218,121218
35120494,67752,144422,212174
35120495,145000,81233,226233
35120496,0,225990,225990
35120497,120000,28773,148773
35120498,123000,146553,269553
35120499,34000,62503,96503
35120501,17500,176160,193660
35120502,0,160007,160007
35120503,50000,55361,105361
35120504,45000,26519,71519
35120505,0,0,0
35120507,0,0,0
35120508,203860,256983,460843
35120509,98000,3497,101497
35120510,30000,135432,165432
35120511,108000,36603,144603
35120512,0,0,0
35120513,40000,194928,234928
35120514,1000,125991,126991
35120515,39260,23,39283
35120516,40000,111234,151234
35120517,85000,234,85234
35120518,81500,46999,128499
35120519,60000,37451,97451
35120520,0,0,0
35120521,102290,1870,104160
35120522,45000,42811,87811
35120523,0,141644,141644
35120524,0,186370,186370
35120525,30000,127935,157935
35120527,100290,59037,159327
35120528,0,84021,84021
35120529,0,231168,231168
35120530,101490,6303,107793
35120531,120000,50571,170571
35120532,157968,70635,228603
35120533,60000,54433,114433
35120534,88000,36568,124568
35120535,282000,57545,339545
35120536,0,160995,160995
35120537,50000,78552,128552
35120538,150000,11022,161022
35120539,87290,52253,139543
35120540,49000,121318,170318
35120541,120000,1244,121244
35120542,120000,12814,132814
35120543,90000,71391,161391
35120544,230000,21427,251427
35120547,50000,241724,291724
35120548,10000,184304,194304
35120549,107000,540,107540
35120550,50000,46453,96453
35120551,45500,11730,57230
35120552,108000,6352,114352
35120553,80290,44763,125053
35120554,90000,9535,99535
35120555,9000,113362,122362
35120556,0,64487,64487
35120557,0,132753,132753
35120558,142800,7908,150708
35120560,185580,312945,498525
35120561,230000,48158,278158
35120562,100000,189056,289056
35120563,0,97006,97006
35120564,99290,327,99617
35120565,80000,26939,106939
35120566,68000,188,68188
35120567,60000,91922,151922
35120568,114300,15,114315
35120569,68000,945,68945
35120570,130000,10387,140387
35120572,62000,2510,64510
35120573,125000,8987,133987
35120574,112900,174,113074
35120576,70000,21730,91730
35120578,70000,34580,104580
35120580,50000,54311,104311
35120581,90000,20418,110418
35120582,0,94946,94946
35120649,23700,46943,70643
35120650,35000,90350,125350
35120651,89900,44,89944
35120652,16160,110980,127140
35120653,130580,48830,179410
35120654,173843,339,174182
35120655,0,268890,268890
35120656,0,143229,143229
35120657,140290,115,140405
35120658,164000,165,164165
35120659,140000,9044,149044
35120660,112000,843,112843
35120661,100000,7595,107595
35120662,22000,49574,71574
35120663,0,151876,151876
35120664,103849,212403,316252
35120665,118000,46460,164460
35120666,3000,53211,56211
35120668,0,100302,100302
35120669,37883,7669,45552
35120670,56457,1559,58016
35120671,0,120526,120526
35120672,135000,311,135311
35120674,0,196245,196245
35120675,60000,6632,66632
35120676,55000,113767,168767
35120677,95000,34886,129886
35120679,27000,900,27900
35120680,0,89364,89364
35120681,33000,4613,37613
35120683,90290,55853,146143
35120684,195000,349375,544375
35120685,97000,720,97720
35120686,20000,66795,86795
35120690,128000,46461,174461
35120691,50000,51809,101809
35120693,0,313208,313208
35120695,0,95479,95479
35120696,125000,31469,156469
35120697,40000,42454,82454
35120698,0,0,0
35120699,0,68028,68028
35120700,132000,19706,151706
35120701,25000,151868,176868
35120702,40000,91056,131056
35120703,40000,95708,135708
35120704,120290,1625,121915
35120705,46000,289,46289
35120707,90000,1449,91449
35120708,75000,46772,121772
35120709,130580,89896,220476
35120711,40000,362296,402296
35120712,120000,53672,173672
35120713,80000,4161,84161
35120714,100000,126044,226044
35120715,0,140871,140871
35120716,0,135738,135738
35120717,60000,168794,228794
35120718,69000,3252,72252
35120719,213000,885,213885
35120720,0,187705,187705
35120721,82000,110799,192799
35120722,10000,91051,101051
35120724,0,178882,178882
35120725,0,96255,96255
35120726,100000,90183,190183
35120727,50000,192833,242833
35120728,60000,12500,72500
35120729,81000,319,81319
35120731,53738,694,54432
35120732,100000,50792,150792
35120733,50000,6569,56569
35120735,97500,237,97737
35120736,86160,47172,133332
35120737,0,0,0
35120738,128000,767,128767
35120739,200000,17305,217305
35120741,91000,479,91479
35120742,0,88725,88725
35120743,50000,53341,103341
35120745,88000,707,88707
35120747,0,0,0
35120749,80000,72260,152260
35120751,250000,26011,276011
35120752,30000,8192,38192
35120754,0,141404,141404
35120756,50000,68313,118313
35120757,0,99323,99323
35120758,62000,1394,63394
35120759,40000,46186,86186
35120760,928,185284,186212
35120762,0,61,61
35120764,100000,41346,141346
35120769,100000,11550,111550
35120770,15000,4160,19160
35120772,0,70209,70209
35120773,85000,2059,87059
35120774,29000,548,29548
35120777,72000,586,72586
35120778,91000,231,91231
35120779,111160,1268,112428
35120780,20000,77830,97830
35120783,0,74575,74575
35120788,0,33247,33247
35120792,42380,21678,64058
35120793,0,1000,1000
35120831,17000,6,17006
35120834,0,0,0
35120841,0,92604,92604
35120849,44000,224,44224
35120854,0,0,0
35120855,0,0,0
35120857,0,1000,1000
35120877,78000,180,78180
35120878,100290,67567,167857
35120879,398164,1500,399664
35120880,45270,135902,181172
35120882,322962,195789,518751
35120883,0,36841,36841
35120885,63290,12259,75549
35120886,170000,198,170198
35120887,54410,153034,207444
35120891,0,64536,64536
35120892,0,384585,384585
35120893,0,138256,138256
35120894,40000,31744,71744
35120898,85000,9483,94483
35120899,90000,21317,111317
35120901,0,67790,67790
35120903,0,80807,80807
35120905,120700,47,120747
35130001,380124,244014,624138
35130003,896622,922764,1819386
35130004,172690,1169787,1342477
35130005,0,0,0
35130006,346530,42226,388756
35130007,0,204701,204701
35130008,43481,36837,80318
35130009,229170,23677,252847
35130010,0,68,68
35130011,129674,1048,130722
35130012,0,0,0
35130013,168173,0,168173
35130014,0,1657,1657
35130015,330000,206505,536505
35130016,500000,185554,685554
35130017,255000,798789,1053789
35130018,123361,0,123361
35130019,191703,243558,435261
35130020,439283,265384,704667
35130021,0,0,0
35130022,114464,225075,339539
35130024,266140,137017,403157
35130025,28000,300879,328879
35130026,750000,13141,763141
35130027,132443,55748,188191
35130029,106646,153121,259767
35130030,100000,245958,345958
35130031,361136,103140,464276
35130032,66031,323517,389548
35130033,120865,249741,370606
35130034,31955,219104,251059
35130035,50000,116984,166984
35130038,211200,43678,254878
35130039,133700,174,133874
35130040,0,316521,316521
35130041,395000,4541,399541
35130042,80000,98003,178003
35130043,152880,135160,288040
35130044,105281,0,105281
35130045,0,378,378
35130046,240000,56988,296988
35130047,60000,85108,145108
35130048,90000,179086,269086
35130049,30290,47711,78001
35130050,140400,104074,244474
35130051,0,295495,295495
35130052,56876,92674,149550
35130053,249169,29155,278324
35130054,100000,206596,306596
35130055,210290,70042,280332
35130056,22979,75001,97980
35130057,161635,87997,249632
35130058,170000,68258,238258
35130059,190000,19966,209966
35130060,41516,531961,573477
35130061,0,2150,2150
35130062,100000,250166,350166
35130063,177000,11460,188460
35130064,112000,1355,113355
35130065,18954,272716,291670
35130066,0,0,0
35130067,263683,76904,340587
35130068,95790,133389,229179
35130069,225354,657124,882478
35130070,27409,274328,301737
35130071,125382,11760,137142
35130072,35000,87734,122734
35130074,200021,1864,201885
35130075,133694,161630,295324
35130076,0,266,266
35130077,599132,617418,1216550
35130078,211715,55084,266799
35130080,137400,95395,232795
35130081,80580,129717,210297
35130082,75000,110249,185249
35130083,199620,518101,717721
35130084,135019,23000,158019
35130085,102000,10997,112997
35130086,228000,762,228762
35130087,310000,43467,353467
35130088,466290,1885,468175
35130089,99000,617,99617
35130090,400000,176645,576645
35130091,230000,1238,231238
35130092,125000,73509,198509
35130093,188000,880681,1068681
35130094,92652,258603,351255
35130095,240000,10375,250375
35130096,245000,233048,478048
35130097,282115,159000,441115
35130098,253000,75,253075
35130099,170000,1401,171401
35130100,555000,210672,765672
35130101,99000,999,99999
35130102,70290,34085,104375
35130104,265350,391050,656400
35130105,167000,230473,397473
35130107,50000,342541,392541
35130109,158000,155540,313540
35130110,50490,4386,54876
35130112,125000,357479,482479
35130113,81234,55817,137051
35130114,68072,47,68119
35130115,13300,127004,140304
35130118,8800,72359,81159
35130119,74758,799,75557
35130120,108000,15140,123140
35130125,120290,17503,137793
35130128,165500,4841,170341
35130130,12564,49752,62316
35130131,290,406371,406661
35130134,22823,266298,289121
35130135,230000,250139,480139
35130138,45000,237036,282036
35130139,47500,62042,109542
35130141,75800,87,75887
35130142,83000,75730,158730
35130143,100000,155969,255969
35130145,60000,154144,214144
35130146,84000,538,84538
35130147,31000,343040,374040
35130148,50000,61821,111821
35130150,68380,46828,115208
35130151,173294,41320,214614
35130154,106340,22003,128343
35130155,100000,49585,149585
35130158,110000,28838,138838
35130161,167000,126006,293006
35130162,52500,20498,72998
35130165,150805,5002,155807
35130166,15000,176060,191060
35130167,34770,187697,222467
35130168,61965,449,62414
35130170,69500,1090,70590
35130171,80020,167107,247127
35130172,10000,96989,106989
35130173,50090,3771,53861
35130174,59639,263160,322799
35130175,4710,948,5658
35130176,76296,2347,78643
35130178,0,0,0
35130182,0,606430,606430
35130183,0,0,0
35130184,140006,7547,147553
35130185,133242,0,133242
35130187,48255,5602,53857
35130188,62600,29,62629
35130189,100433,1534,101967
35130190,62400,236460,298860
35130191,18523,0,18523
35130194,60288,2236,62524
35130195,70000,27798,97798
35130198,145000,5191,150191
35130202,116931,5770,122701
35130205,59780,53956,113736
35130206,60000,254,60254
35130207,10000,27864,37864
35130211,52000,313,52313
35130213,58000,802,58802
35130214,44000,1049,45049
35130216,113290,33223,146513
35130217,38000,10313,48313
35130220,192000,2580,194580
35130223,87373,153185,240558
35130225,55000,1092,56092
35130228,0,2462,2462
35130230,80000,70518,150518
35130231,33000,35430,68430
35130232,31000,28012,59012
35130233,45000,42155,87155
35130234,50000,86075,136075
35130236,138000,1636,139636
35130240,100000,106976,206976
35130241,143,233290,233433
35130245,51294,11470,62764
35130247,73,31900,31973
35130250,0,0,0
35130252,55000,66404,121404
35130254,150000,11999,161999
35130255,0,180052,180052
35130256,278623,16010,294633
35130258,53040,71446,124486
35130259,113500,235,113735
35130260,141683,121,141804
35130261,70000,1342,71342
35130262,60160,296,60456
35130263,110000,94906,204906
35130264,7780,229549,237329
35130265,98000,14313,112313
35130266,48481,52559,101040
35130268,93500,79677,173177
35130269,116208,50405,166613
35130270,118328,12285,130613
35130271,50000,119635,169635
35130272,90418,39322,129740
35130273,149316,74,149390
35130274,108400,501069,609469
35130275,10000,104717,114717
35130276,141384,49454,190838
35130277,0,101355,101355
35130278,34350,1107,35457
35130279,178709,8270,186979
35130280,117580,162876,280456
35130282,53350,94054,147404
35130283,196091,489808,685899
35130284,176937,71590,248527
35130285,30000,79950,109950
35130286,60000,2962,62962
35130287,219281,84659,303940
35130288,86719,42540,129259
35130289,68109,101520,169629
35130290,157000,1370,158370
35130293,156160,69553,225713
35130294,233500,50233,283733
35130295,0,46498,46498
35130296,44123,57543,101666
35130297,182000,951,182951
35130298,130000,10254,140254
35130299,20832,110674,131506
35130300,224793,363129,587922
35130302,108858,0,108858
35130303,29000,82730,111730
35130304,167000,29634,196634
35130305,178130,42895,221025
35130306,27347,257756,285103
35130308,80000,143871,223871
35130309,120005,109734,229739
35130310,30223,900,31123
35130311,119600,18523,138123
35130312,135445,24,135469
35130313,91572,13436,105008
35130314,90816,3156,93972
35130315,92500,10669,103169
35130316,183000,1103,184103
35130317,138053,16794,154847
35130318,0,0,0
35130319,201796,2876,204672
35130322,81000,8996,89996
35130323,31000,595,31595
35130324,32684,69609,102293
35130325,325000,589,325589
35130328,0,0,0
35130329,44639,79,44718
35130331,25000,26788,51788
35130333,98440,60661,159101
35130335,31160,78633,109793
35130337,0,189,189
35130338,390379,9,390388
35130339,154160,123695,277855
35130340,104410,12326,116736
35130341,175000,186,175186
35130342,52884,27618,80502
35130343,49500,149,49649
35130344,100000,560,100560
35130345,73120,24,73144
35130346,65500,137,65637
35130347,15000,120574,135574
35130348,85000,7584,92584
35130349,40000,61346,101346
35130350,54290,21853,76143
35130351,80000,1808,81808
35130352,58765,10656,69421
35130353,100000,86047,186047
35130354,40236,61000,101236
35130355,90000,10732,100732
35130356,90000,16455,106455
35130357,238030,161080,399110
35130358,14300,90869,105169
35130359,89000,29,89029
35130362,17314,191344,208658
35130363,50000,72052,122052
35130364,61160,38514,99674
35130365,105000,35672,140672
35130366,134761,2371,137132
35130371,0,0,0
35130375,190839,155507,346346
35130380,113000,428,113428
35130381,80000,9751,89751
35130382,0,0,0
35130383,170000,52176,222176
35130384,31000,44019,75019
35130386,59685,217191,276876
35130401,198602,65734,264336
35130432,10000,86107,96107
35130433,100245,6402,106647
35130434,162553,300804,463357
35130437,1027700,50849,1078549
35130438,150580,389279,539859
35130441,164000,47694,211694
35130443,48650,1099,49749
35130445,135867,219785,355652
35130446,150000,1033792,1183792
35130447,214035,2619,216654
35130448,271000,1393996,1664996
35130449,25000,226216,251216
35130450,2280,283201,285481
35130451,27624,143548,171172
35130452,45000,9098,54098
35130456,192105,9355,201460
35130457,193377,4076,197453
35130458,48902,204739,253641
35130459,56000,1777,57777
35130612,51666,139,51805
35130613,100000,45351,145351
35130614,28905,23535,52440
35140019,0,5100,5100
35140020,547030,539930,1086960
35140021,319438,122281,441719
35140022,483145,462183,945328
35140023,434474,609680,1044154
35140025,175484,1410,176894
35140026,138200,277276,415476
35140027,431700,9704,441404
35140040,166817,419111,585928
35140041,192669,9617,202286
35140049,650604,168864,819468
35140050,90000,98848,188848
35140077,233535,425938,659473
35140078,170000,68715,238715
35140079,136024,5508,141532
35140080,185072,161014,346086
35140082,125085,165166,290251
35140083,321132,129153,450285
35140084,230444,499012,729456
35140085,141000,74271,215271
35140086,240000,108013,348013
35140087,75000,14699,89699
35140088,25437,100583,126020
35140089,134046,313825,447871
35140129,187000,1198594,1385594
35140130,313671,317949,631620
35140132,50000,311004,361004
35140133,14000,115955,129955
35140135,191790,624914,816704
35140138,25000,439782,464782
35140139,300000,205735,505735
35140140,50000,189709,239709
35140141,220565,176107,396672
35140142,0,729119,729119
35140143,147750,1523,149273
35140162,158000,249023,407023
35140163,5000,929479,934479
35140275,85647,81362,167009
35140276,16000,214698,230698
35140278,155066,5180,160246
35140280,40000,14741,54741
35140281,64670,205,64875
35140282,18255,35057,53312
35140283,30000,188261,218261
35140286,18601,58731,77332
35140289,100610,69938,170548
35140291,108840,1756,110596
35140296,107393,12954,120347
35140297,50000,135130,185130
35140298,74920,3011,77931
35140300,30000,95053,125053
35140302,2828,93875,96703
35140307,9292,51098,60390
35140313,80000,26313,106313
35140315,76798,60794,137592
35140316,20639,120861,141500
35140319,195993,1698,197691
35140323,50000,71387,121387
35140327,52412,73447,125859
35140331,53871,497,54368
35140392,90519,247,90766
35140459,100000,101576,201576
35140460,51000,599,51599
35140466,90000,37886,127886
35140584,45000,105129,150129
35140586,0,0,0
35140588,275290,360093,635383
35140590,10420,245016,255436
35140592,70869,648,71517
35140594,0,0,0
35140595,0,148427,148427
35140596,97095,10673,107768
35140598,0,0,0
35140599,138209,419,138628
35140600,0,0,0
35140602,20000,125172,145172
35140603,80208,0,80208
35140604,237332,49792,287124
35140605,255,338681,338936
35140606,110000,184385,294385
35140608,39511,241523,281034
35140610,120000,309480,429480
35140611,109211,94,109305
35140612,8630,121298,129928
35140613,29013,245,29258
35140615,12159,153075,165234
35140616,8700,64486,73186
35140617,18659,114764,133423
35140618,0,0,0
35140619,32839,105665,138504
35140621,12049,87710,99759
35140623,85850,91880,177730
35140624,83915,1238,85153
35140626,14169,157988,172157
35140627,304494,0,304494
35140628,4620,532795,537415
35140631,0,0,0
35140632,19750,53254,73004
35140634,0,158484,158484
35140636,3850,105080,108930
35140638,16290,93128,109418
35140639,7000,45942,52942
35140640,0,221139,221139
35140644,0,0,0
35140646,26915,18341,45256
35140647,778,43976,44754
35140723,127813,6945,134758
35140763,97000,196,97196
35140765,10000,29321,39321
35140766,83000,100730,183730
35140767,146000,106793,252793
35140768,137000,1117,138117
35140775,50000,15399,65399
35140776,95000,12696,107696
35140818,21501,2424,23925
35140820,74955,28291,103246
35140829,0,389,389
35140876,0,27239,27239
35140890,78138,1047,79185
35140899,0,0,0
35140900,326880,113598,440478
35140902,22308,155912,178220
35210001,49873,66600,116473
35210002,6000,1,6001
35210003,0,1079,1079
35210004,239513,1197,240710
35210005,0,4731,4731
35210006,0,1983,1983
35210007,50000,4923,54923
35210008,102363,171,102534
35210009,0,31,31
35210010,0,2044,2044
35210011,57968,821715,879683
35210012,224116,847,224963
35210013,226463,172971,399434
35210014,0,627,627
35210015,0,304,304
35210016,0,2446,2446
35210017,37646,1524,39170
35210018,2000,695,2695
35210019,0,495,495
35210020,123280,12247,135527
35210022,49410,660,50070
35210023,0,571,571
35210024,72100,6680,78780
35210025,0,139,139
35210026,0,1786,1786
35210027,0,347,347
35210028,0,832,832
35210029,68200,109465,177665
35210030,0,25,25
35210031,50000,1160,51160
35210032,0,762,762
35210033,0,1300,1300
35210034,556337,623751,1180088
35210035,0,2953,2953
35210036,7769,1079,8848
35210037,455203,341400,796603
35210038,0,354,354
35210039,0,214,214
35210040,0,1082,1082
35210041,0,1287,1287
35210042,0,2230,2230
35210043,0,3748,3748
35210044,50000,17112,67112
35210045,32700,81,32781
35210046,202454,88,202542
35210047,35357,1704,37061
35210049,21719,5432,27151
35210051,199859,182050,381909
35210052,10900,247027,257927
35210053,108199,10109,118308
35210054,12000,34,12034
35210055,100181,67148,167329
35210056,0,1396,1396
35210057,0,2433,2433
35210058,0,3833,3833
35210060,35575,129774,165349
35210062,0,5369,5369
35210063,0,461,461
35210064,20048,1213,21261
35210065,0,784,784
35210066,13580,2355,15935
35210067,103668,17746,121414
35210069,0,855,855
35210070,135035,37054,172089
35210071,0,4017,4017
35210072,0,1767,1767
35210073,0,262,262
35210075,0,2196,2196
35210076,709380,2110,711490
35210077,0,3697,3697
35210078,0,52,52
35210079,0,419,419
35210080,690,3810,4500
35210081,0,0,0
35210082,100000,4518,104518
35210083,0,15255,15255
35210084,0,113,113
35210085,0,33,33
35210086,0,3387,3387
35210087,733985,15,734000
35210088,1160,15989,17149
35210089,54313,202547,256860
35210090,0,160,160
35210091,0,238,238
35210092,170000,7763,177763
35210093,51000,119,51119
35210094,36064,34,36098
35210095,195338,193940,389278
35210096,500000,99154,599154
35210097,18350,1048,19398
35210098,398857,1044145,1443002
35210099,0,0,0
35210100,48529,26414,74943
35210102,8059,53801,61860
35210105,121000,155590,276590
35210106,7222,86627,93849
35210107,87348,1914,89262
35210109,0,0,0
35210110,21470,21996,43466
35210111,0,7566,7566
35210112,0,573,573
35210113,10838,12356,23194
35210114,60712,48146,108858
35210116,157968,23604,181572
35210117,32815,153307,186122
35210118,12178,0,12178
35210119,140580,106331,246911
35210120,185907,130618,316525
35210121,10685,636675,647360
35210122,190413,251873,442286
35210123,44287,68502,112789
35210124,132634,421434,554068
35210126,190659,44971,235630
35210127,0,3448,3448
35210128,0,490,490
35210129,62000,127462,189462
35210130,0,246,246
35210131,13924,449277,463201
35210132,0,140888,140888
35210133,25660,2093,27753
35210134,30871,1060,31931
35210136,349155,4783,353938
35210137,0,2001,2001
35210138,61664,94215,155879
35210139,76116,7249,83365
35210140,103237,18461,121698
35210142,0,1000,1000
35210143,18687,1411,20098
35210144,1303976,916,1304892
35210145,0,2955,2955
35210146,21723,95224,116947
35210148,0,79617,79617
35210149,28900,105240,134140
35210150,94008,109207,203215
35210151,75400,960,76360
35210152,15500,654,16154
35210153,140000,10056,150056
35210154,57392,28169,85561
35210155,46000,2606,48606
35210156,0,491,491
35210158,19510,384233,403743
35210159,26800,125,26925
35210160,1200,184,1384
35210162,76556,0,76556
35210164,0,7344,7344
35210166,0,563,563
35210167,331,0,331
35210168,58100,6047,64147
35210169,109540,125654,235194
35210170,0,1455,1455
35210171,68108,134965,203073
35210173,0,0,0
35210174,0,5525,5525
35210175,104180,116300,220480
35210176,68297,730,69027
35210177,83075,744,83819
35210179,0,3504,3504
35210180,0,1157,1157
35210181,0,0,0
35210182,0,1328,1328
35210183,0,4157,4157
35210184,44033,26725,70758
35210185,104750,21340,126090
35210186,1508,6231,7739
35210188,22228,4176,26404
35210189,0,448,448
35210190,20000,64763,84763
35210195,176595,18413,195008
35210196,34010,7186,41196
35210202,59400,61295,120695
35210203,7000,1433,8433
35210205,38247,15000,53247
35210206,17000,1038,18038
35210207,30630,42681,73311
35210208,7500,61922,69422
35210211,28000,29651,57651
35210212,8954,3252,12206
35210213,0,0,806
35210214,0,1668,1668
35210215,0,2393,2393
35210216,28634,12578,41212
35210218,11290,81675,92965
35210219,10000,11637,21637
35210221,30000,22214,52214
35210222,10163,10235,20398
35210224,76539,75343,151882
35210225,16855,13299,30154
35210226,0,112,112
35210227,8000,11733,19733
35210229,0,537,537
35210231,0,337,337
35210232,0,809,809
35210233,27300,53348,80648
35210234,0,60,60
35210235,30276,10196,40472
35210236,0,14628,14628
35210237,30000,15088,45088
35210240,10000,20504,30504
35210241,32355,32708,65063
35210242,75852,226438,302290
35210244,42900,78,42978
35210245,0,500,500
35210246,0,889,889
35210247,132814,38,132852
35210249,19368,28426,47794
35210250,0,0,0
35210251,0,1113,1113
35210252,9961,1418,11379
35210255,89980,1746,91726
35210256,0,0,0
35210258,0,1927,1927
35210259,23997,5464,29461
35210262,2500,93,2593
35210263,6000,55,6055
35210265,0,0,0
35210266,136424,10000,146424
35210269,0,330,330
35210271,24900,24285,49185
35210272,43636,237873,281509
35210274,0,554,554
35210275,7045,25968,33013
35210277,8210,85440,93650
35210279,10000,17614,27614
35210281,14096,42418,56514
35210282,15000,87025,102025
35210283,6000,42854,48854
35210284,435,0,435
35210285,0,22,22
35210286,49057,20423,69480
35210287,27000,265,27265
35210288,0,2080,2080
35210289,1616,30,1646
35210291,10596,29481,40077
35210296,68090,158314,226404
35210297,4000,19018,23018
35210298,22300,55,22355
35210301,42500,305,42805
35210305,2176,0,2176
35210307,0,228,228
35210310,20000,4883,24883
35210312,41214,45313,86527
35210313,6000,2960,8960
35210314,0,3260,3260
35210315,30000,24179,54179
35210317,10433,56013,66446
35210319,44186,0,44186
35210320,25720,8926,34646
35210322,62690,14392,77082
35210323,18358,48299,66657
35210324,0,998,998
35210325,0,332,332
35210326,340000,690,340690
35210327,0,814,814
35210330,0,750,750
35210331,57000,18,57018
35210332,29022,147483,176505
35210336,0,280,280
35210337,15000,460,15460
35210338,71600,36243,107843
35210339,20000,4420,24420
35210340,24000,21478,45478
35210341,34750,7124,41874
35210342,0,25252,25252
35210343,13800,73100,86900
35210344,7438,0,7438
35210345,16868,80894,97762
35210346,1800,84,1884
35210347,0,300,300
35210348,0,589,589
35210349,24000,590,24590
35210350,6000,591,6591
35210351,0,32,32
35210352,27630,75185,102815
35210353,63787,20713,84500
35210354,0,123908,123908
35210357,0,0,0
35210358,0,91480,91480
35210359,119142,47316,166458
35210360,7220,103627,110847
35210361,0,1784172,1784172
35210362,50929,268949,319878
35210363,16287,0,16287
35210365,25528,294,25822
35210366,14111,95575,109686
35210368,48634,55187,103821
35210369,63096,20783,83879
35210370,0,0,0
35210372,10561,126,10687
35210374,138360,159720,298080
35210375,126885,496,127381
35210376,27664,266728,294392
35210378,0,643,643
35210379,0,1563,1563
35210381,61175,1440,62615
35210382,0,1502,1502
35210383,9968,2566,12534
35210384,29000,1302,30302
35210388,200,728,928
35210389,0,8250,8250
35210390,0,100383,100383
35210391,13000,95002,108002
35210392,5000,29363,34363
35210394,27290,39307,66597
35210395,3398,877,4275
35210397,0,895,895
35210398,7000,349,7349
35210399,9000,87550,96550
35210401,50000,1358,51358
35210402,20000,12005,32005
35210403,17000,1310,18310
35210404,6670,0,6670
35210406,15883,17211,33094
35210407,36760,33851,70611
35210412,17834,19150,36984
35210413,0,0,0
35210414,17030,3165,20195
35210420,10290,24686,34976
35210422,12000,17088,29088
35210424,4000,565,4565
35210425,17500,20859,38359
35210428,18782,38921,57703
35210429,7268,232,7500
35210430,18000,2325,20325
35210431,0,55587,55587
35210434,21561,847,22408
35210437,13420,53377,66797
35210438,580,735,1315
35210439,11258,4214,15472
35210440,0,544,544
35210441,0,2816,2816
35210442,6328,17259,23587
35210443,165,0,165
35210444,0,374,374
35210445,1500,557,2057
35210446,0,59910,59910
35210448,15000,55946,70946
35210449,8752,20356,29108
35210450,3340,39644,42984
35210451,12305,3826,16131
35210452,8000,562,8562
35210453,15223,19737,34960
35210454,0,1076,1076
35210455,14700,7281,21981
35210456,0,9,9
35210457,30000,110999,140999
35210460,0,0,0
35210461,51120,43007,94127
35210462,0,1137,1137
35210465,98924,217,99141
35210469,46000,7707,53707
35210471,16160,4486,20646
35210472,0,303,303
35210473,70000,34194,104194
35210474,16749,0,16749
35210478,8422,6654,15076
35210480,0,2681,2681
35210484,67648,0,67648
35210486,6697,11620,18317
35210487,12000,5974,17974
35210488,30663,151,30814
35210489,0,1922,1922
35210490,0,200,200
35210492,29000,295,29295
35210494,3000,38208,41208
35210495,6792,38099,44891
35210497,0,0,0
35210499,16913,49585,66498
35210500,30000,10150,40150
35210501,6000,44047,50047
35210502,20000,14968,34968
35210504,18290,204,18494
35210505,32000,2770,34770
35210508,0,0,0
35210509,3540,189402,192942
35210510,15000,768,15768
35210511,33000,788,33788
35210512,47000,6029,53029
35210515,6767,1567,8334
35210516,7987,0,7987
35210517,0,0,0
35210520,32900,86,32986
35210523,27210,32176,59386
35210524,0,0,0
35210525,6000,1,6001
35210526,40965,11962,52927
35210527,20000,32107,52107
35210528,0,6482,6482
35210529,0,1460,1460
35210531,29417,108327,137744
35210533,0,451,451
35210536,30000,42010,72010
35210538,37020,7598,44618
35210539,0,399,399
35210541,15000,104682,119682
35210542,0,392,392
35210543,0,699,699
35210544,25345,0,25345
35210545,31968,31897,63865
35210549,0,276,276
35210551,1405,0,1405
35210553,15075,368,15443
35210556,22025,21892,43917
35210558,57800,4290,62090
35210571,0,725,725
35210572,0,48187,48187
35210573,7098,155,7253
35210574,17000,1210,18210
35210576,0,481,481
35210579,44000,5132,49132
35210588,83317,236,83553
35210591,5682,0,5682
35210594,57235,6006,63241
35210595,32187,53048,85235
35210597,28785,1232,30017
35210598,102500,26833,129333
35210600,19465,1789,21254
35210605,0,614,614
35210606,60000,22698,82698
35210607,64000,17112,81112
35210610,0,449,449
35210612,90027,436,90463
35210614,0,50,50
35210615,0,0,0
35210617,65906,73336,139242
35210618,0,1361,1361
35210619,76886,12136,89022
35210620,27116,0,27116
35210622,44149,0,44149
35210624,7462,0,7462
35210626,0,756,756
35210628,79443,43562,123005
35210630,70222,11747,81969
35210631,19532,67253,86785
35210632,0,656,656
35210634,155000,922,155922
35210635,20000,8223,28223
35210636,0,32,32
35210637,15500,29569,45069
35210638,20316,248023,268339
35210639,19274,0,19274
35210642,16075,13486,29561
35210644,0,5670,5670
35210645,37000,28619,65619
35210646,17421,0,17421
35210647,23039,67355,90394
35210648,4500,597,5097
35210649,11700,4586,16286
35210650,986,0,986
35210651,0,13,13
35210652,0,0,0
35210653,0,515,515
35210654,0,24,24
35210655,19500,34635,54135
35210658,0,43,43
35210659,66003,986,66989
35210660,45924,35768,81692
35210661,19226,0,19226
35210662,0,1972,1972
35210663,5700,36,5736
35210664,10000,974,10974
35210665,0,0,0
35210666,66084,267,66351
35210667,0,398,398
35210668,45000,11436,56436
35210669,0,513,513
35210671,0,826,826
35210672,0,446,446
35210673,8397,1107,9504
35210674,51200,26984,78184
35210675,11000,22588,33588
35210677,15000,20289,35289
35210681,9000,1046,10046
35210683,23906,38799,62705
35210685,0,162,162
35210687,5918,0,5918
35210688,0,12057,12057
35210689,24557,27905,52462
35210690,0,945,945
35210691,23160,155,23315
35210692,70000,115874,185874
35210693,22000,975,22975
35210694,24043,48986,73029
35210695,29464,30724,60188
35210696,12000,26,12026
35210698,75380,5294,80674
35210699,15000,26717,41717
35210701,0,473,473
35210702,0,500,500
35210703,0,137,137
35210704,0,348,348
35210705,20000,33110,53110
35210707,59326,972,60298
35210708,0,471,471
35210709,53000,85,53085
35210710,0,944,944
35210711,10230,44483,54713
35210712,0,1356,1356
35210713,22950,1700,24650
35210714,95530,1105,96635
35210715,74736,12217,86953
35210717,5000,1329,6329
35210719,0,224,224
35210721,0,144,144
35210722,0,69349,69349
35210723,4517,0,4517
35210724,800,218,1018
35210725,12462,16846,29308
35210726,0,629,629
35210727,60619,0,60619
35210729,3000,44,3044
35210730,18489,56699,75188
35210733,22020,700,22720
35210734,0,2922,2922
35210735,0,983,983
35210736,0,29835,29835
35210738,8950,21371,30321
35210739,154000,866,154866
35210743,0,285,285
35210746,0,0,0
35210748,0,533,533
35210752,0,0,0
35210754,97600,52516,150116
35210756,0,314,314
35210759,3005,792,3797
35210769,0,300,300
35210772,94426,68651,163077
35210773,284450,37,284487
35210774,191000,733,191733
35210777,66597,27545,94142
35210778,0,2812,2812
35210780,27178,6926,34104
35210782,0,212,212
35210785,68965,70605,139570
35210786,24800,24689,49489
35210787,0,0,101683
35210789,290,29763,30053
35210792,0,1323,1323
35210795,18000,63134,81134
35210796,0,0,0
35210797,52820,95845,148665
35210798,8500,130306,138806
35210799,0,2604,2604
35210801,6800,2621,9421
35210803,63901,156940,220841
35210805,29475,993,30468
35210806,175375,126829,302204
35210807,0,571,571
35210808,26919,1750,28669
35210809,1000,0,1000
35210810,0,1775,1775
35210811,0,799,799
35210812,678202,184932,863134
35210814,45630,8315,53945
35210815,0,1213,1213
35210817,10137,582,10719
35210818,148256,2571,150827
35210819,94714,227194,321908
35210820,0,18252,18252
35210821,94328,94766,189094
35210822,0,176591,176591
35210823,126476,63388,189864
35210824,65473,21778,87251
35210825,0,18667,18667
35210826,0,927,927
35210827,0,1735,1735
35210828,250,65,315
35210829,0,375,375
35210830,323153,346781,669934
35210831,162753,15775,178528
35210832,52720,105816,158536
35210833,12497,13142,25639
35210836,15000,11634,26634
35210837,31893,519,32412
35210839,7615,4062,11677
35210841,34671,14167,48838
35210842,57949,34137,92086
35210844,39782,30382,70164
35210845,1800,17,1817
35210847,23863,69931,93794
35210850,35539,3951,39490
35210851,0,0,0
35210852,18642,40173,58815
35210853,0,30122,30122
35210854,102970,19405,122375
35210856,3778,13329,17107
35210857,20692,1010,21702
35210861,22147,182460,204607
35210863,37035,541,37576
35210864,1032,0,1032
35210865,111601,2199,113800
35210866,38994,0,38994
35210867,104777,142448,247225
35210868,0,819,819
35210869,93077,5741,98818
35210870,21413,864,22277
35210871,25613,114779,140392
35210872,102530,6480,109010
35210873,3681,2089,5770
35210874,158331,424,158755
35210875,0,735,735
35210876,11500,1640,13140
35210877,55545,151,55696
35210878,0,0,0
35210879,0,1342,1342
35210880,0,602,602
35210881,9310,372,9682
35210882,175000,3917,178917
35210883,99099,738,99837
35210884,0,1212,1212
35210885,0,2116,2116
35210886,88853,2999,91852
35210887,172828,355260,528088
35210888,78548,41013,119561
35210889,79460,74860,154320
35210890,0,2330,2330
35210891,30000,535,30535
35210892,0,1328,1328
35210893,0,0,0
35210894,15179,2579,17758
35210895,0,544,544
35210896,0,0,11333
35210897,0,239502,239502
35210898,0,611,611
35210901,65545,161,65706
35210902,63000,1491,64491
35210903,58990,16732,75722
35210904,16000,624,16624
35210905,9162,25,9187
35210906,0,1067,1067
35210907,0,521,521
35210909,41581,7723,49304
35210910,0,4062,4062
35210911,50000,3004,53004
35210912,5527,18186,23713
35210913,0,81514,81514
35210915,15857,15020,30877
35210917,38816,62753,101569
35210949,0,0,0
35210950,0,139,139
35210951,0,0,0
35210952,0,40570,40570
35210953,19455,2866,22321
35210954,0,1538,1538
35210955,2000,55,2055
35210956,0,218,218
35210957,22369,72784,95153
35210980,0,0,0
35210982,4664,2129,6793
35210983,6240,83637,89877
35210984,164,0,164
35210986,0,254,254
35210987,0,32312,32312
35210989,0,3221,3221
35210990,0,3383,3383
35210991,6500,222,6722
35210992,10000,38415,48415
35210994,0,2805,2805
35210995,24086,0,24086
35210997,121794,761401,883195
35210998,9946,558,10504
35210999,67577,377353,444930
35211000,0,616,616
35211001,0,586,586
35211004,0,586,586
35211008,14850,20146,34996
35211009,0,517,517
35220001,336115,330,336445
35220002,194476,687,195163
35220003,437440,591503,1028943
35220004,0,1387,1387
35220005,483202,267630,750832
35220006,0,0,0
35220007,0,1491,1491
35220008,170283,301858,472141
35220009,319702,56893,376595
35220010,6048,1512,7560
35220011,0,472,472
35220012,104567,514,105081
35220013,65616,2688,68304
35220014,5000,1944,6944
35220015,0,788,788
35220016,147237,68536,215773
35220017,0,0,0
35220018,93282,648,93930
35220019,0,353,353
35220020,3000,4606,7606
35220021,43318,874,44192
35220022,104894,1536,106430
35220023,0,3881,3881
35220024,0,183,183
35220025,3000,809,3809
35220026,0,4513,4513
35220027,0,8,8
35220028,175223,7170,182393
35220029,0,668,668
35220030,75672,34990,110662
35220031,46000,592,46592
35220032,51216,568,51784
35220033,0,18809,18809
35220034,4825,323,5148
35220035,35331,1695,37026
35220036,118134,68752,186886
35220037,96295,498397,594692
35220038,0,2093,2093
35220039,44816,4992,49808
35220041,0,1310,1310
35220043,91029,50811,141840
35220044,158429,61842,220271
35220045,21762,1829,23591
35220046,300290,53580,353870
35220047,131466,151993,283459
35220048,87111,14311,101422
35220049,0,2298,2298
35220050,0,3764,3764
35220052,0,103,103
35220053,0,877,877
35220054,0,0,0
35220055,77881,48399,126280
35220056,98600,175220,273820
35220057,22344,17415,39759
35220058,0,184233,184233
35220060,3815,838,4653
35220061,40000,3479,43479
35220062,0,2444,2444
35220063,0,652,652
35220064,444649,1945,446594
35220065,99278,81258,180536
35220066,5000,135,5135
35220067,0,500,500
35220068,8583,30300,38883
35220070,0,0,0
35220071,0,3269,3269
35220073,117200,942,118142
35220075,135000,7459,142459
35220076,0,680,680
35220077,0,390,390
35220079,290,2500,2790
35220080,7996,1761,9757
35220081,59477,28754,88231
35220082,251235,816617,1067852
35220083,40291,11986,52277
35220084,0,10297,10297
35220085,35000,6965,41965
35220086,80000,1029,81029
35220087,40221,133504,173725
35220088,200752,4246,204998
35220089,55849,7196,63045
35220090,0,326,326
35220091,0,1274103,1274103
35220092,0,4699,4699
35220093,44400,9800,54200
35220094,38000,12444,50444
35220095,56673,13502,70175
35220096,15000,825,15825
35220097,36640,660,37300
35220098,39843,1406,41249
35220099,368576,328448,697024
35220100,58771,0,58771
35220101,83312,781,84093
35220102,62715,48439,111154
35220103,4666,478,5144
35220104,0,0,0
35220105,83000,567,83567
35220106,0,1143,1143
35220107,15917,206733,222650
35220108,0,219786,219786
35220109,0,3177,3177
35220111,277962,213675,491637
35220112,2343,2712,5055
35220113,96549,14056,110605
35220114,53990,120,54110
35220115,0,2463,2463
35220116,27602,235,27837
35220117,0,1638,1638
35220118,63116,9605,72721
35220121,165300,8415,173715
35220122,44406,239608,284014
35220123,0,448580,448580
35220124,24415,262494,286909
35220125,0,2,2
35220126,57500,95266,152766
35220127,57324,9488,66812
35220128,181500,122807,304307
35220129,231091,26263,257354
35220130,0,139,139
35220131,62152,51471,113623
35220133,14000,341,14341
35220134,108466,63479,171945
35220137,31500,94819,126319
35220139,0,374,374
35220140,19200,168194,187394
35220141,0,1112,1112
35220142,25500,731,26231
35220143,0,743,743
35220146,231499,1217,232716
35220148,215449,0,215449
35220149,58623,2010,60633
35220150,31300,376,31676
35220151,25000,6237,31237
35220152,0,673413,673413
35220153,10056,104774,114830
35220154,0,5578,5578
35220155,125676,2095,127771
35220156,0,25987,25987
35220157,72000,80619,152619
35220158,48640,64084,112724
35220159,0,1477,1477
35220161,32928,147191,180119
35220162,2685,0,2685
35220164,12000,706,12706
35220165,50000,269207,319207
35220166,38000,23716,61716
35220167,0,276853,276853
35220169,0,544,544
35220171,0,55646,55646
35220172,0,300,300
35220173,0,0,0
35220175,40000,37754,77754
35220177,30000,167196,197196
35220178,0,1547,1547
35220179,11000,49105,60105
35220180,0,515,515
35220181,51525,10806,62331
35220183,2958,0,2958
35220184,0,3663,3663
35220185,45000,1506,46506
35220186,60533,53205,113738
35220187,20000,542,20542
35220188,0,1600,1600
35220189,84000,15954,99954
35220190,10000,10540,20540
35220191,30000,24887,54887
35220192,27870,29038,56908
35220194,50000,42758,92758
35220196,26921,18959,45880
35220197,2000,184,2184
35220198,11455,3591,15046
35220199,25035,26419,51454
35220200,38771,503,39274
35220201,63470,46642,110112
35220202,30000,2805,32805
35220204,51286,41953,93239
35220205,0,50237,50237
35220206,39990,3593,43583
35220207,69439,43601,113040
35220208,14042,1365,15407
35220209,5814,0,5814
35220210,0,377778,377778
35220212,30808,33149,63957
35220213,76770,6866,83636
35220214,0,0,0
35220215,27678,796,28474
35220216,0,23051,23051
35220217,55000,16635,71635
35220220,3708,0,3708
35220221,20000,25275,45275
35220222,0,1095,1095
35220223,30580,8701,39281
35220225,32731,11575,44306
35220227,15000,10802,25802
35220229,36000,191905,227905
35220230,17587,66189,83776
35220231,1566,62964,64530
35220235,0,376,376
35220236,0,1086,1086
35220238,16494,15600,32094
35220239,0,420,420
35220240,25851,66207,92058
35220241,141222,39062,180284
35220242,12207,34,12241
35220243,35000,165413,200413
35220244,43310,39670,82980
35220247,0,30387,30387
35220248,4800,582,5382
35220249,0,283,283
35220251,82237,15932,98169
35220252,0,999,999
35220253,12880,1005,13885
35220255,161832,154471,316303
35220256,0,2012,2012
35220257,60500,942,61442
35220259,39000,9595,48595
35220261,25350,13001,38351
35220265,176365,302946,479311
35220266,0,1182,1182
35220267,85700,1674,87374
35220268,69662,0,69662
35220269,50000,3242,53242
35220271,50000,7945,57945
35220272,48283,55242,103525
35220275,2980,613,3593
35220276,190000,104357,294357
35220280,0,1280,1280
35220282,264000,181871,445871
35220283,6000,1038,7038
35220285,54892,10169,65061
35220287,0,2992,2992
35220289,0,0,0
35220290,15348,23623,38971
35220291,0,223,223
35220293,0,134227,134227
35220295,61148,39828,100976
35220297,0,91,91
35220298,70800,138352,209152
35220299,0,0,0
35220300,56639,24000,80639
35220302,58000,39824,97824
35220303,13628,44141,57769
35220304,0,718,718
35220306,0,61,61
35220307,125485,14543,140028
35220308,40000,93759,133759
35220309,59160,54351,113511
35220312,47500,8665,56165
35220314,29250,35,29285
35220315,31402,15271,46673
35220316,1200,205,1405
35220318,5000,547128,552128
35220320,22617,35990,58607
35220321,78000,737,78737
35220322,8000,1449,9449
35220325,10699,46356,57055
35220327,22000,216678,238678
35220333,13600,71,13671
35220334,88578,20400,108978
35220336,108275,101992,210267
35220339,8700,91,8791
35220346,3526,985,4511
35220347,0,1264,1264
35220348,16888,3014,19902
35220349,2486,19690,22176
35220350,0,0,556
35220351,22335,1499,23834
35220352,44300,74,44374
35220353,16935,0,16935
35220354,4232,738,4970
35220355,45000,1239,46239
35220356,5095,0,5095
35220357,55000,490,55490
35220358,40000,40682,80682
35220359,27243,4410,31653
35220360,5430,88392,93822
35220362,190000,574,190574
35220363,49644,38764,88408
35220364,5608,1601,7209
35220365,27000,23930,50930
35220366,25318,0,25318
35220367,34064,16698,50762
35220368,57108,4664,61772
35220369,43421,83014,126435
35220370,0,63999,63999
35220372,38088,0,38088
35220374,0,0,0
35220379,107818,70318,178136
35220380,29504,115234,144738
35220384,3100,42167,45267
35220386,503834,148171,652005
35220387,0,6159,6159
35220388,131016,22277,153293
35220396,62861,213886,276747
35220403,2000,12549,14549
35220404,338000,781,338781
35220406,58991,223631,282622
35220409,217150,210091,427241
35220410,50000,97364,147364
35220412,45000,12683,57683
35220413,55000,108870,163870
35220414,100000,208788,308788
35220415,15000,6135,21135
35220416,33000,2524,35524
35220419,41529,24140,65669
35220422,37044,52274,89318
35220424,38715,34992,73707
35220425,0,9971,9971
35220426,8800,58112,66912
35220427,11000,26208,37208
35220428,25000,18920,43920
35220429,13500,40054,53554
35220430,27000,84144,111144
35220431,38500,25088,63588
35220432,50000,58244,108244
35220433,47000,53952,100952
35220434,28068,11476,39544
35220436,26758,24672,51430
35220437,0,84615,84615
35220438,10000,105096,115096
35220439,51000,8776,59776
35220440,14000,257962,271962
35220441,26500,38383,64883
35220442,15303,23930,39233
35220443,0,23122,23122
35220444,25085,0,25085
35220445,11035,53467,64502
35220446,155000,515,155515
35220447,0,245,245
35220449,13352,91081,104433
35220457,0,0,0
35220462,0,0,0
35220476,0,0,0
35220482,0,0,0
35220493,0,0,0
35220497,0,0,0
35220500,0,0,0
35220501,0,0,0
35220505,0,0,0
35220509,0,0,0
35220513,0,0,0
35220514,0,0,0
35220523,0,0,0
35220524,0,0,0
35220532,0,311,311
35220533,48306,90121,138427
35220534,0,1586,1586
35220537,0,339,339
35220539,0,1452,1452
35220540,19913,236920,256833
35220542,77306,130005,207311
35220543,0,306,306
35220544,0,294,294
35220545,4000,660,4660
35220546,199557,64446,264003
35220547,87370,61489,148859
35220548,14335,18009,32344
35220550,0,1031,1031
35220551,49310,76981,126291
35220552,6000,84647,90647
35220553,50000,201213,251213
35220554,44158,152759,196917
35220555,20000,37253,57253
35220556,0,464,464
35220557,54995,512,55507
35220558,11808,16800,28608
35220559,0,154,154
35220560,0,0,0
35220561,1500,7,1507
35220562,21041,1945,22986
35220563,55000,12881,67881
35220564,2035,837,2872
35220565,135602,96140,231742
35220566,65452,11521,76973
35220567,41800,2008917,2050717
35220569,118251,79652,197903
35220571,10700,9,10709
35220572,109748,0,109748
35220574,6511,8479,14990
35220578,2223,977,3200
35220579,20293,3330,23623
35220580,0,2343,2343
35220581,300000,314585,614585
35220583,149034,37,149071
35220584,5240,0,5240
35220585,200900,326,201226
35220586,15211,0,15211
35220587,7000,614,7614
35220588,0,754,754
35220589,28000,103107,131107
35220591,182565,99991,282556
35220592,39301,28786,68087
35220593,23779,373,24152
35220594,15500,61964,77464
35220597,134414,587,135001
35220599,290,2961,3251
35220600,19818,115,19933
35220601,0,100,100
35220602,0,3777,3777
35220603,110710,32345,143055
35220606,37699,151273,188972
35220607,4800,1179,5979
35220608,0,594,594
35220609,121586,94294,215880
35220610,321868,55246,377114
35220611,0,10610,10610
35220612,71347,110013,181360
35220613,216093,32687,248780
35220614,57588,56678,114266
35220615,0,490,490
35220616,36892,23964,60856
35220617,2000,885,2885
35220619,3200,382,3582
35220620,0,81,81
35220621,60015,236164,296179
35220622,52686,1464,54150
35220623,0,250,250
35220625,21568,798,22366
35220626,0,3639,3639
35220627,154006,59062,213068
35220628,11712,12248,23960
35220630,42280,596,42876
35220631,0,230208,230208
35220632,437,244511,244948
35220633,0,0,0
35220634,53180,561785,614965
35220635,288000,520,288520
35220636,127006,731,127737
35220637,72861,85268,158129
35220638,11336,0,11336
35220639,55066,316997,372063
35220640,0,743,743
35220641,26823,46144,72967
35220642,16000,301,16301
35220644,85990,4499,90489
35220645,13613,3113,16726
35220648,25344,16707,42051
35220649,32354,22929,55283
35220650,110140,54910,165050
35220651,56394,149639,206033
35220652,25577,4949,30526
35220653,76057,16782,92839
35220654,36529,20215,56744
35220655,61039,1781,62820
35220656,0,108,108
35220657,0,896,896
35220660,87139,6304,93443
35220666,0,754,754
35220667,44560,23850,68410
35220668,7212,39995,47207
35220669,71400,143268,214668
35220671,0,473,473
35220672,0,0,0
35220674,0,1136,1136
35220676,104484,185455,289939
35220677,200000,48990,248990
35220679,57294,13854,71148
35220681,28000,1591,29591
35220682,7890,74259,82149
35220684,0,0,0
35220687,13655,23452,37107
35220688,22000,4527,26527
35220689,0,195,195
35410008,155776,5424,161200
35410009,171000,0,171000
35410010,300000,9000,309000
35410013,309000,16,309016
35410029,124077,583045,707122
35410030,618107,235828,853935
35410031,230000,19613,249613
35410032,1125781,1457,1127238
35410038,0,935,935
35410040,418171,33724,451895
35410041,407957,0,407957
35410042,250289,36699,286988
35410044,0,0,0
35410048,110766,645,111411
35410049,145780,35211,180991
35410050,90000,10205,100205
35410076,100000,58453,158453
35410077,125000,258995,383995
35410078,89500,46243,135743
35410080,379194,10971,390165
35410081,156553,144101,300654
35410082,420000,67070,487070
35410083,120000,163980,283980
35410084,194000,991,194991
35410085,161457,1000,162457
35410087,480000,253000,733000
35410123,17295,32705,50000
35410124,50521,99291,149812
35410125,120000,6017,126017
35410127,337000,561,337561
35410128,110000,972,110972
35410130,57000,528,57528
35410133,60600,2000,62600
35410135,38505,51037,89542
35410151,70000,2440,72440
35410152,45000,15944,60944
35410156,35000,20457,55457
35410158,71000,478,71478
35410160,180780,3106,183886
35410161,55000,13517,68517
35410163,44000,624,44624
35410164,20000,201749,221749
35410165,48000,987,48987
35410166,122500,353108,475608
35410167,55330,74853,130183
35410168,0,105379,105379
35410169,0,0,0
35410173,30000,629,30629
35410176,6000,30610,36610
35410177,30000,12840,42840
35410180,28900,100,29000
35410181,45000,3633,48633
35410182,33000,596,33596
35410184,42000,6832,48832
35410186,35000,58270,93270
35410187,50000,21570,71570
35410188,50290,224638,274928
35410189,18000,5142,23142
35410190,30000,171425,201425
35410191,150280,38989,189269
35410193,80000,8512,88512
35410194,45000,38112,83112
35410196,60000,16033,76033
35410197,90000,22334,112334
35410198,0,0,0
35410200,35000,736,35736
35410202,32500,1610,34110
35410204,35000,48743,83743
35410205,26000,45730,71730
35410367,52000,5527,57527
35410370,72476,144598,217074
35410371,0,111286,111286
35410372,113000,2000,115000
35410374,103800,4300,108100
35410437,35000,828,35828
35410456,45309,17600,62909
35410458,175000,29499,204499
35410459,68012,3863,71875
35410460,141700,300,142000
35410461,141600,91914,233514
35410464,131000,1357,132357
35410465,40000,988,40988
35410467,79015,12813,91828
35410468,20000,70892,90892
35410471,205200,19886,225086
35410474,168195,42164,210359
35410475,0,46046,46046
35410476,70000,6123,76123
35410481,0,0,0
35410482,64000,1288,65288
35410483,21000,12034,33034
35410484,41000,738,41738
35410486,74430,37707,112137
35410487,5750,98048,103798
35410488,35212,1447,36659
35410489,250000,1643,251643
35410490,110000,11228,121228
35410493,135360,5907,141267
35410494,127000,51016,178016
35410501,40000,14,40014
35410503,141500,500,142000
35410559,86000,236,86236
35410560,55200,1906,57106
35410573,58032,11917,69949
35410575,63580,636,64216
35410577,72008,22996,95004
35410578,85000,3230,88230
35410595,32000,110,32110
35410693,10000,149000,159000
35410694,245843,2860,248703
35410695,36592,80000,116592
35410700,0,0,0
35410702,0,0,0
35410705,30000,18782,48782
35410706,35000,1357,36357
35410707,0,0,0
35410708,0,0,0
35410772,60000,39075,99075
35410773,40000,10225,50225
35410807,0,0,0
35410809,0,0,0
35410819,107400,677300,784700
35410822,38000,1991,39991
35410823,30000,1000,31000
35410824,50728,0,50728
35420003,118000,2925,120925
35420005,722981,559077,1282058
35420011,70000,3546,73546
35420012,369689,496,370185
35420014,0,200,200
35420015,134976,545,135521
35420016,191380,34568,225948
35420017,104000,778,104778
35420018,260000,44801,304801
35420019,363500,1607,365107
35420020,199344,64258,263602
35420027,49748,252,50000
35420028,0,0,0
35420033,30000,7972,37972
35420034,155000,1000,156000
35420035,72000,14267,86267
35420039,111000,1900,112900
35420045,71000,17000,88000
35420047,0,0,0
35420051,71500,2318,73818
35420052,203864,16027,219891
35420054,80000,285258,365258
35420055,130000,1510,131510
35420056,140701,6000,146701
35420058,90000,1616,91616
35420059,62000,591,62591
35420060,264000,5334,269334
35420061,0,114166,114166
35420062,50000,49387,99387
35420063,56000,60312,116312
35420064,145000,3164,148164
35420065,0,0,0
35420066,70000,173068,243068
35420067,40092,32064,72156
35420068,0,0,0
35420079,0,185440,185440
35420086,52000,140274,192274
35420088,402000,1137,403137
35420089,260768,27607,288375
35420090,258000,387882,645882
35420091,0,0,0
35420092,157153,1155,158308
35420093,90000,4400,94400
35420095,212709,77410,290119
35420096,150000,102851,252851
35420097,45170,52159,97329
35420110,250350,6308,256658
35420111,80700,1359,82059
35420112,150000,171431,321431
35420113,80000,98000,178000
35420114,0,0,0
35420115,0,0,0
35420116,54000,47307,101307
35420117,60000,21555,81555
35420118,40000,16209,56209
35420137,58000,885,58885
35420138,44500,59329,103829
35420140,26700,610,27310
35420142,117000,115500,232500
35420145,48870,4795,53665
35420147,73000,5055,78055
35420153,0,0,0
35420154,59500,186,59686
35420170,22500,19900,42400
35420185,24000,477,24477
35420208,60000,112736,172736
35420209,95300,289584,384884
35420210,42000,32295,74295
35420211,68525,4321,72846
35420212,280000,171263,451263
35420213,100000,106371,206371
35420214,119000,870,119870
35420216,105000,923,105923
35420224,35100,89,35189
35420228,34000,1442,35442
35420229,0,0,0
35420231,26000,24000,50000
35420233,58000,1057,59057
35420235,3000,20807,23807
35420237,49000,1875,50875
35420238,70000,48762,118762
35420239,0,42241,42241
35420240,100000,328177,428177
35420242,45871,8585,54456
35420243,0,51211,51211
35420244,22000,1185,23185
35420245,49200,135624,184824
35420246,0,232739,232739
35420248,96580,95149,191729
35420249,45435,21271,66706
35420250,170000,42408,212408
35420251,88000,142,88142
35420253,75000,46871,121871
35420255,70000,78793,148793
35420257,0,398206,398206
35420260,0,85039,85039
35420262,50000,70185,120185
35420263,30000,139647,169647
35420266,0,0,0
35420267,50000,4971,54971
35420268,90500,211,90711
35420270,46000,1787,47787
35420273,0,85933,85933
35420276,65000,691,65691
35420277,55000,2539,57539
35420279,50000,23775,73775
35420280,27000,1164,28164
35420281,50000,2939,52939
35420283,100000,44245,144245
35420284,45000,10895,55895
35420286,64000,712,64712
35420287,140000,135649,275649
35420288,0,0,0
35420289,80000,3511,83511
35420291,56000,103862,159862
35420292,55000,157370,212370
35420293,85000,193695,278695
35420294,35000,98028,133028
35420296,110000,2084,112084
35420297,40000,171125,211125
35420303,0,0,0
35420306,55000,66157,121157
35420307,40000,30576,70576
35420308,60000,29018,89018
35420309,0,29653,29653
35420310,19700,51050,70750
35420311,0,0,0
35420313,155000,55653,210653
35420314,35000,40505,75505
35420316,57000,32245,89245
35420317,50000,104045,154045
35420318,125000,29407,154407
35420319,91500,15954,107454
35420323,0,206128,206128
35420325,0,0,0
35420328,47000,165766,212766
35420330,0,0,0
35420334,55125,173732,228857
35420338,0,0,0
35420339,0,0,0
35420340,98000,28201,126201
35420341,48000,21000,69000
35420348,16000,5000,21000
35420349,25500,17230,42730
35420353,55000,94533,149533
35420354,110000,65386,175386
35420450,120000,175533,295533
35420454,0,0,0
35420478,30000,100636,130636
35420480,168584,77513,246097
35420485,0,66454,66454
35420499,125300,79708,205008
35420502,71000,41844,112844
35420508,76400,1677,78077
35420516,247548,429923,677471
35420517,136160,92285,228445
35420518,40000,1501,41501
35420519,88160,232298,320458
35420522,26000,1000,27000
35420523,83000,1008,84008
35420525,149702,15474,165176
35420527,65676,16000,81676
35420528,130633,2630,133263
35420536,136000,519,136519
35420541,48985,692,49677
35420542,180698,228846,409544
35420544,33000,342,33342
35420545,139500,1381,140881
35420546,268031,723,268754
35420548,40000,4918,44918
35420549,140000,135562,275562
35420550,97600,553,98153
35420551,100000,57000,157000
35420552,85000,3833,88833
35420553,19000,912,19912
35420554,36000,96318,132318
35420555,61533,40000,101533
35420636,118000,679,118679
35420638,0,0,0
35420639,0,0,0
35420640,100000,276789,376789
35420641,150000,62041,212041
35420642,178000,161733,339733
35420643,0,0,0
35420644,90000,420,90420
35420645,27056,495,27551
35420646,195000,43100,238100
35420647,25000,2351,27351
35420648,0,0,0
35420652,65000,2610,67610
35420655,30000,52399,82399
35420656,0,0,0
35420660,125000,3193,128193
35420662,30000,50250,80250
35420664,280000,97586,377586
35420666,100000,600,100600
35420667,0,78659,78659
35420669,39000,585,39585
35420671,0,0,0
35420673,0,93399,93399
35420674,100000,898,100898
35420675,40000,99915,139915
35420676,40000,55306,95306
35420678,0,0,0
35420679,62500,2190,64690
35420680,0,50949,50949
35420681,0,0,0
35420682,0,0,0
35420683,116000,35003,151003
35420685,70000,3691,73691
35420688,106000,285,106285
35420691,0,0,0
35420697,5000,29785,34785
35420709,176690,51800,228490
35420716,83000,10341,93341
35420719,37000,50210,87210
35420721,58000,7989,65989
35420722,35000,8325,43325
35420730,30000,1462,31462
35420733,0,132637,132637
35420735,90000,171739,261739
35420767,0,0,0
35420770,317666,175000,492666
35420771,55841,149256,205097
35420772,90000,7492,97492
35420773,16426,35567,51993
35420797,0,71777,71777
35420799,40500,239,40739
35420801,100000,10122,110122
35420802,100000,55719,155719
35420804,163000,20730,183730
35420810,51000,277773,328773
35420811,22000,800,22800
35420812,30000,2647,32647
35420816,49000,965,49965
35420817,0,0,0
35420821,87000,24607,111607
35420822,80000,8236,88236
35420824,66655,6976,73631
35420825,0,0,0
35430002,89456,383026,472482
35430005,333000,142,333142
35430007,22991,27009,50000
35430008,1362000,100903,1462903
35430013,244416,0,244416
35430014,89000,664,89664
35430015,70000,18563,88563
35430016,109655,7174,116829
35430017,0,339282,339282
35430018,307000,343,307343
35430019,510773,6112,516885
35430020,0,69437,69437
35430021,87000,0,87000
35430022,299578,22299,321877
35430024,0,0,500
35430025,147000,57555,204555
35430026,245809,286,246095
35430028,157323,280743,438066
35430034,135133,650,135783
35430035,99000,1731,100731
35430039,495000,1194,496194
35430040,129225,321960,451185
35430043,0,0,0
35430045,162849,268151,431000
35430046,307440,968,308408
35430047,225350,255,225605
35430048,131778,76926,208704
35430049,0,0,0
35430051,100000,86482,186482
35430052,166384,2479,168863
35430053,133115,29462,162577
35430064,0,146000,146000
35430080,101708,3459,105167
35430084,431449,38203,469652
35430087,303570,34,303604
35430094,0,0,0
35430096,595851,1611221,2207072
35430097,98476,869,99345
35430099,340252,25958,366210
35430105,363874,1,363875
35430111,38000,3701,41701
35430112,208000,117,208117
35430114,32000,258541,290541
35430116,197601,234545,432146
35430117,58758,415,59173
35430119,121396,61427,182823
35430122,75000,145623,220623
35430125,200000,216256,416256
35430126,60000,3712,63712
35430128,45000,130945,175945
35430132,190000,1717,191717
35430133,0,0,59330
35430134,0,0,0
35430135,0,0,0
35430138,70000,113919,183919
35430139,300000,7056,307056
35430140,108290,1167,109457
35430141,28000,12276,40276
35430143,168679,144536,313215
35430144,60000,25424,85424
35430145,200000,47380,247380
35430146,141187,0,141187
35430168,0,332846,332846
35430169,50000,95000,145000
35430171,50000,163627,213627
35430172,18400,22415,40815
35430173,52274,39000,91274
35430174,324600,64608,389208
35430175,11839,282537,294376
35430177,190000,373085,563085
35430180,187000,0,187000
35430181,171000,36795,207795
35430183,0,0,0
35430186,195000,1000,196000
35430187,0,0,0
35430188,60000,38426,98426
35430189,96000,151,96151
35430190,0,0,0
35430191,190000,342399,532399
35430192,30000,63753,93753
35430195,0,0,0
35430196,116300,85131,201431
35430199,217000,53715,270715
35430204,120000,113708,233708
35430206,174400,57,174457
35430210,285400,506,285906
35430211,0,0,0
35430220,32000,60719,92719
35430222,97000,326,97326
35430227,65280,822,66102
35430229,330615,108795,439410
35430232,50000,367153,417153
35430233,201923,218240,420163
35430234,180000,20336,200336
35430235,307000,791,307791
35430236,96000,239,96239
35430238,48376,264769,313145
35430240,75000,53546,128546
35430241,141575,756,142331
35430244,91639,2000,93639
35430245,277430,160357,437787
35430246,37000,557,37557
35430247,50000,21498,71498
35430269,120000,47776,167776
35430271,27000,9310,36310
35430273,90000,8072,98072
35430274,64928,72,65000
35430276,251800,1480,253280
35430277,94000,398,94398
35430278,35510,16151,51661
35430280,74000,151,74151
35430281,165000,1175,166175
35430284,90000,809,90809
35430285,55200,92313,147513
35430286,84361,800,85161
35430287,36000,223,36223
35430288,120000,130000,250000
35430289,48616,251,48867
35430292,60000,10000,70000
35430293,50000,8397,58397
35430294,46000,743,46743
35430295,19845,1784,21629
35430299,17967,21476,39443
35430302,100000,3136,103136
35430304,77290,13926,91216
35430305,0,0,0
35430306,50000,93105,143105
35430307,82638,49061,131699
35430309,21200,15632,36832
35430311,134000,76000,210000
35430312,37000,37075,74075
35430314,0,0,0
35430315,60000,6383,66383
35430316,23000,5379,28379
35430317,129000,7033,136033
35430319,65539,265,65804
35430320,67000,428,67428
35430322,64000,698,64698
35430323,38729,0,38729
35430325,35100,12900,48000
35430326,203895,1000,204895
35430329,150329,48000,198329
35430332,0,0,0
35430333,20000,535,20535
35430334,120000,235460,355460
35430335,163160,28930,192090
35430337,49000,1187,50187
35430339,43500,7244,50744
35430340,69392,151255,220647
35430341,19000,455,19455
35430343,0,23693,23693
35430344,0,0,0
35430345,0,0,0
35430346,28000,1312,29312
35430348,0,0,586
35430350,80000,64116,144116
35430351,35000,74058,109058
35430352,175000,7227,182227
35430353,62589,1836,64425
35430377,78000,24453,102453
35430378,0,0,249
35430380,30000,7000,37000
35430382,18000,309,18309
35430384,32000,63081,95081
35430387,0,29090,29090
35430388,22341,457,22798
35430389,13610,21186,34796
35430390,0,132000,132000
35430392,41493,433,41926
35430393,52000,0,52000
35430395,110000,48243,158243
35430396,40000,12359,52359
35430398,19500,132,19632
35430399,75000,14612,89612
35430401,49414,2852,52266
35430402,42000,776,42776
35430403,87837,0,87837
35430409,0,0,0
35430410,40000,52869,92869
35430416,24000,45300,69300
35430438,38000,572,38572
35430439,24000,845,24845
35430440,0,0,0
35430441,0,0,0
35430442,30000,20599,50599
35430445,0,0,0
35430446,20000,251,20251
35430447,100000,28754,128754
35430448,44000,389,44389
35430455,200000,96924,296924
35430457,30000,4288,34288
35430458,0,0,0
35430459,20000,7950,27950
35430461,0,0,0
35430462,25964,47000,72964
35430463,23000,148,23148
35430464,0,0,0
35430465,0,0,625
35430466,0,0,0
35430467,200870,220301,421171
35430468,95500,171089,266589
35430469,82000,66264,148264
35430471,33000,328,33328
35430480,75982,145433,221415
35430482,42000,3,42003
35430483,87150,161,87311
35430485,40884,38417,79301
35430488,99570,78017,177587
35430489,43000,807,43807
35430490,65000,11189,76189
35430491,36000,3658,39658
35430492,100000,17809,117809
35430494,62184,253650,315834
35430495,93000,78861,171861
35430496,40250,10205,50455
35430497,45000,107554,152554
35430498,10000,132148,142148
35430499,95989,2912,98901
35430501,63600,33233,96833
35430502,0,319079,319079
35430503,86170,11201,97371
35430504,10000,20381,30381
35430505,65500,24079,89579
35430507,75000,566,75566
35430508,60000,103255,163255
35430509,70686,253078,323764
35430510,76000,1255,77255
35430511,85000,43477,128477
35430514,40000,1247,41247
35430517,12454,57838,70292
35430522,0,615,615
35430524,80290,53466,133756
35430525,125000,377,125377
35430526,38693,1588,40281
35430530,93000,21492,114492
35430531,17000,5000,22000
35430532,27000,25867,52867
35430533,11000,16491,27491
35430536,23000,731,23731
35430537,20000,8088,28088
35430538,0,0,0
35430541,86622,14102,100724
35430542,45000,36032,81032
35430544,28000,318,28318
35430547,56000,585,56585
35430550,35939,0,35939
35430552,0,0,0
35430555,22000,498,22498
35430556,50000,45127,95127
35430558,0,3200,3200
35430559,20000,16903,36903
35430560,35000,4242,39242
35430561,29000,628,29628
35430562,100000,134685,234685
35430563,24500,457,24957
35430564,20700,6081,26781
35430566,50000,24048,74048
35430567,55000,21224,76224
35430568,90000,24390,114390
35430570,59500,32,59532
35430573,0,0,0
35430575,125580,194687,320267
35430577,30508,1070,31578
35430579,31523,10582,42105
35430580,84000,2810,86810
35430581,25000,1650,26650
35430585,0,0,0
35430587,48000,710,48710
35430715,0,0,0
35430718,176000,993,176993
35430719,0,0,0
35430723,82500,174453,256953
35430724,65744,6800,72544
35430725,0,3617,3617
35430730,45000,4654,49654
35430731,103397,1000,104397
35430734,40437,24874,65311
35430735,0,25834,25834
35430736,20000,102750,122750
35430737,50000,81824,131824
35430739,78535,1754,80289
35430740,35564,14990,50554
35430741,46000,804,46804
35430744,53818,0,53818
35430745,53500,3114,56614
35430748,20000,19492,39492
35430749,49000,35594,84594
35430750,34500,19600,54100
35430751,0,0,0
35430752,0,110000,110000
35430755,20000,7958,27958
35430756,0,0,0
35430757,76375,3150,79525
35430758,45842,16519,62361
35430759,17000,5063,22063
35430760,10000,24000,34000
35430771,80000,483,80483
35430772,76000,854,76854
35430773,41209,50,41259
35430774,0,38377,38377
35430775,74535,59748,134283
35430778,67000,345,67345
35430779,17433,1112,18545
35430780,0,0,0
35430781,39243,5570,44813
35430782,50000,80690,130690
35430783,10000,61210,71210
35430784,10179,65821,76000
35430787,19774,32,19806
35430788,73000,903,73903
35430789,40000,20540,60540
35430791,90000,3492,93492
35430792,31204,102196,133400
35430795,75000,0,75000
35430796,54032,0,54032
35430797,55000,5000,60000
35430798,0,0,125951
35430800,310000,53142,363142
35430802,0,0,0
35430803,0,0,0
35430804,20800,500,21300
35430805,38000,20240,58240
35430806,22000,4595,26595
35430807,86600,73405,160005
35430808,48000,25000,73000
35430822,0,0,135000
35430823,0,0,24674
35430824,31500,342,31842
35430826,20000,500,20500
35430827,62000,24642,86642
35430831,135841,34381,170222
35430832,40000,25453,65453
35430833,24000,24000,48000
35430834,46000,7000,53000
35430836,50000,438,50438
35430838,15000,4300,19300
35430839,43070,76084,119154
35430859,45000,109666,154666
35430862,0,0,0
35430871,0,0,0
35430872,0,0,0
35430874,0,0,0
35430879,30724,6000,36724
35430890,0,0,0
35430891,30000,849,30849
35430892,50000,29364,79364
35430893,0,0,0
35430904,7500,33697,41197
35430907,31000,1263,32263
35430914,87100,15000,102100
35430925,60000,535,60535
35430926,41946,0,41946
35430932,18212,37634,55846
35430936,6500,21579,28079
35430940,35000,1681,36681
35430943,29000,87115,116115
35430946,65000,11304,76304
35430947,48000,37034,85034
35430948,120000,51517,171517
35430949,24000,97679,121679
35430950,26575,33207,59782
35430952,64759,15000,79759
35430953,74000,33938,107938
35430954,76440,6361,82801
35430955,53000,127249,180249
35430959,75116,0,75116
35430963,25000,1201,26201
35430964,60000,1101,61101
35430966,25375,20053,45428
35430972,0,0,0
35430974,0,60042,60042
35430975,0,0,0
35430977,0,370484,370484
35430978,0,0,0
35430981,50000,250654,300654
35430982,50000,159,50159
35430984,58320,15680,74000
35430987,0,0,0
35430988,45000,3243,48243
35430990,25000,7459,32459
35430991,120290,71134,191424
35430992,15000,37498,52498
35430993,0,0,0
35430994,26000,765,26765
35430996,140873,18888,159761
35430997,73000,138,73138
35430999,0,0,0
35431004,69000,338,69338
35431006,163000,928,163928
35431008,96000,27500,123500
35431009,61000,425,61425
35431010,128000,262990,390990
35431011,0,0,0
35431012,0,39000,39000
35431013,0,47331,47331
35431015,48989,0,48989
35431017,54000,476,54476
35431018,0,0,0
35431068,20000,42179,62179
35431076,0,0,0
35431079,50100,243,50343
35431080,0,0,0
35431082,0,0,0
35431084,0,0,0
35431089,0,0,0
35431091,0,0,0
35431092,69000,265,69265
35431097,0,0,0
35431104,0,0,0
35431105,30095,20724,50819
35431106,56000,580,56580
35431113,17000,4246,21246
35431116,2000,146768,148768
35431117,0,0,0
35431121,80900,51312,132212
35431122,89400,27477,116877
35431123,125000,6298,131298
35431125,50000,12760,62760
35431126,15000,17223,32223
35431127,90000,1064,91064
35431128,0,0,0
35431129,0,0,0
35431143,532664,1355655,1888319
35431144,611600,1488,613088
35431145,144789,93381,238170
35431146,123000,274,123274
35431147,313000,4516,317516
35431148,0,0,0
35431149,0,0,0
35431151,78000,52000,130000
35431152,358500,495,358995
35431153,0,594,594
35431155,0,0,0
35431156,0,0,0
35431157,77794,57535,135329
35431158,50000,0,50000
35431159,100000,2553,102553
35431160,79302,5500,84802
35431161,0,0,0
35431162,197000,2577,199577
35431166,188684,94770,283454
35431168,240000,29232,269232
35431173,0,1400,1400
35431175,23000,0,23000
35431200,23000,662,23662
35431205,87000,747,87747
35431208,0,0,0
35431210,17600,0,17600
35431213,15000,38000,53000
35431217,150000,15004,165004
35431221,43000,45358,88358
35431222,74000,543,74543
35431223,0,300,300
35431224,5000,61990,66990
35431225,28627,94271,122898
35431245,134000,1213,135213
35431246,63000,0,63000
35431247,43500,15966,59466
35431251,36000,19000,55000
35431252,18000,21710,39710
35431254,50000,60000,110000
35431255,70000,11334,81334
35431256,59212,1504,60716
35431258,56006,15000,71006
35431260,17500,49900,67400
35431261,58000,554,58554
35431262,10500,149467,159967
35431268,0,0,0
35431271,90740,3214,93954
35431278,53800,65484,119284
35431279,40000,74491,114491
35431280,62000,54889,116889
35431282,57881,520379,578260
35431284,0,46522,46522
35431286,339965,2000,341965
35431296,0,0,0
35431297,17060,2632,19692
35440006,234163,1479084,1713247
35440007,30000,139726,169726
35440021,72266,1734,74000
35440024,160744,591948,752692
35440025,99000,1000,100000
35440026,98600,35000,133600
35440037,130000,486814,616814
35440070,10000,11442,21442
35440071,50000,609,50609
35440072,56904,20833,77737
35440073,104497,0,104497
35440074,52413,51616,104029
35440075,27000,953,27953
35440099,135000,4975,139975
35440100,89000,805,89805
35440101,5000,6000,11000
35440103,100000,13345,113345
35440104,25000,28881,53881
35440105,35000,19523,54523
35440106,130000,82345,212345
35440107,75000,40593,115593
35440108,110000,2392,112392
35440365,23200,26447,49647
35440366,73439,508,73947
35440375,40000,76442,116442
35440376,110000,3621,113621
35440378,120000,173906,293906
35440379,0,776,776
35440380,35283,62843,98126
35440382,0,66151,66151
35440383,0,15417,15417
35440384,34000,302,34302
35440385,50740,93886,144626
35440397,114000,80713,194713
35440400,95000,5133,100133
35440402,37134,200,37334
35440403,45000,43269,88269
35440404,12094,26621,38715
35440405,44807,60818,105625
35440411,90000,145444,235444
35440412,65000,47017,112017
35440414,20000,67000,87000
35440418,14700,27275,41975
35440419,35000,42732,77732
35440420,50000,19701,69701
35440424,44000,8402,52402
35440427,60360,165524,225884
35440428,48500,33297,81797
35440429,38000,1050,39050
35440433,0,165513,165513
35440440,40000,54026,94026
35440441,135000,124254,259254
35440444,175,24371,24546
35440495,50000,20605,70605
35440496,30000,19505,49505
35440497,22000,4738,26738
35440543,70000,74464,144464
35440562,0,76888,76888
35440563,67000,8367,75367
35440565,26000,19541,45541
35440567,57000,30593,87593
35440569,0,0,130308
35440572,12000,16900,28900
35440574,0,0,0
35440576,80000,1379,81379
35440579,27000,1244,28244
35440583,25000,24150,49150
35440588,26000,1766,27766
35440590,8,1292,1300
35440591,36000,30928,66928
35440594,38000,1267,39267
35440596,100000,38547,138547
35440597,119170,99281,218451
35440601,140600,31890,172490
35440605,35000,968,35968
35440608,27000,745,27745
35440614,50000,1843,51843
35440623,25000,200,25200
35440630,0,0,0
35440632,0,0,0
35440739,0,0,0
35440742,20000,26181,46181
35440755,0,0,0
35440758,12000,45000,57000
35440760,22676,6555,29231
35440774,50000,14686,64686
35440781,40000,10612,50612
35441013,0,0,0
35441014,0,0,0
35451284,32000,0,32000
35451285,0,27566,27566
35451286,11694,11224,22918
35610001,0,3847,3847
35610002,0,1059,1059
35610003,497950,31686,529636
35610004,27588,5509,33097
35610005,0,3456,3456
35610006,0,917,917
35610007,0,3993,3993
35610008,103469,176120,279589
35610009,349000,234122,583122
35610010,170490,0,170490
35610011,15243,85523,100766
35610012,279907,88000,367907
35610014,0,517,517
35610015,10000,255,10255
35610016,0,0,0
35610017,0,0,0
35610018,71824,62140,133964
35610019,0,538,538
35610020,0,3709,3709
35610021,209,424,633
35610022,14628,1723,16351
35610023,0,4419,4419
35610024,129806,534,130340
35610025,0,708,708
35610026,0,3738,3738
35610027,0,152126,152126
35610029,0,87,87
35610030,0,0,0
35610031,0,1000,1000
35610032,0,175,175
35610033,0,1500,1500
35610034,0,0,0
35610035,0,0,0
35610036,0,11343,11343
35610037,2500,412,2912
35610038,0,586,586
35610039,0,1899,1899
35610040,0,30601,30601
35610041,36697,3001,39698
35610042,35,44678,44713
35610043,0,24670,24670
35610044,37987,22465,60452
35610045,0,1956,1956
35610046,0,313,313
35610047,0,303,303
35610048,15000,20000,35000
35610049,27000,3723,30723
35610050,1160,3892,5052
35610052,0,2057,2057
35610053,50000,78540,128540
35610054,3950,83,4033
35610055,0,0,0
35610056,51561,0,51561
35610057,0,1561,1561
35610058,0,15505,15505
35610059,0,0,0
35610060,38570,50725,89295
35610061,100035,30782,130817
35610062,100000,319587,419587
35610063,151429,70,151499
35610064,0,251494,251494
35610065,0,44669,44669
35610066,0,15,15
35610067,57000,215,57215
35610068,116000,1561,117561
35610069,0,578,578
35610070,0,1262,1262
35610071,0,2277,2277
35610072,27000,393,27393
35610073,6000,6215,12215
35610074,0,0,0
35610075,0,0,0
35610076,0,0,0
35610077,0,1871,1871
35610079,0,325,325
35610080,0,30379,30379
35610081,0,101,101
35610082,121000,61251,182251
35610083,20000,101702,121702
35610084,100000,2444,102444
35610085,0,1034,1034
35610086,0,800,800
35610087,26770,1428,28198
35610088,0,3638,3638
35610089,0,1236,1236
35610090,0,8807,8807
35610091,25000,553,25553
35610092,60000,37458,97458
35610093,0,0,0
35610094,111150,1723,112873
35610095,0,1671,1671
35610096,50000,227736,277736
35610097,10290,62289,72579
35610098,1000,334,1334
35610099,4000,61227,65227
35610100,0,595,595
35610102,0,15058,15058
35610103,0,237,237
35610104,0,3658,3658
35610105,0,320,320
35610106,0,0,0
35610107,0,99,99
35610110,0,500,500
35610113,50572,0,50572
35610114,0,521,521
35610115,0,0,0
35610121,0,0,0
35610123,3500,6858,10358
35610126,0,325,325
35610129,49000,454,49454
35610130,0,468,468
35610132,0,4,4
35610133,0,5642,5642
35610135,0,15306,15306
35610136,24840,4160,29000
35610137,0,1017,1017
35610138,0,235,235
35610140,0,2000,2000
35610142,0,213,213
35610143,0,2960,2960
35610144,0,373,373
35610145,60000,541,60541
35610146,72500,808,73308
35610147,0,510,510
35610148,0,2961,2961
35610149,0,52,52
35610150,0,13,13
35610153,0,1387,1387
35610154,0,158,158
35610155,0,1200,1200
35610158,0,25,25
35610162,0,581,581
35610165,0,52,52
35610168,0,4184,4184
35610171,0,0,0
35610172,0,0,0
35610173,0,628,628
35610174,12074,18,12092
35610175,0,0,0
35610176,0,0,0
35610177,0,0,0
35610178,0,0,0
35610179,0,0,0
35610181,0,0,0
35610182,0,0,0
35610183,0,0,0
35610185,28070,29408,57478
35610186,14070,5898,19968
35610187,0,8891,8891
35610189,0,15300,15300
35610190,0,0,0
35610192,0,0,0
35610193,0,0,0
35610198,35,848,883
35610199,0,0,0
35610200,0,0,0
35610202,0,0,0
35610203,0,0,0
35610207,0,830,830
35610208,4600,785,5385
35610209,0,0,0
35610210,0,0,0
35610211,0,0,0
35610212,0,0,0
35610214,0,0,0
35610215,0,48142,48142
35610216,0,0,0
35610220,0,264,264
35610222,0,838,838
35610223,53500,284,53784
35610224,0,0,0
35610226,0,0,0
35610227,0,0,0
35610228,0,0,0
35610229,0,0,0
35610230,0,824,824
35610234,0,419,419
35610236,0,0,0
35610237,0,369,369
35610238,0,6780,6780
35610240,0,941,941
35610241,7000,13463,20463
35610242,0,0,0
35610247,0,0,0
35610248,11500,543,12043
35610249,0,91,91
35610251,0,208,208
35610252,70,448,518
35610253,0,0,0
35610254,0,0,0
35610255,0,0,0
35610257,0,463,463
35610261,0,0,0
35610262,0,0,0
35610264,0,0,0
35610265,0,0,0
35610266,0,0,0
35610268,0,0,0
35610271,0,249,249
35610275,0,371,371
35610276,0,1144,1144
35610277,2460,1289,3749
35610278,0,856,856
35610281,0,812,812
35610288,0,914,914
35610289,0,294,294
35610294,0,644,644
35610297,0,928,928
35610300,0,329,329
35610301,40000,847,40847
35610304,0,476,476
35610305,0,0,0
35610306,10000,919,10919
35610308,0,1690,1690
35610310,0,145,145
35610312,0,488,488
35610314,0,77,77
35610315,0,0,0
35610319,0,376,376
35610321,20000,9893,29893
35610322,0,0,0
35610323,0,0,0
35610324,0,0,0
35610325,0,1025,1025
35610326,0,118563,118563
35610328,0,0,0
35610329,0,24913,24913
35610331,0,0,0
35610332,0,0,0
35610334,0,5035,5035
35610335,5000,1011,6011
35610336,10000,807,10807
35610338,0,0,0
35610340,0,0,0
35610341,0,936,936
35610342,0,840,840
35610345,0,207,207
35610348,0,32,32
35610349,0,4883,4883
35610350,0,0,0
35610351,63000,633,63633
35610354,0,122823,122823
35610356,0,0,0
35610357,0,0,0
35610358,0,0,0
35610359,0,0,0
35610360,0,0,0
35610361,0,0,0
35610362,170000,473,170473
35610363,121000,23102,144102
35610364,78105,2203,80308
35610365,55000,13220,68220
35610366,0,0,0
35610369,0,0,0
35610370,0,0,0
35610371,0,0,0
35610372,0,0,0
35610373,20495,1403,21898
35610374,0,0,0
35610375,0,0,0
35610376,0,0,0
35610377,0,0,0
35610378,0,0,0
35610379,0,0,0
35610384,66000,1904,67904
35610386,66000,483,66483
35610387,0,0,0
35610388,90000,5427,95427
35610389,0,0,0
35610390,0,0,0
35610391,0,0,0
35610393,0,0,0
35610394,0,0,0
35610395,0,0,0
35610396,0,0,0
35610397,0,0,0
35610399,0,0,0
35610401,55000,59881,114881
35610403,98000,782,98782
35610405,0,4044,4044
35610406,0,0,0
35610407,0,0,0
35610408,0,0,0
35610410,20035,11368,31403
35610412,0,0,0
35610415,0,0,0
35610416,0,53418,53418
35610417,0,0,0
35610418,0,0,0
35610419,42493,31802,74295
35610420,40000,279071,319071
35610421,0,555,555
35610422,100000,39029,139029
35610425,91570,5240,96810
35610427,39850,40361,80211
35610428,161035,1088,162123
35610431,9750,46197,55947
35610432,49005,635,49640
35610433,0,219,219
35610435,3000,38288,41288
35610438,116000,528,116528
35610439,41500,431,41931
35610440,0,213,213
35610441,100000,26098,126098
35610442,0,355,355
35610444,120,1629,1749
35610445,63140,11692,74832
35610446,47000,2763,49763
35610448,0,425,425
35610450,0,427,427
35610451,0,116721,116721
35610452,115000,58192,173192
35610453,0,262,262
35610454,90000,7160,97160
35610455,30000,20694,50694
35610456,14070,30377,44447
35610457,68973,7850,76823
35610459,81000,113,81113
35610460,40000,11433,51433
35610462,30000,35888,65888
35610463,2345,0,2345
35610464,0,191,191
35610465,0,89,89
35610466,0,0,0
35610467,0,1380,1380
35610469,0,1977,1977
35610470,0,2421,2421
35610471,45000,14926,59926
35610472,0,634,634
35610473,0,1081,1081
35610474,0,0,0
35610475,0,3991,3991
35610476,2381,0,2381
35610478,6000,631,6631
35610479,23472,3038,26510
35610480,20000,459,20459
35610481,0,68,68
35610482,0,0,0
35610485,81720,574,82294
35610486,0,0,0
35610487,21437,0,21437
35610488,0,411,411
35610489,0,633,633
35610490,35560,1890,37450
35610491,0,40452,40452
35610492,10000,554,10554
35610493,0,508,508
35610498,0,6734,6734
35610499,3000,38843,41843
35610505,0,317,317
35610506,15000,808,15808
35610507,0,0,0
35610509,0,87,87
35610510,3,615,618
35610511,0,235,235
35610512,0,204,204
35610514,0,1858,1858
35610515,0,0,0
35610516,50000,2413,52413
35610517,0,0,0
35610518,0,852,852
35610520,40047,1000,41047
35610521,0,0,0
35610522,55000,101784,156784
35610524,0,0,0
35610526,53760,12908,66668
35610527,0,178000,178000
35610528,800,559,1359
35610529,252425,10000,262425
35610532,0,1668,1668
35610533,0,236,236
35610534,1994,1757,3751
35610535,0,458,458
35610536,11000,193245,204245
35610537,0,134,134
35610539,0,62475,62475
35610540,30000,11409,41409
35610541,0,2403,2403
35610542,0,4600,4600
35610543,0,700,700
35610544,190000,533,190533
35610545,44500,9445,53945
35610546,0,928,928
35610547,80000,22981,102981
35610548,0,420,420
35610549,0,310,310
35610550,0,709,709
35610552,0,0,0
35610555,80000,1305,81305
35610556,0,847,847
35610560,15000,526,15526
35610561,104000,962,104962
35610562,96416,370,96786
35610563,0,485,485
35610564,0,215,215
35610565,0,288,288
35610566,0,1280,1280
35610567,0,7100,7100
35610568,0,1050,1050
35610569,0,16000,16000
35610570,0,69025,69025
35610571,0,597,597
35610572,0,670,670
35610573,11000,838,11838
35610574,0,2000,2000
35610575,33000,41709,74709
35610576,0,1296,1296
35610577,25000,27323,52323
35610578,0,21,21
35610579,8,3472,3480
35610580,0,353,353
35610581,0,16595,16595
35610582,0,0,0
35610583,0,181,181
35610584,0,100,100
35610585,0,891,891
35610586,0,0,0
35610591,0,1177,1177
35610592,0,0,0
35610595,0,907,907
35610597,19018,0,19018
35610599,0,0,0
35610600,0,0,0
35610601,100000,25203,125203
35610602,0,112772,112772
35610603,103000,60246,163246
35610604,0,855,855
35610606,0,0,0
35610607,69000,1078,70078
35610608,0,0,0
35610609,52000,777,52777
35610610,0,0,0
35610611,0,20682,20682
35610612,12002,44903,56905
35610613,104825,2073,106898
35610614,0,0,0
35610615,50000,17130,67130
35610616,0,0,0
35610617,54500,933,55433
35610618,152000,1266,153266
35610622,0,206890,206890
35610627,70455,18841,89296
35610630,573882,2874,576756
35610631,74000,10372,84372
35610633,75000,88178,163178
35610634,135035,662,135697
35610635,134570,1431,136001
35610636,91000,10036,101036
35610637,12547,60000,72547
35610638,90725,18120,108845
35610640,70035,55998,126033
35610642,50000,3353,53353
35610643,16000,404,16404
35610644,13000,464,13464
35610645,0,967,967
35610646,0,37,37
35610649,20000,30387,50387
35610651,180162,422,180584
35610653,70500,835,71335
35610655,58000,1619,59619
35610657,67085,58,67143
35610659,0,68,68
35610660,0,750,750
35610662,50000,3693,53693
35610664,115000,47637,162637
35610665,0,561,561
35610666,4000,617,4617
35610667,0,154,154
35610668,19242,999,20241
35610669,0,616,616
35610670,0,1445,1445
35610672,0,113,113
35610673,30000,557,30557
35610674,0,581,581
35610675,100000,20803,120803
35610676,0,88,88
35610677,0,241817,241817
35610678,0,441,441
35610679,0,9182,9182
35610681,0,0,0
35610682,25000,2759,27759
35610685,0,228,228
35610686,0,5216,5216
35610687,31081,72348,103429
35610689,2000,868,2868
35610690,0,149,149
35610693,17100,21156,38256
35610694,121000,916,121916
35610701,0,530,530
35610707,0,9935,9935
35610708,0,43,43
35610709,0,0,0
35610712,0,0,0
35610715,0,585,585
35610717,0,0,0
35610719,0,0,0
35610721,0,0,0
35610731,40000,151441,191441
35610733,6600,21837,28437
35610735,0,4533,4533
35610739,0,11,11
35610742,0,31645,31645
35610743,0,765,765
35610745,9000,1327,10327
35610752,50000,14854,64854
35610754,120360,10701,131061
35610758,0,0,0
35610759,12786,11450,24236
35610761,20035,21258,41293
35610764,28135,1590,29725
35610766,9565,2249,11814
35610768,50000,6113,56113
35610769,0,596,596
35610800,0,333,333
35610801,0,0,0
35610802,0,657,657
35610803,5000,30660,35660
35610805,0,116,116
35610807,0,912,912
35610808,47000,531,47531
35610809,0,0,0
35610810,0,0,0
35610812,0,778,778
35610813,0,288,288
35610815,32036,3365,35401
35610816,8000,595,8595
35610817,0,593,593
35610819,654730,1728605,2383335
35610821,0,754,754
35610823,69000,15582,84582
35610824,0,95662,95662
35610828,0,0,0
35610829,13397,5590,18987
35610830,0,0,0
35610832,0,672,672
35610833,8000,455,8455
35620003,207209,31865,239074
35620006,13300,1625887,1639187
35620010,0,390922,390922
35620027,0,1384,1384
35620029,0,160677,160677
35620031,149424,0,149424
35620032,207000,113,207113
35620033,0,0,115651
35620055,0,0,0
35620056,133776,152,133928
35620057,109399,112806,222205
35620058,112673,515,113188
35620059,0,0,0
35620060,0,0,0
35620061,132000,362,132362
35620062,0,0,0
35620088,160000,3249,163249
35620089,140000,148,140148
35620101,174814,26152,200966
35620102,81897,86997,168894
35620103,74056,1658,75714
35620104,188128,1000,189128
35620120,77180,579,77759
35620121,135000,2534,137534
35620123,152445,2115,154560
35620124,60990,57306,118296
35620129,0,0,125000
35620130,0,3615,3615
35620131,0,0,19930
35620147,70025,104045,174070
35620148,48950,86686,135636
35620149,90000,93362,183362
35620150,74936,1790,76726
35620182,100000,37000,137000
35620184,134992,9728,144720
35620185,199000,63954,262954
35620193,168232,132875,301107
35620197,25000,50644,75644
35620198,0,84300,84300
35620200,140000,180853,320853
35620201,0,239673,239673
35620202,149000,1000,150000
35620203,20000,17736,37736
35620205,130000,168406,298406
35620207,0,0,91461
35620208,78000,890,78890
35620209,50500,70415,120915
35620212,57672,14446,72118
35620213,110565,19326,129891
35620214,102577,105986,208563
35620257,128000,216,128216
35620349,104212,22211,126423
35620355,50000,49590,99590
35620356,10000,41244,51244
35620357,25000,62618,87618
35620362,112000,0,112000
35620365,30000,70182,100182
35620366,47000,10636,57636
35620370,55000,874,55874
35620372,61000,89,61089
35620373,34319,9765,44084
35620375,23000,54,23054
35620376,24118,0,24118
35620406,127000,117082,244082
35620407,113938,18876,132814
35620408,0,0,0
35620421,0,0,0
35620424,5000,53344,58344
35620426,55250,81612,136862
35620430,49510,13221,62731
35620433,22924,1068,23992
35620449,0,0,0
35620452,50000,18413,68413
35620453,110900,32,110932
35620588,100000,6629,106629
35620589,24454,50979,75433
35620590,49412,3113,52525
35620591,30000,17427,47427
35620592,21731,75566,97297
35620593,20295,35950,56245
35620597,120000,8884,128884
35620598,0,0,0
35620599,77034,22894,99928
35620600,68000,7264,75264
35620601,83385,424,83809
35620603,28997,27768,56765
35620604,10000,13318,23318
35620605,13985,10589,24574
35620607,28000,870,28870
35620610,47482,97317,144799
35620613,12833,142831,155664
35620614,100000,1242,101242
35620615,44290,5353,49643
35620617,19891,30348,50239
35620619,0,64236,64236
35620620,20000,18371,38371
35620623,55188,186,55374
35620763,10000,29146,39146
35620764,60000,74274,134274
35620770,20000,32000,52000
35620776,105225,1696,106921
35620793,45000,754,45754
35620799,96310,23077,119387
35620801,145000,15765,160765
35620810,0,34761,34761
35620811,19514,3449,22963
35620813,35000,789,35789
35620814,37000,34786,71786
35620815,30000,73477,103477
35620816,20000,12900,32900
35620817,80000,76700,156700
35620818,0,139532,139532
35620819,90000,2657,92657
35620820,0,161017,161017
35620825,20000,44420,64420
35620828,20029,0,20029
35620829,22000,486,22486
35620847,95000,42000,137000
35620848,58040,343,58383
35620849,78000,721,78721
35620850,0,0,0
35620851,133035,80955,213990
35620852,0,0,113608
35620860,15000,78991,93991
35620861,35000,85853,120853
35620863,27440,38399,65839
35620864,50000,34763,84763
35620865,54000,16620,70620
35620866,0,0,0
35620867,0,0,0
35620868,0,0,24098
35620869,75545,0,75545
35620873,0,0,0
35620880,88000,2073,90073
35620881,57000,21843,78843
35620882,40000,6501,46501
35620883,67290,5079,72369
35620884,48000,1370,49370
35620885,60000,520,60520
35620886,59000,234,59234
35620887,0,0,0
35620889,30000,272,30272
35620896,0,0,50659
35620898,110720,30094,140814
35620900,11584,19453,31037
35620905,36000,1251,37251
35621025,30000,28703,58703
35621046,30000,5000,35000
35621063,86918,25864,112782
35621107,120000,3434,123434
35621220,22484,53516,76000
35621227,0,0,0
35621228,0,0,19000
35621229,25500,309,25809
35621230,20000,7053,27053
35621231,20000,91282,111282
35621232,50000,57682,107682
35621276,30000,5773,35773
35621282,33930,10511,44441
35621283,38000,490,38490
35630009,109755,251,110006
35630036,0,0,0
35630037,0,113,113
35630038,0,6645,6645
35630040,0,3,3
35630041,0,2301,2301
35630042,0,2354,2354
35630063,0,5872,5872
35630073,0,512,512
35630074,0,10000,10000
35630075,0,20000,20000
35630076,0,0,0
35630077,0,535,535
35630078,0,1563,1563
35630079,0,510,510
35630081,0,1177,1177
35630082,0,435,435
35630090,0,2182,2182
35630091,95150,5378,100528
35630092,0,7425,7425
35630109,0,639,639
35630110,57352,264,57616
35630136,0,766,766
35630137,8000,4670,12670
35630155,0,1485,1485
35630156,40000,18793,58793
35630163,0,2742,2742
35630164,0,2046,2046
35630165,0,8768,8768
35630166,0,1896,1896
35630167,4000,350,4350
35630215,211515,0,211515
35630216,0,231,231
35630217,0,700,700
35630218,15000,1600,16600
35630219,0,0,0
35630221,118446,21869,140315
35630224,0,480,480
35630225,130932,27701,158633
35630226,105,1937,2042
35630228,170,1109,1279
35630248,3000,695,3695
35630249,0,291,291
35630251,0,958,958
35630252,0,0,0
35630255,0,129636,129636
35630258,0,983,983
35630259,0,2637,2637
35630260,25000,1929,26929
35630264,0,694,694
35630470,0,112,112
35630472,160,482,642
35630473,5552,0,5552
35630474,21500,800,22300
35630476,1500,42475,43975
35630486,0,759,759
35630487,15500,105,15605
35630602,0,85,85
35630616,0,868,868
35630663,0,222,222
35630675,3374,536,3910
35630676,0,937,937
35630677,0,0,0
35630678,0,704,704
35630679,0,773,773
35630682,0,68,68
35630683,5000,903,5903
35630685,0,976,976
35630690,0,1117,1117
35630691,0,675,675
35630692,0,12,12
35630693,0,26,26
35630694,3500,219,3719
35630695,0,446,446
35630696,0,3304,3304
35630697,0,77428,77428
35630699,0,160,160
35630700,3000,5838,8838
35630701,0,331,331
35630702,0,177,177
35630704,14000,249,14249
35630917,0,641,641
35630918,229074,269304,498378
35630919,0,3964,3964
35630922,0,4490,4490
35630923,61438,0,61438
35630924,0,200,200
35630928,85000,8503,93503
35630931,15000,31777,46777
35630933,0,2073,2073
35630934,0,1029,1029
35630937,0,509,509
35630938,0,3055,3055
35630939,61842,120000,181842
35630941,0,47,47
35630942,0,373,373
35630945,140,178,318
35630957,14070,275,14345
35630958,0,300,300
35630960,40000,5449,45449
35630961,42300,117,42417
35630962,0,44,44
35630968,185000,2214,187214
35631026,10000,933,10933
35631033,0,56357,56357
35631036,0,2292,2292
35631045,9663,4242,13905
35631048,28318,21795,50113
35631061,80000,80647,160647
35631064,0,521,521
35631067,12000,1700,13700
35631211,0,1045,1045
35631218,101927,2000,103927
35631235,55605,17113,72718
35631236,0,5434,5434
35631269,0,583,583
35631286,0,2119,2119
35631288,0,0,0
35640065,0,3002,3002
35640066,11510,14207,25717
35640067,0,2863,2863
35640068,0,7722,7722
35640069,115000,156811,271811
35640070,0,0,0
35640071,0,17100,17100
35640072,0,500,500
35640085,0,984,984
35640106,0,241,241
35640107,0,1169,1169
35640108,0,1164,1164
35640151,0,2779,2779
35640152,4000,534,4534
35640153,0,1153,1153
35640154,0,97,97
35640157,0,0,0
35640158,0,1410,1410
35640159,0,185564,185564
35640160,0,1010,1010
35640161,0,5811,5811
35640162,5000,10125,15125
35640250,0,0,0
35640253,0,4944,4944
35640254,45000,136330,181330
35640256,40000,10314,50314
35640261,0,0,0
35640262,62000,78668,140668
35640263,327,173,500
35640625,4000,9887,13887
35640626,5000,351,5351
35640627,7000,780,7780
35640628,0,2562,2562
35640629,0,1628,1628
35640634,3200,178,3378
35640643,6976,3834,10810
35640645,0,0,0
35640649,0,42,42
35640651,0,0,0
35640659,25280,19103,44383
35640661,9000,468,9468
35640662,0,27160,27160
35640664,0,15,15
35640665,30712,53167,83879
35640666,48829,5474,54303
35640667,0,325,325
35640669,10500,12780,23280
35640671,0,63,63
35640771,0,87521,87521
35640772,162282,455,162737
35640845,0,287742,287742
35640846,0,958,958
35640856,25269,16493,41762
35640857,124080,105920,230000
35640858,0,1655,1655
35641019,0,1116,1116
35641020,10000,11293,21293
35641021,0,1516,1516
35641022,0,200,200
35641023,0,3450,3450
35641025,174602,10167,184769
35641027,0,384,384
35641028,35385,9343,44728
35641029,0,3042,3042
35641031,9003,10126,19129
35641032,0,377,377
35641034,0,1537,1537
35641037,150000,32213,182213
35641038,16995,83792,100787
35641039,16830,36709,53539
35641040,37000,22031,59031
35641042,75000,2439,77439
35641043,46683,99044,145727
35641044,20000,9331,29331
35641047,50000,372965,422965
35641049,10000,32404,42404
35641050,0,435,435
35641051,0,190,190
35641052,17823,445,18268
35641053,0,39058,39058
35641054,4000,56381,60381
35641057,0,0,80388
35641058,0,607,607
35641059,10000,67845,77845
35641060,0,87366,87366
35641070,60000,2791,62791
35641219,0,97317,97317
35641240,0,1101,1101
35641242,0,30000,30000
35641244,0,296,296
35641270,13673,0,13673
35641284,66431,31602,98033
36110001,0,496625,496625
36110002,158587,236707,395294
36110003,288190,1128217,1416407
36110004,288319,369113,657432
36110005,405504,2166200,2571704
36110006,161722,643935,805657
36110007,150614,19340,169954
36110008,80933,2613341,2694274
36110009,0,0,0
36110010,52615,1880769,1933384
36110011,0,351788,351788
36110012,128289,347978,476267
36110013,350847,583012,933859
36110014,84605,222380,306985
36110015,0,825103,825103
36110016,162089,1158396,1320485
36110017,327993,2393011,2721004
36110018,317203,1561901,1879104
36110019,42882,482814,525696
36110020,367546,593387,960933
36110021,318319,269083,587402
36110022,0,0,0
36110023,462931,421170,884101
36110024,387772,59786,447558
36110025,388366,590655,979021
36110026,241725,289798,531523
36110027,649738,340811,990549
36110028,0,944182,944182
36110029,90000,447935,537935
36110030,177188,915997,1093185
36110031,209514,2260017,2469531
36110032,726142,900910,1627052
36110033,912730,523443,1436173
36110034,0,967224,967224
36110035,0,866143,866143
36110036,155051,1754633,1909684
36110037,723203,414162,1137365
36110038,1901202,2279948,4181150
36110039,1165727,1796805,2962532
36110040,14809,758377,773186
36110041,76872,3464283,3541155
36110042,3299160,1450,3300610
36110043,673070,1072464,1745534
36110044,0,0,0
36110045,927599,2039830,2967429
36110046,264627,465740,730367
36110047,243525,264330,507855
36110048,178827,148507,327334
36110049,180000,36942,216942
36110050,100268,356853,457121
36110051,170584,252966,423550
36110052,505185,398826,904011
36110053,281598,572871,854469
36110054,182622,719165,901787
36110055,0,228530,228530
36110056,53482,154890,208372
36110057,0,0,0
36110058,137954,795473,933427
36110059,142070,118493,260563
36110060,277554,207204,484758
36110061,0,0,0
36110062,200689,148059,348748
36110063,91680,458965,550645
36110064,9998,136363,146361
36110065,145000,108649,253649
36110066,99797,605881,705678
36110067,59539,129165,188704
36110068,171519,386674,558193
36110069,113850,301555,415405
36110070,62000,2967751,3029751
36110071,197947,1245372,1443319
36110072,0,144340,144340
36110073,441290,524040,965330
36110074,325265,326625,651890
36110075,113828,1884443,1998271
36110076,204616,622520,827136
36110077,0,2548268,2548268
36110078,15046,442164,457210
36110079,187818,604341,792159
36110080,193038,762986,956024
36110081,36427,334546,370973
36110082,0,0,0
36110083,122071,445594,567665
36110084,405472,571516,976988
36110085,414,591224,591638
36110086,7629,456847,464476
36110087,0,0,1468077
36110088,303119,1185297,1488416
36110089,825430,99438,924868
36110090,0,0,0
36110091,0,972915,972915
36110092,148564,1182739,1331303
36110093,146931,1447430,1594361
36110094,0,0,0
36110095,217251,1012124,1229375
36110096,54742,177973,232715
36110097,132518,401262,533780
36110098,10200,637756,647956
36110099,112614,265598,378212
36110100,0,1484508,1484508
36110101,21500,426208,447708
36110102,33456,281391,314847
36110103,37764,287697,325461
36110106,35000,143089,178089
36110107,15500,33803,49303
36110108,0,707127,707127
36110109,196700,58574,255274
36110110,108000,298766,406766
36110111,69514,153065,222579
36110113,54171,183341,237512
36110114,107951,269341,377292
36110115,58854,217668,276522
36110117,10600,382238,392838
36110119,0,2864,2864
36110123,56901,162986,219887
36110127,0,191029,191029
36110129,78000,37670,115670
36110131,17862,97158,115020
36110132,8800,32915,41715
36110133,16736,166847,183583
36110134,36860,113197,150057
36110136,60000,203223,263223
36110137,219163,7626,226789
36110138,52000,1568,53568
36110139,30000,91713,121713
36110144,98498,194940,293438
36110145,110373,935666,1046039
36110146,194904,264578,459482
36110147,208006,345003,553009
36110149,99935,38017,137952
36110150,20167,714298,734465
36110151,0,119871,119871
36110152,122041,69841,191882
36110153,145396,9339,154735
36110154,3000,110303,113303
36110156,84625,359400,444025
36110157,46117,422945,469062
36110159,31000,7610,38610
36110162,52187,121244,173431
36110165,165567,370682,536249
36110166,28500,99461,127961
36110170,84570,102630,187200
36110173,46217,282997,329214
36110174,0,168538,168538
36110175,66000,2679,68679
36110178,185734,253207,438941
36110180,2600,177,2777
36110181,11401,65150,76551
36110184,0,157309,157309
36110185,46915,319250,366165
36110187,0,885,885
36110188,15700,97206,112906
36110189,42664,270,42934
36110191,13498,47492,60990
36110192,214999,108248,323247
36110193,178765,63312,242077
36110194,0,376775,376775
36110195,96000,113070,209070
36110198,109868,499873,609741
36110199,0,0,0
36110200,27500,70892,98392
36110201,0,1040365,1040365
36110203,0,199351,199351
36110204,33199,354383,387582
36110205,9325,211649,220974
36110207,32500,0,32500
36110208,0,0,0
36110210,8437,219203,227640
36110211,72785,23481,96266
36110212,652,239913,240565
36110213,0,506139,506139
36110214,0,247871,247871
36110219,91537,42503,134040
36110220,0,663933,663933
36110221,13000,181687,194687
36110224,0,288376,288376
36110225,0,52499,52499
36110226,0,368182,368182
36110227,0,0,0
36110228,0,0,0
36110231,66615,293,66908
36110232,40756,169383,210139
36110233,0,293735,293735
36110234,72487,24027,96514
36110237,200000,373583,573583
36110240,206198,36525,242723
36110241,100461,603219,703680
36110242,65600,724349,789949
36110245,77000,199137,276137
36110246,75050,147586,222636
36110247,57514,66756,124270
36110248,59210,124847,184057
36110250,137000,97324,234324
36110251,0,158326,158326
36110252,10000,275762,285762
36110253,499269,360091,859360
36110254,9132,166975,176107
36110255,66000,1714,67714
36110256,99240,189525,288765
36110257,0,1040384,1040384
36110258,91525,170536,262061
36110261,293874,52982,346856
36110262,200000,1005384,1205384
36110263,25000,195936,220936
36110264,52089,87366,139455
36110265,108937,135977,244914
36110266,0,453216,453216
36110267,75025,94254,169279
36110268,102000,112450,214450
36110270,44145,1031374,1075519
36110273,12000,299980,311980
36110274,214024,130820,344844
36110276,35465,490943,526408
36110278,92661,354936,447597
36110279,163019,310,163329
36110281,118000,412204,530204
36110282,291837,623655,915492
36110283,70109,1259012,1329121
36110284,0,79540,79540
36110285,120500,235225,355725
36110286,39877,996001,1035878
36110287,40000,32083,72083
36110288,0,720378,720378
36110289,3200,54882,58082
36110290,50000,57150,107150
36110291,22000,31811,53811
36110294,343168,681456,1024624
36110295,97000,202,97202
36110297,0,0,0
36110299,59643,70347,129990
36110300,318324,195268,513592
36110301,0,1127941,1127941
36110302,0,814137,814137
36110303,20107,429467,449574
36110305,168700,204462,373162
36110306,0,535789,535789
36110307,20000,999586,1019586
36110308,86670,31839,118509
36110309,75844,5281,81125
36110311,143849,32907,176756
36110312,12663,42000,54663
36110314,55497,51000,106497
36110315,92445,218492,310937
36110316,205852,149984,355836
36110317,21000,85942,106942
36110318,51465,8033,59498
36110319,108000,30400,138400
36110320,99450,119169,218619
36110321,138063,198173,336236
36110322,0,0,110271
36110323,10851,162084,172935
36110324,0,258582,258582
36110326,20000,43256,63256
36110327,0,515840,515840
36110328,58434,600,59034
36110330,40253,11272,51525
36110331,0,0,85491
36110332,0,132602,132602
36110333,20000,64414,84414
36110335,91830,560103,651933
36110337,200253,412195,612448
36110338,2644,80471,83115
36110339,38730,123161,161891
36110345,28710,202850,231560
36110347,2524,550298,552822
36110348,163043,637307,800350
36110349,4000,126580,130580
36110351,86212,44453,130665
36110352,51206,17367,68573
36110353,123929,195512,319441
36110354,19208,200482,219690
36110355,11700,346646,358346
36110357,0,169000,169000
36110358,29638,487980,517618
36110359,0,55303,55303
36110360,38421,333680,372101
36110362,29492,14397,43889
36110363,62800,214713,277513
36110364,0,457,457
36110366,0,38342,38342
36110370,0,109325,109325
36110371,26250,84191,110441
36110372,67459,73489,140948
36110373,7465,118699,126164
36110374,60156,270358,330514
36110375,31546,383396,414942
36110376,6443,163954,170397
36110377,54775,70051,124826
36110378,46470,106477,152947
36110379,43500,94620,138120
36110381,8000,139000,147000
36110382,5020,31443,36463
36110403,40599,106847,147446
36110404,0,0,0
36110405,35071,204992,240063
36110424,175729,503544,679273
36110431,99118,199217,298335
36110450,2400,237939,240339
36110451,46000,80564,126564
36110452,50000,645,50645
36110802,84920,498989,583909
36110803,161252,269485,430737
36110804,0,584647,584647
36110806,201401,182703,384104
36120001,454860,1366308,1821168
36120002,834956,1546973,2381929
36120003,200000,743759,943759
36120004,258670,1165411,1424081
36120005,248229,233140,481369
36120006,38510,1466104,1504614
36120007,123100,139679,262779
36120008,0,162764,162764
36120009,0,1238533,1238533
36120010,0,81841,81841
36120011,82741,566649,649390
36120012,214290,281696,495986
36120013,64000,929399,993399
36120014,14220,1112766,1126986
36120015,21189,711034,732223
36120016,0,1162032,1162032
36120017,0,1155691,1155691
36120018,0,0,0
36120019,26040,110763,136803
36120020,5893,161227,167120
36120021,131993,872082,1004075
36120022,0,437609,437609
36120023,218014,1062923,1280937
36120024,0,1690562,1690562
36120025,0,1725877,1725877
36120026,0,0,0
36120027,0,230707,230707
36120028,531501,23698,555199
36120029,0,356000,356000
36120030,21833,1438726,1460559
36120031,252620,271916,524536
36120032,106849,90520,197369
36120033,50000,123745,173745
36120034,71081,174886,245967
36120035,6350,128987,135337
36120036,29876,6093,35969
36120037,230767,327903,558670
36120038,50000,165848,215848
36120039,211627,702855,914482
36120041,0,136893,136893
36120042,57023,141249,198272
36120043,0,0,0
36120044,0,262995,262995
36120045,136124,876925,1013049
36120046,77321,581879,659200
36120047,131868,593792,725660
36120048,63151,296616,359767
36120049,75207,208035,283242
36120050,125968,295888,421856
36120051,20000,314293,334293
36120053,0,138000,138000
36120054,0,0,0
36120057,53519,28987,82506
36120058,48608,71379,119987
36120059,0,74000,74000
36120060,126521,47977,174498
36120064,0,0,0
36120067,0,219755,219755
36120068,1800,99094,100894
36120071,4509,170207,174716
36120072,110580,75840,186420
36120073,57530,295496,353026
36120075,47121,62392,109513
36120076,100000,107698,207698
36120077,0,132353,132353
36120078,126000,9476,135476
36120080,150400,133831,284231
36120081,8000,230262,238262
36120082,0,329803,329803
36120083,101000,189854,290854
36120084,20292,622309,642601
36120085,81397,79413,160810
36120086,75000,39008,114008
36120088,17000,129836,146836
36120090,0,172379,172379
36120091,129809,123905,253714
36120092,0,0,0
36120094,151671,26489,178160
36120095,74186,53375,127561
36120096,167892,83080,250972
36120097,100000,42777,142777
36120098,14290,380271,394561
36120099,46613,159979,206592
36120101,100000,35446,135446
36120102,142014,348447,490461
36120103,82000,162,82162
36120106,0,200289,200289
36120108,129000,35035,164035
36120109,153801,66456,220257
36120110,0,149434,149434
36120111,48323,68995,117318
36120112,80000,45459,125459
36120113,100000,168094,268094
36120114,289184,813177,1102361
36120116,0,115071,115071
36120117,0,156240,156240
36120118,87391,94672,182063
36120119,0,42822,42822
36120120,0,33790,33790
36120121,0,155538,155538
36120122,31000,76138,107138
36120123,0,122000,122000
36120124,100000,428620,528620
36120125,0,239436,239436
36120126,18058,135808,153866
36120127,80000,50277,130277
36120128,0,89546,89546
36120129,100000,201330,301330
36120130,0,200719,200719
36120133,0,455342,455342
36120134,26330,77313,103643
36120135,104940,170508,275448
36120137,262954,53772,316726
36120138,0,0,0
36120139,173403,1205851,1379254
36120140,78008,230890,308898
36120141,187000,299998,486998
36120144,6496,245981,252477
36120145,28000,234,28234
36120146,0,141407,141407
36120147,79000,19085,98085
36120150,81000,1258,82258
36120151,46641,124987,171628
36120152,52961,92210,145171
36120154,50000,64042,114042
36120155,50000,455605,505605
36120156,93646,205536,299182
36120158,0,0,0
36120160,55507,16514,72021
36120161,83300,214,83514
36120166,0,107608,107608
36120169,0,0,0
36120170,0,103575,103575
36120171,0,310788,310788
36120173,44548,68265,112813
36120174,196743,1368235,1564978
36120177,150000,84554,234554
36120178,80000,2004,82004
36120179,83000,670,83670
36120180,97469,6036,103505
36120182,217538,667976,885514
36120183,180000,209482,389482
36120184,60279,320,60599
36120185,50000,56420,106420
36120186,0,129028,129028
36120188,105556,92821,198377
36120189,20000,346276,366276
36120190,66000,171077,237077
36120191,0,0,0
36120192,150000,695667,845667
36120194,78479,85434,163913
36120196,184252,75295,259547
36120198,277812,39778,317590
36120199,1073,310168,311241
36120200,0,358302,358302
36120201,0,261585,261585
36120202,126000,133582,259582
36120203,50000,31725,81725
36120204,190000,89651,279651
36120205,0,98794,98794
36120206,133022,464245,597267
36120207,0,0,0
36120208,0,0,0
36120209,0,395691,395691
36120210,0,0,0
36120211,29342,156006,185348
36120212,0,583557,583557
36120213,0,0,0
36120214,0,221653,221653
36120215,201500,137030,338530
36120216,0,156792,156792
36120217,0,427048,427048
36120218,50000,440063,490063
36120219,200985,317886,518871
36120220,0,85278,85278
36120224,0,359208,359208
36120225,92050,484336,576386
36120226,79940,6780,86720
36120228,0,102890,102890
36120229,90000,66078,156078
36120230,115000,498187,613187
36120231,0,206720,206720
36120233,0,96946,96946
36120234,58841,110525,169366
36120238,8035,41969,50004
36120239,0,136248,136248
36120240,75000,180886,255886
36120241,37494,124734,162228
36120242,97814,269639,367453
36120243,26740,6887,33627
36120244,0,455249,455249
36120246,46690,155,46845
36120247,32000,119144,151144
36120249,53148,25649,78797
36120250,0,139530,139530
36120251,98860,109546,208406
36120252,40204,509460,549664
36120253,56599,1365,57964
36120254,110166,107,110273
36120255,0,382,382
36120256,103565,554260,657825
36120258,28790,224001,252791
36120259,71102,594357,665459
36120260,0,93997,93997
36120261,0,0,0
36120262,66000,498994,564994
36120263,50000,18085,68085
36120264,60000,61923,121923
36120266,104964,582289,687253
36120267,140000,522290,662290
36120268,10702,37829,48531
36120269,0,33906,33906
36120271,0,190502,190502
36120272,0,923382,923382
36120274,149363,77731,227094
36120275,41000,64022,105022
36120276,50000,187454,237454
36120277,0,779176,779176
36120279,0,47977,47977
36120280,45000,445632,490632
36120281,47807,1574,49381
36120283,47000,586196,633196
36120284,0,0,0
36120287,0,92654,92654
36120289,0,102160,102160
36120291,27346,452710,480056
36120292,53000,45383,98383
36120293,0,0,0
36120295,130000,104108,234108
36120297,0,554400,554400
36120298,0,22746,22746
36120300,70000,442546,512546
36120302,0,551829,551829
36120304,0,159374,159374
36120305,50000,122110,172110
36120306,0,87417,87417
36120307,0,137726,137726
36120308,0,129283,129283
36120309,0,122748,122748
36120310,0,32659,32659
36120311,0,0,0
36120312,0,0,0
36120313,0,0,0
36120314,151950,131002,282952
36120315,0,492886,492886
36120317,0,169927,169927
36120318,0,219406,219406
36120319,146117,35081,181198
36120321,101731,520705,622436
36120322,94709,85424,180133
36120323,0,583076,583076
36120325,70280,451466,521746
36120327,98000,84600,182600
36120332,0,0,0
36120334,0,0,0
36120336,0,0,0
36120339,87942,209343,297285
36120342,58328,195003,253331
36120343,50000,142038,192038
36120344,0,72333,72333
36120351,46285,68514,114799
36120357,200197,153363,353560
36120360,57000,45088,102088
36120361,32000,69153,101153
36120367,124596,94790,219386
36120401,100000,519069,619069
36120402,0,110818,110818
36120404,51800,40872,92672
36130001,626237,0,626237
36130002,279074,500306,779380
36130003,512143,470842,982985
36130004,0,0,0
36130005,140176,93910,234086
36130006,0,1107705,1107705
36130007,51663,1974161,2025824
36130008,139849,1325466,1465315
36130009,53431,1208240,1261671
36130010,523378,1539444,2062822
36130011,185916,1616673,1802589
36130012,50000,186642,236642
36130013,0,221486,221486
36130014,321771,1156974,1478745
36130015,102700,341838,444538
36130016,152788,176345,329133
36130017,54518,299693,354211
36130018,31200,262577,293777
36130019,83050,83838,166888
36130020,41075,148856,189931
36130021,152355,1094542,1246897
36130022,143095,960973,1104068
36130023,145892,211926,357818
36130024,289233,1164971,1454204
36130025,229608,120886,350494
36130026,264080,1101305,1365385
36130027,0,960178,960178
36130028,156390,1288574,1444964
36130029,906745,167055,1073800
36130030,36966,464406,501372
36130031,96355,56649,153004
36130032,0,0,0
36130033,0,0,0
36130034,44000,47442,91442
36130035,38746,152415,191161
36130036,48412,1080722,1129134
36130037,45700,126485,172185
36130038,49390,66950,116340
36130039,118985,1070560,1189545
36130040,269004,229925,498929
36130041,0,0,0
36130042,0,0,0
36130043,175000,1049144,1224144
36130044,11280,299623,310903
36130045,398579,1532510,1931089
36130046,24815,244603,269418
36130047,463572,867265,1330837
36130048,0,0,0
36130049,0,0,0
36130050,51263,252304,303567
36130051,6846,1341227,1348073
36130052,187686,1297730,1485416
36130053,3895,1042637,1046532
36130054,123986,1106643,1230629
36130055,78429,954797,1033226
36130056,271829,218762,490591
36130057,28506,1480287,1508793
36130058,104296,1260968,1365264
36130059,0,473806,473806
36130060,0,1112515,1112515
36130061,312695,1518305,1831000
36130062,100000,388835,488835
36130063,6297,1025428,1031725
36130064,3690,1199329,1203019
36130065,0,1172273,1172273
36130066,90673,1001168,1091841
36130067,108089,163517,271606
36130068,164967,371878,536845
36130069,64877,550489,615366
36130070,115562,965443,1081005
36130071,18159,1315596,1333755
36130072,647200,11577,658777
36130073,122867,1031359,1154226
36130074,7040,887894,894934
36130075,155937,936414,1092351
36130076,130861,1436051,1566912
36130077,84823,228265,313088
36130078,24792,1811187,1835979
36130079,117000,116781,233781
36130080,30592,245203,275795
36130081,47000,1064047,1111047
36130082,35000,80378,115378
36130083,0,1640735,1640735
36130084,472718,1381179,1853897
36130085,511856,255553,767409
36130086,131926,556463,688389
36130087,198360,961844,1160204
36130088,3708,682715,686423
36130089,8723,333146,341869
36130090,43277,277535,320812
36130091,41016,309942,350958
36130092,0,111114,111114
36130093,0,957391,957391
36130094,108715,215414,324129
36130095,30000,172586,202586
36130096,0,933529,933529
36130098,0,609966,609966
36130099,100000,740790,840790
36130100,0,410951,410951
36130101,100497,87801,188298
36130102,0,0,0
36130103,0,0,0
36130105,52446,581510,633956
36130107,40000,181361,221361
36130108,0,172048,172048
36130109,100000,182733,282733
36130110,282372,764690,1047062
36130111,0,657217,657217
36130112,158408,1121605,1280013
36130113,128045,1018897,1146942
36130114,0,579083,579083
36130115,198000,210761,408761
36130116,50108,63002,113110
36130117,0,1254678,1254678
36130118,0,707096,707096
36130119,0,1203034,1203034
36130120,0,1268318,1268318
36130121,5891,980862,986753
36130122,0,1007348,1007348
36130123,92036,421008,513044
36130124,18000,865083,883083
36130125,6980,1118990,1125970
36130126,76000,893906,969906
36130127,114500,650686,765186
36130128,7854,168535,176389
36130129,9517,591192,600709
36130130,309265,36130,345395
36130131,17024,203918,220942
36130132,46000,710855,756855
36130133,32284,1149575,1181859
36130134,0,1063245,1063245
36130135,57638,1009599,1067237
36130137,0,23884,23884
36130138,5500,453449,458949
36130139,0,0,0
36130140,50000,838393,888393
36130142,306327,870025,1176352
36130143,119958,1079324,1199282
36130148,64000,901249,965249
36130149,104773,834872,939645
36130150,16316,905579,921895
36130151,1446,57594,59040
36130152,5000,576315,581315
36130153,104153,905216,1009369
36130154,0,920177,920177
36130155,25000,903815,928815
36130156,0,856668,856668
36130157,0,1428532,1428532
36130158,0,914948,914948
36130160,28000,999050,1027050
36130161,0,906828,906828
36130163,12000,476637,488637
36130164,0,912805,912805
36130165,0,453955,453955
36130166,62381,928359,990740
36130168,60337,1166654,1226991
36130169,0,472673,472673
36130170,0,1220505,1220505
36130171,0,168503,168503
36130172,0,884087,884087
36130173,0,505213,505213
36130174,0,586989,586989
36130175,13918,130914,144832
36130176,48779,937779,986558
36130177,10883,1038583,1049466
36130178,0,872703,872703
36130179,296412,1184156,1480568
36130181,126131,679015,805146
36130184,0,922795,922795
36130185,0,1138613,1138613
36130186,55518,510124,565642
36130187,59461,117209,176670
36130188,113860,368985,482845
36130189,75599,580056,655655
36130191,0,873601,873601
36130192,0,0,0
36130193,2000,884093,886093
36130194,0,437000,437000
36130195,7000,122650,129650
36130197,56000,1112218,1168218
36130198,5000,837142,842142
36130199,0,726790,726790
36130201,82601,968015,1050616
36130203,19300,999616,1018916
36130204,15207,988554,1003761
36130207,32561,199054,231615
36130208,34713,991912,1026625
36130209,98275,441559,539834
36130211,0,949472,949472
36130213,135015,119277,254292
36130214,41801,41131,82932
36130217,40081,176280,216361
36130219,52423,823692,876115
36130223,103300,566923,670223
36130226,31197,309204,340401
36130227,9000,512482,521482
36130233,0,0,0
36130234,80190,14305,94495
36130237,51699,1173734,1225433
36130239,149000,83909,232909
36130240,186153,957476,1143629
36130241,89191,1147302,1236493
36130243,0,1029521,1029521
36130245,0,889,889
36130247,11500,115417,126917
36130249,0,592737,592737
36130250,32175,99902,132077
36130251,232003,32634,264637
36130252,15000,902377,917377
36130253,478191,124000,602191
36130254,42941,497125,540066
36130255,104758,83071,187829
36130256,177505,345822,523327
36130258,76000,636000,712000
36130260,192511,586433,778944
36130261,372582,460539,833121
36130262,75000,820291,895291
36130264,82583,1646931,1729514
36130265,20000,104000,124000
36130268,13266,152943,166209
36130269,119076,10210,129286
36130271,85480,457168,542648
36130272,0,22008,22008
36130274,188340,1224006,1412346
36130277,157152,1060162,1217314
36130279,5000,330482,335482
36130280,23310,2081,25391
36130281,127990,100708,228698
36130282,155436,62990,218426
36130284,43675,819451,863126
36130285,73000,895745,968745
36130287,16050,864933,880983
36130288,0,552189,552189
36130291,0,387000,387000
36130292,0,3902,3902
36130294,72451,1612,74063
36130295,27936,886717,914653
36130300,46462,959520,1005982
36130301,12000,1023485,1035485
36130303,100000,1424263,1524263
36130304,0,906431,906431
36130307,98964,310335,409299
36130308,30000,24761,54761
36130311,65216,54418,119634
36130312,58701,937322,996023
36130313,106899,945755,1052654
36130315,22000,172090,194090
36130318,78400,909619,988019
36130319,64000,783385,847385
36130320,44060,836321,880381
36130321,0,825344,825344
36130322,100000,354457,454457
36130323,86025,51072,137097
36130325,0,0,0
36130326,56214,568814,625028
36130328,79530,1158549,1238079
36130329,62240,856036,918276
36130331,156575,1263886,1420461
36130332,77000,475176,552176
36130333,0,432086,432086
36130334,0,185995,185995
36130336,0,467865,467865
36130337,36000,481448,517448
36130339,79048,463361,542409
36130341,0,287967,287967
36130342,0,500855,500855
36130343,118135,0,118135
36130346,32600,68070,100670
36130348,21000,483055,504055
36130349,10000,101313,111313
36130350,40500,155316,195816
36130351,0,367148,367148
36130353,1533,60403,61936
36130354,0,559259,559259
36130356,50000,123966,173966
36130357,28705,184845,213550
36130358,0,124759,124759
36130359,26000,144623,170623
36130360,111555,283368,394923
36130361,30436,119242,149678
36130362,43003,151292,194295
36130364,108561,225430,333991
36130365,0,136827,136827
36130366,102000,172138,274138
36130367,5800,20294,26094
36130368,0,7943,7943
36130369,80000,959135,1039135
36130370,0,579099,579099
36130372,34115,418553,452668
36130374,0,1040325,1040325
36130375,0,69615,69615
36130381,54000,106723,160723
36130382,0,20688,20688
36130383,0,516228,516228
36130386,0,144546,144546
36130388,25357,2983,28340
36130389,0,0,0
36130390,0,165000,165000
36130391,30000,323802,353802
36130392,34451,74561,109012
36130393,0,0,0
36130394,0,131733,131733
36130395,85880,84096,169976
36130396,99684,294619,394303
36130397,90408,173252,263660
36130398,0,281025,281025
36130399,0,0,0
36130400,0,0,0
36130401,0,298873,298873
36130402,0,160457,160457
36130403,113378,229384,342762
36130404,36355,543098,579453
36130405,0,126865,126865
36130406,118862,917499,1036361
36130410,0,0,0
36130412,149157,119668,268825
36130415,3750,792466,796216
36130416,2243,256705,258948
36130417,102526,193672,296198
36130418,0,967627,967627
36130419,197605,218625,416230
36130420,48325,482641,530966
36130421,80000,510836,590836
36130422,20000,976942,996942
36130423,20000,165998,185998
36130424,115361,501886,617247
36130427,50000,55991,105991
36130428,53300,1198820,1252120
36130429,14700,34290,48990
36130430,0,566015,566015
36130431,90000,71689,161689
36130433,54954,36775,91729
36130434,100374,13342,113716
36130435,0,517744,517744
36130436,498,508546,509044
36130437,49888,514310,564198
36130439,92286,22202,114488
36130442,2500,151192,153692
36130443,0,501335,501335
36130444,0,556598,556598
36130445,19160,82018,101178
36130446,0,520453,520453
36130447,0,529215,529215
36130448,86659,188174,274833
36130449,35000,470717,505717
36130450,0,163615,163615
36130451,40000,1099618,1139618
36130452,90000,407892,497892
36130453,15000,852736,867736
36130454,150409,40155,190564
36130455,24400,138649,163049
36130457,71454,514822,586276
36130458,0,773221,773221
36130459,7500,203313,210813
36130460,78453,411520,489973
36130463,65902,326332,392234
36130465,148531,1023224,1171755
36130466,30000,44855,74855
36130468,0,675687,675687
36130469,33130,278898,312028
36130471,12000,269047,281047
36130472,31714,224841,256555
36130475,81389,247283,328672
36130476,164780,1313810,1478590
36130478,11903,644910,656813
36130479,15000,90686,105686
36130480,29776,39324,69100
36130482,46000,434211,480211
36130485,155476,452861,608337
36130486,261913,870210,1132123
36130487,0,1071590,1071590
36130488,0,528786,528786
36130489,111299,77599,188898
36130490,14214,461302,475516
36130491,0,138486,138486
36130492,148073,498471,646544
36130494,0,442312,442312
36130496,108564,455752,564316
36130497,0,121068,121068
36130500,74000,61474,135474
36130503,0,94923,94923
36130504,60782,875378,936160
36130506,0,925158,925158
36130507,118430,868928,987358
36130508,100000,979230,1079230
36130509,0,829274,829274
36130510,0,0,0
36130511,85152,823896,909048
36130512,36800,410505,447305
36130513,27047,426780,453827
36130514,37295,138521,175816
36130515,61000,428,61428
36130516,30000,59039,89039
36130517,0,9510,9510
36130518,150000,98551,248551
36130520,0,1029327,1029327
36130521,38487,84276,122763
36130523,114500,555,115055
36130524,52828,821620,874448
36130525,14330,1082502,1096832
36130526,46354,23936,70290
36130527,0,159238,159238
36130530,39000,260417,299417
36130532,69499,339468,408967
36130533,0,109000,109000
36130534,0,101677,101677
36130536,49000,40127,89127
36130537,83000,850021,933021
36130538,90000,68447,158447
36130539,155000,501560,656560
36130540,68378,386,68764
36130544,80000,130159,210159
36130545,80480,84334,164814
36130546,0,482003,482003
36130548,0,105950,105950
36130549,11741,141903,153644
36130550,85905,919635,1005540
36130551,0,531204,531204
36130552,0,150780,150780
36130556,0,603307,603307
36130558,147000,121509,268509
36130559,50000,573814,623814
36130561,276000,481,276481
36130563,24250,435144,459394
36130566,80000,3118,83118
36130567,13000,210603,223603
36130568,168747,1054644,1223391
36130570,0,108,108
36130571,48000,35366,83366
36130573,0,218561,218561
36130577,100000,910538,1010538
36130584,0,0,0
36130588,40000,450201,490201
36130589,25000,447314,472314
36130591,40000,1057,41057
36130593,4000,455197,459197
36130595,40000,35939,75939
36130596,0,626643,626643
36130597,9040,131862,140902
36130600,50164,22000,72164
36130601,0,0,0
36130602,114757,86000,200757
36130604,0,0,0
36130605,0,124884,124884
36130606,0,621625,621625
36130607,40320,570517,610837
36130608,41152,13891,55043
36130609,102675,361,103036
36130610,16375,49034,65409
36130611,72356,15224,87580
36130612,0,0,0
36130613,169184,1069587,1238771
36130614,60000,54257,114257
36130615,117603,913150,1030753
36130616,195000,524355,719355
36130617,8330,151116,159446
36130619,0,0,0
36130620,92755,35048,127803
36130621,252788,419719,672507
36130623,0,417147,417147
36130624,4600,36460,41060
36130625,69978,34870,104848
36130626,263399,129941,393340
36130627,35237,267831,303068
36130635,48900,1123206,1172106
36130641,50000,439331,489331
36130655,5485,963304,968789
36130659,0,864883,864883
36130660,167000,358058,525058
36130662,0,0,0
36130669,2498,919498,921996
36130672,0,0,0
36130673,48225,896117,944342
36130678,0,0,0
36130685,145493,930107,1075600
36130698,67809,930359,998168
36130706,65000,41478,106478
36130717,0,0,0
36130720,106224,120582,226806
36130721,114000,209688,323688
36130727,0,102000,102000
36130731,68505,837042,905547
36130732,0,0,0
36130736,42195,933374,975569
36130775,6461,814816,821277
36130800,45316,544198,589514
36130801,63944,907398,971342
36130802,0,445587,445587
36130810,45000,6261,51261
36140001,471947,278557,750504
36140002,95000,214436,309436
36140003,699366,548825,1248191
36140004,173346,128825,302171
36140005,219594,1352978,1572572
36140006,0,0,736217
36140007,163190,200902,364092
36140008,71347,1621129,1692476
36140009,0,0,0
36140010,0,825114,825114
36140011,55280,983328,1038608
36140012,22578,426324,448902
36140013,0,0,0
36140014,0,0,0
36140015,385610,336406,722016
36140016,303884,1280928,1584812
36140017,4768,1301353,1306121
36140018,105410,38314,143724
36140019,62000,373788,435788
36140020,124769,28462,153231
36140021,68171,150408,218579
36140022,52006,371826,423832
36140023,143160,169330,312490
36140024,35860,233098,268958
36140025,0,271111,271111
36140026,0,0,0
36140027,101500,575103,676603
36140028,0,239795,239795
36140029,60551,199737,260288
36140030,80000,136665,216665
36140031,98000,299864,397864
36140032,232850,385254,618104
36140033,0,288074,288074
36140034,0,982571,982571
36140035,40000,1398024,1438024
36140036,26278,485836,512114
36140037,76700,1060,77760
36140038,120480,414486,534966
36140039,5470,1243352,1248822
36140040,0,0,0
36140041,0,151408,151408
36140042,0,1374629,1374629
36140043,56939,907,57846
36140044,105941,116708,222649
36140045,82193,193315,275508
36140046,186792,234112,420904
36140048,110320,1525,111845
36140049,0,102710,102710
36140050,0,291363,291363
36140051,0,0,0
36140052,0,290917,290917
36140053,0,167768,167768
36140055,0,114063,114063
36140056,9844,106879,116723
36140057,0,168842,168842
36140058,0,139909,139909
36140059,79000,47945,126945
36140060,80000,57140,137140
36140061,115000,247468,362468
36140063,0,209667,209667
36140064,42950,118866,161816
36140065,95500,117645,213145
36140066,0,61474,61474
36140068,50000,150696,200696
36140071,71284,9117,80401
36140072,225549,268425,493974
36140073,51934,38633,90567
36140074,0,794,794
36140075,65000,91739,156739
36140076,103113,34416,137529
36140077,85984,18448,104432
36140078,49900,248282,298182
36140079,57048,55121,112169
36140080,63337,656,63993
36140081,93012,71856,164868
36140082,120094,47307,167401
36140083,96000,61198,157198
36140084,0,6189,6189
36140085,32900,34091,66991
36140087,35000,39513,74513
36140088,62455,64946,127401
36140089,0,0,0
36140090,25000,34759,59759
36140092,55000,68216,123216
36140093,1160,188136,189296
36140094,0,234569,234569
36140099,6000,114334,120334
36140101,27137,1018562,1045699
36140102,53020,19999,73019
36140103,144475,73,144548
36140104,29456,88357,117813
36140106,22743,189700,212443
36140109,0,415838,415838
36140110,121577,30869,152446
36140111,49950,62554,112504
36140112,0,97206,97206
36140117,3143,102007,105150
36140119,65000,169654,234654
36140120,0,0,0
36140121,82264,135213,217477
36140122,106437,97165,203602
36140123,94500,450,94950
36140124,49500,87163,136663
36140125,112000,130344,242344
36140126,0,79555,79555
36140128,0,0,0
36140130,1116,778,1894
36140131,0,312,312
36140134,3529,74965,78494
36140136,0,826013,826013
36140138,6414,678027,684441
36140139,0,543913,543913
36140140,5000,1294108,1299108
36140141,110361,11881,122242
36140142,0,0,0
36140143,136300,115158,251458
36140144,99000,63621,162621
36140145,7584,1201841,1209425
36140147,0,1057079,1057079
36140148,0,0,12398
36140149,4408,115079,119487
36140151,100000,830488,930488
36140152,115352,471855,587207
36140153,0,0,0
36140154,0,961389,961389
36140155,187668,409023,596691
36140156,38000,134355,172355
36140157,0,921814,921814
36140158,0,1396648,1396648
36140159,83540,519111,602651
36140160,63290,427693,490983
36140161,0,1018239,1018239
36140162,72288,718794,791082
36140163,0,1166328,1166328
36140164,164978,407777,572755
36140165,113500,1001362,1114862
36140166,0,43293,43293
36140167,50000,335556,385556
36140168,0,1143579,1143579
36140169,44187,133521,177708
36140170,0,0,0
36140171,0,639006,639006
36140172,0,633306,633306
36140174,100000,1053288,1153288
36140175,69368,775,70143
36140176,60196,964827,1025023
36140177,0,198069,198069
36140180,150000,400520,550520
36140181,0,806458,806458
36140182,0,496936,496936
36140183,0,605632,605632
36140184,38000,25493,63493
36140185,70000,990133,1060133
36140186,0,0,631051
36140187,0,917000,917000
36140188,55159,634043,689202
36140190,0,165846,165846
36140191,0,342913,342913
36140192,0,458190,458190
36140193,47090,875379,922469
36140194,0,848,848
36140196,0,169116,169116
36140197,0,509727,509727
36140198,27000,1238,28238
36140199,51386,103080,154466
36140200,0,410807,410807
36140201,112848,631901,744749
36140202,0,600982,600982
36140203,0,174902,174902
36140205,290,616558,616848
36140206,69472,516793,586265
36140207,0,514789,514789
36140208,20000,35296,55296
36140209,40000,6915,46915
36140210,0,545975,545975
36140211,0,714517,714517
36140212,5699,491899,497598
36140213,0,206620,206620
36140214,70000,924269,994269
36140215,86200,12893,99093
36140216,94310,85438,179748
36140217,9288,433821,443109
36140218,0,491535,491535
36140219,0,463416,463416
36140220,20000,833391,853391
36140221,0,0,0
36140222,0,146611,146611
36140223,0,1144627,1144627
36140224,0,1068816,1068816
36140225,50000,418613,468613
36140226,120200,437589,557789
36140227,50000,67183,117183
36140228,0,3857,3857
36140229,0,115688,115688
36140230,50000,519009,569009
36140231,50000,100325,150325
36140232,0,0,0
36140233,50000,380018,430018
36140234,162941,443267,606208
36140235,8877,337922,346799
36140236,0,236328,236328
36140237,44000,446465,490465
36140238,0,506495,506495
36140239,0,0,0
36140240,85000,1863,86863
36140241,0,518344,518344
36140243,43000,484564,527564
36140244,0,79353,79353
36140245,153670,977608,1131278
36140246,200175,451535,651710
36140247,0,916240,916240
36140248,47000,502850,549850
36140250,0,34965,34965
36140251,0,309964,309964
36140252,0,170078,170078
36140253,29500,443210,472710
36140254,90000,988181,1078181
36140255,0,622092,622092
36140256,35000,621405,656405
36140257,0,475832,475832
36140258,0,50000,50000
36140259,50000,80365,130365
36140260,0,574468,574468
36140261,29000,613,29613
36140262,15500,56786,72286
36140263,0,0,0
36140264,0,500504,500504
36140266,0,0,0
36140268,0,0,0
36140273,0,100,100
36140274,0,100,100
36140275,26000,77478,103478
36140279,0,379,379
36140280,0,100,100
36140281,0,788,788
36140283,0,21448,21448
36140289,0,500,500
36140292,100000,120729,220729
36140293,0,342785,342785
36140298,53318,10297,63615
36140302,0,500,500
36140303,0,500,500
36140304,0,0,0
36140305,46569,4554,51123
36140307,0,0,0
36140308,149082,65970,215052
36140329,141125,5456,146581
36140330,78945,1099117,1178062
36140331,0,8530,8530
36140401,32000,973504,1005504
36140402,99267,38024,137291
36140403,90,91328,91418
36310001,228629,1313494,1542123
36310002,324758,204280,529038
36310003,556276,12446,568722
36310004,236150,991,237141
36310005,316080,1839412,2155492
36310006,0,803478,803478
36310007,564692,213894,778586
36310008,333553,277565,611118
36310009,305910,2008,307918
36310010,88126,185573,273699
36310011,154448,775,155223
36310012,157410,159296,316706
36310013,0,0,0
36310014,188690,129564,318254
36310015,126500,155524,282024
36310016,178192,1015380,1193572
36310017,0,149783,149783
36310018,191600,188,191788
36310019,171946,368612,540558
36310020,270858,0,270858
36310021,224981,1607,226588
36310022,232500,190087,422587
36310023,130535,4254,134789
36310024,0,0,0
36310025,272084,2892,274976
36310026,199745,821,200566
36310027,191353,0,191353
36310028,0,176310,176310
36310029,0,0,0
36310030,508857,1110203,1619060
36310031,412617,30678,443295
36310032,694355,31,694386
36310033,379452,0,379452
36310034,178992,0,178992
36310035,174477,842124,1016601
36310036,0,301672,301672
36310037,106290,111631,217921
36310038,208078,85390,293468
36310039,289182,201967,491149
36310040,170117,421896,592013
36310041,0,327333,327333
36310042,0,0,0
36310043,219000,401,219401
36310044,92931,217962,310893
36310045,14313,42814,57127
36310046,171118,154566,325684
36310047,172725,195754,368479
36310048,0,0,0
36310049,127000,60615,187615
36310050,135000,178270,313270
36310051,212964,118027,330991
36310052,132190,30151,162341
36310053,101705,289278,390983
36310054,0,1243169,1243169
36310055,109828,309922,419750
36310056,175179,340011,515190
36310057,102408,163373,265781
36310058,0,0,0
36310059,50886,96440,147326
36310060,50000,323813,373813
36310062,105679,145365,251044
36310063,204775,233786,438561
36310064,101762,91637,193399
36310065,390433,3049,393482
36310066,211000,189519,400519
36310067,40000,42903,82903
36310068,61987,759913,821900
36310069,172426,237570,409996
36310070,206528,30891,237419
36310071,4080,240705,244785
36310072,89000,1281,90281
36310073,303761,350067,653828
36310074,0,898498,898498
36310075,173557,567264,740821
36310076,333207,741995,1075202
36310077,0,0,0
36310078,20000,221826,241826
36310079,148517,50,148567
36310080,200000,131699,331699
36310081,131659,3956,135615
36310082,50000,222334,272334
36310083,64000,110704,174704
36310084,130000,77474,207474
36310085,173326,397400,570726
36310086,100000,169796,269796
36310087,180000,108956,288956
36310088,271500,514795,786295
36310089,188000,300193,488193
36310090,191739,414842,606581
36310092,39345,89958,129303
36310093,100000,299179,399179
36310094,113608,113,113721
36310095,200000,716,200716
36310096,18247,805181,823428
36310097,60000,165249,225249
36310098,360200,35655,395855
36310099,145179,6784,151963
36310100,147000,111738,258738
36310102,68208,118069,186277
36310103,0,65072,65072
36310104,192000,125050,317050
36310105,250580,72592,323172
36310106,154458,85555,240013
36310107,7750,791721,799471
36310108,311310,1500,312810
36310109,300000,523174,823174
36310110,114160,1068804,1182964
36310111,132179,20540,152719
36310112,150547,58372,208919
36310113,150684,4722,155406
36310114,265510,2772,268282
36310115,0,271884,271884
36310116,50000,243093,293093
36310117,220000,18661,238661
36310118,87390,89888,177278
36310119,160174,432,160606
36310120,98000,2788,100788
36310121,221000,925,221925
36310123,110000,109395,219395
36310124,30000,212242,242242
36310125,0,194151,194151
36310126,225991,210281,436272
36310127,0,0,0
36310128,100000,78153,178153
36310129,123847,125255,249102
36310130,138803,1127,139930
36310131,118695,730,119425
36310132,134000,1465,135465
36310133,194277,0,194277
36310134,188000,98834,286834
36310135,90000,8192,98192
36310136,82000,93447,175447
36310137,99372,106475,205847
36310138,45000,84398,129398
36310139,183259,5685,188944
36310140,553060,21032,574092
36310144,54943,29206,84149
36310145,63500,45413,108913
36310146,54521,49427,103948
36310148,71800,82591,154391
36310149,168931,100043,268974
36310150,175000,556408,731408
36310151,129036,69396,198432
36310153,58668,974724,1033392
36310154,132000,103460,235460
36310156,150000,34114,184114
36310157,62500,304499,366999
36310158,48800,58521,107321
36310159,41115,395638,436753
36310162,95000,14503,109503
36310163,70580,19681,90261
36310165,40000,96329,136329
36310166,56200,914221,970421
36310167,8000,61491,69491
36310168,126000,960,126960
36310170,30500,868667,899167
36310171,65500,518,66018
36310172,64370,65082,129452
36310173,164500,12246,176746
36310174,200000,38608,238608
36310175,0,39687,39687
36310179,92000,856839,948839
36310181,105000,14640,119640
36310183,98639,263,98902
36310186,75000,24620,99620
36310188,30000,112143,142143
36310189,94614,57284,151898
36310190,50000,131470,181470
36310191,114241,102,114343
36310193,45000,876219,921219
36310194,34400,81,34481
36310195,45000,963693,1008693
36310196,120829,66193,187022
36310197,45000,56334,101334
36310198,45000,13257,58257
36310199,95000,890419,985419
36310200,116000,7216,123216
36310201,207796,40925,248721
36310203,50000,39503,89503
36310204,151000,65786,216786
36310205,30700,23421,54121
36310207,40000,724319,764319
36310209,121762,53640,175402
36310211,80000,834685,914685
36310213,0,4472,4472
36310214,87000,70024,157024
36310215,220095,412660,632755
36310216,79535,442039,521574
36310217,0,0,829708
36310218,0,0,0
36310219,18000,643499,661499
36310220,62286,148477,210763
36310221,105810,1994,107804
36310222,53798,279733,333531
36310223,99300,75566,174866
36310224,105990,73905,179895
36310225,0,50186,50186
36310227,100000,843676,943676
36310228,89700,129333,219033
36310231,24000,124258,148258
36310233,35000,52576,87576
36310234,0,79934,79934
36310238,76459,43819,120278
36310239,50580,920040,970620
36310240,19000,932708,951708
36310241,89255,117738,206993
36310245,57000,625375,682375
36310246,75000,406545,481545
36310247,40000,135846,175846
36310249,0,108602,108602
36310251,47500,62115,109615
36310253,137678,63102,200780
36310254,112712,940530,1053242
36310256,51270,929084,980354
36310259,154000,98303,252303
36310261,45500,493,45993
36310262,131491,85,131576
36310263,42473,165587,208060
36310265,48753,0,48753
36310266,60031,20649,80680
36310267,63000,850666,913666
36310268,50000,81225,131225
36310269,12000,962416,974416
36310270,22000,571438,593438
36310271,92500,886378,978878
36310272,15000,893960,908960
36310273,50000,444796,494796
36310274,124000,401564,525564
36310275,49500,20852,70352
36310276,30000,477135,507135
36310281,175000,769141,944141
36310283,160299,935660,1095959
36310285,100580,250998,351578
36310286,0,0,0
36310287,53500,362,53862
36310288,158595,72630,231225
36310289,250000,161523,411523
36310290,5330,1085926,1091256
36310291,69200,51465,120665
36310292,50000,59984,109984
36310293,11639,69386,81025
36310294,94500,155,94655
36310295,38930,1062320,1101250
36310296,152000,79473,231473
36310297,55000,832537,887537
36310298,160000,948136,1108136
36310299,48005,36127,84132
36310300,135700,862319,998019
36310301,95000,857198,952198
36310302,18551,63902,82453
36310303,35000,829344,864344
36310304,20000,202601,222601
36310305,86222,945059,1031281
36310306,26000,927549,953549
36310308,101900,32,101932
36310310,57000,847600,904600
36310311,58590,827647,886237
36310312,76000,17144,93144
36310313,0,0,11008
36310314,40000,105231,145231
36310315,0,1066741,1066741
36310316,65000,379,65379
36310317,94824,3930,98754
36310318,40000,52088,92088
36310319,64500,851565,916065
36310320,20000,863642,883642
36310321,132605,184588,317193
36310322,26228,1108001,1134229
36310323,99374,1064539,1163913
36310325,50000,870861,920861
36310326,57749,236220,293969
36310327,45000,50405,95405
36310328,100000,5586,105586
36310329,111636,1437,113073
36310330,10000,1010334,1020334
36310331,72497,19462,91959
36310334,114000,8339,122339
36310335,25000,54010,79010
36310336,35000,82553,117553
36310337,169000,100309,269309
36310338,45000,1848,46848
36310339,138000,943075,1081075
36310340,137096,179590,316686
36310342,213308,37598,250906
36310343,38000,6164,44164
36310345,108000,629,108629
36310346,251000,102,251102
36310347,220000,45350,265350
36310348,121870,159747,281617
36310349,85000,1920,86920
36310350,61550,72463,134013
36310351,115000,746,115746
36310352,193221,270306,463527
36310354,50000,19199,69199
36310355,50000,36024,86024
36310356,55678,69572,125250
36310358,150000,455597,605597
36310359,10886,81265,92151
36310360,70000,27704,97704
36310361,78000,1146,79146
36310362,111000,2941,113941
36310363,120000,57036,177036
36310364,46000,40115,86115
36310365,109000,220171,329171
36310366,60000,2308,62308
36310367,65000,2036,67036
36310368,80580,494994,575574
36310370,125000,5161,130161
36310371,40000,408088,448088
36310372,214410,2135,216545
36310373,150000,24253,174253
36310374,40000,82842,122842
36310375,100000,14736,114736
36310376,30000,528819,558819
36310377,30000,19683,49683
36310378,464017,211,464228
36310379,74667,24697,99364
36310380,0,0,0
36310381,110000,987138,1097138
36310382,35000,142818,177818
36310383,95800,41580,137380
36310384,23658,269052,292710
36310385,48080,63699,111779
36310387,45000,46940,91940
36310388,105118,0,105118
36310389,95000,186995,281995
36310390,59000,30204,89204
36310391,116503,123021,239524
36310392,30000,31843,61843
36310394,22500,200678,223178
36310395,95000,108710,203710
36310396,140000,256,140256
36310397,178470,225923,404393
36310398,121540,33261,154801
36310399,10000,158805,168805
36310400,67000,31661,98661
36310401,69200,7690,76890
36310402,64000,25527,89527
36310404,420659,171916,592575
36310405,30000,252653,282653
36310406,167067,90394,257461
36310407,115000,9571,124571
36310408,52500,3001,55501
36310409,73107,478541,551648
36310410,100000,244159,344159
36310411,81140,106813,187953
36310412,75000,567,75567
36310413,35000,178,35178
36310415,240000,15116,255116
36310416,125000,727,125727
36310417,253900,1747,255647
36310418,100000,171297,271297
36310419,278290,15494,293784
36310420,47000,372,47372
36310421,75000,5091,80091
36310422,80000,202622,282622
36310424,92720,147183,239903
36310425,100000,182011,282011
36310426,46000,19464,65464
36310427,192000,872056,1064056
36310428,96665,99186,195851
36310429,40000,37137,77137
36310430,116500,101934,218434
36310431,145000,159245,304245
36310432,88080,205370,293450
36310433,120000,6921,126921
36310435,116671,32416,149087
36310436,100333,123342,223675
36310437,81000,42692,123692
36310438,118000,61857,179857
36310439,63000,10845,73845
36310440,134010,1043690,1177700
36310441,96500,234159,330659
36310442,307579,894357,1201936
36310443,105000,21687,126687
36310445,201794,29450,231244
36310446,73500,31653,105153
36310448,0,292031,292031
36310449,85000,59752,144752
36310450,80000,6106,86106
36310451,90000,34637,124637
36310452,60000,16351,76351
36310453,25000,67060,92060
36310454,100000,64730,164730
36310455,204174,18948,223122
36310456,37800,22041,59841
36310457,0,154252,154252
36310458,112000,9092,121092
36310459,175000,40276,215276
36310460,53000,1,53001
36310461,0,0,0
36310462,57042,38264,95306
36310463,90000,22356,112356
36310464,24500,481592,506092
36310465,7500,588435,595935
36310466,75000,53532,128532
36310467,115000,548367,663367
36310468,43500,35019,78519
36310469,45641,10530,56171
36310470,126000,98585,224585
36310471,43580,52025,95605
36310473,47000,20069,67069
36310474,61000,441386,502386
36310475,239048,484,239532
36310476,82000,15289,97289
36310477,100000,123971,223971
36310478,0,140352,140352
36310479,140265,54554,194819
36310480,125580,128879,254459
36310481,24000,486,24486
36310482,93000,2664,95664
36310483,482293,40,482333
36310484,319000,13929,332929
36310485,143000,98,143098
36310486,100000,158753,258753
36310487,85000,9123,94123
36310488,77308,341,77649
36310489,75000,25220,100220
36310490,66000,939,66939
36310491,89000,36453,125453
36310492,87000,850,87850
36310493,57222,436390,493612
36310494,130704,54750,185454
36310495,49772,1174,50946
36310496,55000,25739,80739
36310497,119225,450040,569265
36310498,156000,50929,206929
36310499,100000,28380,128380
36310501,0,974314,974314
36310502,387000,970,387970
36310503,197800,172,197972
36310504,150000,27705,177705
36310505,124154,168905,293059
36310507,35000,38366,73366
36310508,60000,70955,130955
36310509,25000,58081,83081
36310510,63000,1114317,1177317
36310511,20000,33867,53867
36310512,112726,29,112755
36310513,93717,199176,292893
36310514,50000,48291,98291
36310515,174000,116874,290874
36310516,79000,14083,93083
36310517,59000,96743,155743
36310518,49000,400118,449118
36310519,580,94727,95307
36310520,73000,5296,78296
36310524,76229,111770,187999
36310535,50000,836328,886328
36310545,60000,804574,864574
36310550,20000,962907,982907
36310553,0,0,0
36310557,23500,571991,595491
36310559,0,853907,853907
36310560,100000,432751,532751
36310562,94500,900869,995369
36310565,39000,443,39443
36310568,46284,51183,97467
36310569,74160,4860,79020
36310572,313248,430760,744008
36310574,220829,4613,225442
36310575,78700,41137,119837
36310576,121500,1096037,1217537
36310579,55000,35269,90269
36310619,115000,12978,127978
36310624,45000,6018,51018
36310625,75000,565,75565
36310628,193846,40474,234320
36310629,0,0,0
36310630,0,281,281
36310631,65000,116629,181629
36310632,50000,59280,109280
36310633,33653,42272,75925
36320001,419658,410619,830277
36320002,416566,8709,425275
36320003,0,340381,340381
36320004,300053,3311,303364
36320005,0,0,0
36320006,907575,15633,923208
36320007,154208,821578,975786
36320008,289655,4150,293805
36320009,281120,6213,287333
36320010,174870,717,175587
36320011,261500,500,262000
36320012,741565,1419395,2160960
36320013,49980,1108433,1158413
36320014,256601,1528,258129
36320015,100000,154638,254638
36320016,332679,55915,388594
36320017,739558,1050,740608
36320018,391720,442,392162
36320019,0,0,0
36320020,243997,7688,251685
36320021,0,137678,137678
36320022,285024,153392,438416
36320023,0,309314,309314
36320024,103889,337446,441335
36320025,0,0,0
36320026,842012,0,842012
36320027,188501,1093908,1282409
36320028,114471,944238,1058709
36320029,0,0,0
36320030,379981,334572,714553
36320031,140840,355456,496296
36320032,349859,1459,351318
36320033,307000,319,307319
36320034,186777,1987685,2174462
36320035,0,0,0
36320036,303000,864487,1167487
36320037,402584,10544,413128
36320038,0,0,0
36320039,256100,202364,458464
36320041,346323,434815,781138
36320042,149740,0,149740
36320043,97208,946804,1044012
36320044,115226,358755,473981
36320045,263012,78468,341480
36320046,156772,45930,202702
36320047,200000,108397,308397
36320048,173668,15422,189090
36320049,193731,871966,1065697
36320050,169000,20199,189199
36320051,80000,67,80067
36320052,369154,1502,370656
36320053,198500,176605,375105
36320054,119479,38277,157756
36320055,267019,300,267319
36320056,181763,188477,370240
36320057,99000,400192,499192
36320058,200000,830,200830
36320059,50000,180938,230938
36320060,0,620614,620614
36320061,150000,1693,151693
36320062,240468,1838,242306
36320063,0,0,0
36320064,296997,4879,301876
36320065,75500,143,75643
36320066,130520,143912,274432
36320067,170000,59094,229094
36320068,0,283985,283985
36320069,200000,541158,741158
36320070,261857,432033,693890
36320071,48500,228745,277245
36320072,0,0,0
36320073,0,842251,842251
36320074,130000,152073,282073
36320075,191824,210504,402328
36320076,242000,838,242838
36320078,57433,1377023,1434456
36320079,113200,129850,243050
36320080,0,0,0
36320081,0,1088791,1088791
36320082,380000,814215,1194215
36320083,0,0,0
36320084,100000,15334,115334
36320085,69000,850,69850
36320086,0,0,0
36320087,86000,476,86476
36320088,68000,1136,69136
36320089,179000,821,179821
36320090,57000,739,57739
36320091,122500,2282,124782
36320092,128000,387,128387
36320093,147340,683,148023
36320094,98448,4175,102623
36320095,70000,13555,83555
36320096,192549,8094,200643
36320097,122637,1941,124578
36320098,79000,71028,150028
36320099,102403,1963,104366
36320100,0,0,0
36320101,130163,3052,133215
36320102,98970,1655,100625
36320103,68000,238,68238
36320104,137600,741,138341
36320105,100000,69167,169167
36320106,125000,1768,126768
36320107,66000,632,66632
36320108,28866,106121,134987
36320109,119000,180,119180
36320110,0,52366,52366
36320111,110500,15718,126218
36320112,88232,6107,94339
36320113,50000,1013,51013
36320115,57512,35209,92721
36320116,49600,36678,86278
36320117,39000,458,39458
36320118,50000,51397,101397
36320119,38000,24677,62677
36320120,69320,618,69938
36320121,50000,60035,110035
36320122,108697,80559,189256
36320124,0,124001,124001
36320125,77000,154,77154
36320126,102000,596,102596
36320127,79290,143,79433
36320128,73000,709,73709
36320129,43000,6564,49564
36320130,46000,4584,50584
36320131,74000,1404,75404
36320132,63000,941,63941
36320133,80354,960,81314
36320134,35000,20478,55478
36320135,0,0,0
36320137,160000,581,160581
36320138,140000,790,140790
36320139,100000,9143,109143
36320140,90500,2984,93484
36320141,87000,404,87404
36320142,0,142840,142840
36320143,0,0,0
36320144,0,4457,4457
36320145,90000,355,90355
36320146,170000,298,170298
36320147,144687,0,144687
36320150,0,0,0
36320151,0,0,0
36320152,83000,527,83527
36320153,25000,26937,51937
36320154,77500,5369,82869
36320155,54000,541,54541
36320156,0,0,0
36320157,72000,84,72084
36320159,52000,2,52002
36320160,57500,491,57991
36320161,50000,51291,101291
36320162,26000,75,26075
36320163,94525,38817,133342
36320164,22500,659,23159
36320165,51500,6972,58472
36320166,0,0,0
36320168,55000,4499,59499
36320169,81700,915,82615
36320170,85536,754,86290
36320171,50000,3013,53013
36320172,0,0,0
36320173,0,0,0
36320174,45000,12919,57919
36320175,95000,233,95233
36320176,150000,9181,159181
36320178,103680,14,103694
36320179,139000,189,139189
36320180,0,253500,253500
36320181,60000,2224,62224
36320182,111636,53901,165537
36320183,73000,711,73711
36320184,49000,120,49120
36320186,99096,91267,190363
36320187,70000,88,70088
36320188,76040,6290,82330
36320189,18220,51439,69659
36320190,0,0,0
36320191,0,0,0
36320192,80000,12376,92376
36320193,95000,87163,182163
36320194,150000,46266,196266
36320195,115000,62420,177420
36320196,50000,2225,52225
36320197,21500,22661,44161
36320198,0,84350,84350
36320199,40000,40284,80284
36320201,81000,717,81717
36320202,164005,40208,204213
36320203,0,0,0
36320204,0,0,0
36320205,109166,0,109166
36320206,120000,37760,157760
36320208,117000,39991,156991
36320209,170000,426,170426
36320210,0,0,0
36320211,55220,30915,86135
36320212,0,0,0
36320213,40000,7864,47864
36320215,68095,0,68095
36320216,74000,591,74591
36320217,0,0,0
36320218,100000,14613,114613
36320219,95000,1386,96386
36320220,44500,52112,96612
36320221,56000,112,56112
36320222,40000,1694,41694
36320223,0,71238,71238
36320224,80000,298,80298
36320225,120000,4144,124144
36320226,124500,175,124675
36320227,150000,19163,169163
36320228,140000,14317,154317
36320229,70000,38339,108339
36320231,85000,1135,86135
36320232,0,69859,69859
36320234,0,0,0
36320235,145461,4578,150039
36320236,105000,1740,106740
36320238,74044,815,74859
36320241,109000,303,109303
36320242,75000,376,75376
36320243,90200,172,90372
36320244,60000,3877,63877
36320245,75000,6050,81050
36320246,50000,74027,124027
36320247,60000,64211,124211
36320248,76000,2163,78163
36320249,72996,1154,74150
36320253,28600,704,29304
36320254,57000,522,57522
36320255,40000,19028,59028
36320256,55499,1384,56883
36320258,50000,63013,113013
36320260,137000,122,137122
36320262,55000,1169,56169
36320263,83000,1290,84290
36320264,102500,226,102726
36320265,50000,44695,94695
36320267,150000,62747,212747
36320268,104000,558,104558
36320269,55000,894,55894
36320270,75000,11736,86736
36320273,0,0,0
36320274,0,0,0
36320275,94903,0,94903
36320276,67000,19,67019
36320277,64000,557,64557
36320278,0,0,0
36320279,90000,234,90234
36320280,45900,90905,136805
36320281,91000,10575,101575
36320283,120000,16356,136356
36320285,0,0,0
36320287,85000,92186,177186
36320288,56,56166,56222
36320289,64000,456,64456
36320290,0,0,0
36320291,0,0,0
36320292,0,0,0
36320293,49000,48976,97976
36320294,76000,466,76466
36320296,178720,411,179131
36320297,45000,1021,46021
36320298,99500,164,99664
36320299,100000,16900,116900
36320300,195916,410463,606379
36320302,95000,401000,496000
36320303,65000,1656,66656
36320304,91000,651,91651
36320305,53043,216,53259
36320306,90000,1267,91267
36320308,500290,1152,501442
36320309,67000,992,67992
36320310,200000,66021,266021
36320311,0,175910,175910
36320312,110000,32991,142991
36320313,50000,17623,67623
36320314,0,0,0
36320315,0,549897,549897
36320316,0,988795,988795
36320317,80000,2046,82046
36320318,171383,0,171383
36320319,286000,1453,287453
36320320,0,77862,77862
36320321,58000,927,58927
36320322,50000,33722,83722
36320323,160000,180869,340869
36320324,0,0,0
36320325,150000,37088,187088
36320326,0,115166,115166
36320327,0,51543,51543
36320328,100000,511049,611049
36320329,138000,412127,550127
36320330,0,65499,65499
36320331,114562,26856,141418
36320332,50580,35103,85683
36320333,40000,90186,130186
36320334,0,474870,474870
36320335,45000,44376,89376
36320336,27821,28989,56810
36320338,0,0,0
36320339,220000,710,220710
36320340,91000,232,91232
36320341,50000,513795,563795
36320342,98000,412215,510215
36320343,0,0,0
36320345,60000,94872,154872
36320346,0,0,0
36320347,100100,412510,512610
36320348,40000,37346,77346
36320349,0,0,0
36320350,0,109088,109088
36320351,56100,45,56145
36320352,60954,121154,182108
36320353,63000,183,63183
36320354,55000,5864,60864
36320355,0,89088,89088
36320357,174270,658688,832958
36320358,0,0,0
36320359,0,0,0
36320360,50000,60551,110551
36320361,126475,2163,128638
36320362,0,0,0
36320363,80000,1781,81781
36320364,84042,1367,85409
36320365,0,1082059,1082059
36320366,0,47237,47237
36320367,90000,540731,630731
36320368,219000,429436,648436
36320369,0,0,0
36320371,0,0,0
36320372,50000,49357,99357
36320373,154454,421761,576215
36320374,68000,1088,69088
36320375,0,0,0
36320376,45000,478,45478
36320377,30000,43290,73290
36320378,90000,949,90949
36320379,0,1471,1471
36320380,67000,1095,68095
36320381,25000,49896,74896
36320382,9410,177933,187343
36320384,47000,35786,82786
36320385,0,0,0
36320386,0,145241,145241
36320387,27742,59516,87258
36320388,98000,358,98358
36320389,140000,72552,212552
36320390,80000,486425,566425
36320391,195000,869,195869
36320392,50000,101130,151130
36320394,97293,147447,244740
36320395,70000,11649,81649
36320396,43715,537599,581314
36320397,120000,499,120499
36320398,108000,60674,168674
36320400,73000,261,73261
36320401,100000,39961,139961
36320402,0,0,0
36320403,16000,99584,115584
36320404,100000,33747,133747
36320405,50000,53457,103457
36320406,100000,5674,105674
36320407,115000,405931,520931
36320408,84515,111118,195633
36320409,120000,94671,214671
36320410,63000,130,63130
36320411,98000,164550,262550
36320412,80000,64270,144270
36320413,74280,0,74280
36320414,30000,232907,262907
36320415,188000,23813,211813
36320417,136232,70624,206856
36320418,47000,46577,93577
36320419,57000,411860,468860
36320420,80000,434620,514620
36320421,115000,48175,163175
36320422,37000,39403,76403
36320423,55000,465827,520827
36320424,171140,2958,174098
36320425,0,0,0
36320426,188678,1250114,1438792
36320427,0,0,0
36320428,0,0,0
36320429,45059,611,45670
36320430,30000,5136,35136
36320431,65000,1602,66602
36320432,0,0,0
36320433,57000,25401,82401
36320434,77000,811,77811
36320436,0,0,0
36320437,50000,41124,91124
36320438,0,0,0
36320439,136000,107393,243393
36320440,90000,823,90823
36320441,0,0,0
36320442,0,0,0
36320443,0,542837,542837
36320444,34781,37447,72228
36320445,130000,436801,566801
36320446,0,0,0
36320447,0,0,0
36320448,90000,40340,130340
36320449,130000,2021,132021
36320450,0,0,0
36320451,0,0,0
36320452,0,0,0
36320453,0,0,0
36320454,120000,410861,530861
36320456,46000,42999,88999
36320457,0,0,0
36320458,80000,1480,81480
36320459,86000,197,86197
36320461,80000,31015,111015
36320463,76662,0,76662
36320464,85299,45155,130454
36320465,96861,0,96861
36320466,95000,460550,555550
36320467,45000,43913,88913
36320468,70000,428661,498661
36320471,0,0,0
36320473,0,0,0
36320474,55000,22994,77994
36320477,32250,42660,74910
36320478,378000,522048,900048
36320479,68000,245,68245
36320480,74000,400269,474269
36320481,77678,282,77960
36320483,53000,696,53696
36320486,0,521766,521766
36320489,0,50171,50171
36320498,0,0,0
36320500,0,0,0
36320503,100000,37700,137700
36320506,73000,3483,76483
36320514,47000,110465,157465
36320516,10000,2195,12195
36320517,0,0,0
36320521,53000,53001,106001
36320523,0,0,0
36320533,75000,25480,100480
36320534,27000,818,27818
36320536,0,0,0
36320555,50000,87437,137437
36320556,451036,76626,527662
36320557,86000,674,86674
36320558,0,0,0
36320559,90000,18340,108340
36320561,68000,841930,909930
36320564,63000,948,63948
36320565,95000,95497,190497
36320566,102000,10905,112905
36320567,40460,24907,65367
36320574,100000,27683,127683
36320579,50000,3357,53357
36320580,70000,57847,127847
36320582,56000,807,56807
36320586,95000,823,95823
36320588,123000,129605,252605
36320589,0,0,0
36320590,100000,733870,833870
36320600,0,47907,47907
36320601,100000,61054,161054
36320609,0,46664,46664
36320610,79960,0,79960
36320611,27000,38992,65992
36320612,33192,62608,95800
36320613,150000,444777,594777
36320614,61575,0,61575
36320616,0,68874,68874
36320617,0,0,0
36320648,47000,4563,51563
36320651,31000,33537,64537
36320652,115000,399707,514707
36320653,0,326,326
36320654,90000,1376,91376
36320655,100290,27059,127349
36320657,0,0,0
36320659,63866,1341,65207
36320660,60290,22030,82320
36320661,0,579735,579735
36320662,84000,402551,486551
36320664,28035,51155,79190
36320665,28000,61104,89104
36320667,0,0,0
36320670,55550,6,55556
36320671,60000,51065,111065
36320673,0,438230,438230
36320674,55000,23271,78271
36320675,370000,0,370000
36320676,55000,1005,56005
36320677,60000,42968,102968
36320679,50000,12576,62576
36320680,38000,314,38314
36320681,55500,47,55547
36330001,363062,175969,539031
36330002,59453,362552,422005
36330003,0,136,136
36330004,712057,213019,925076
36330005,597356,39499,636855
36330006,255945,3679,259624
36330007,562754,0,562754
36330008,249588,5913,255501
36330009,190268,198554,388822
36330010,174000,193747,367747
36330011,0,353625,353625
36330012,8369,1582099,1590468
36330013,0,1050561,1050561
36330014,226877,0,226877
36330015,250000,229206,479206
36330016,101356,0,101356
36330017,377600,124,377724
36330018,243600,9,243609
36330019,128000,1053,129053
36330020,285035,1557,286592
36330021,238123,47988,286111
36330022,428348,410,428758
36330023,440897,15240,456137
36330024,375781,993678,1369459
36330025,765544,264504,1030048
36330026,0,212000,212000
36330027,298196,49972,348168
36330028,0,360864,360864
36330029,435000,842341,1277341
36330030,214000,766,214766
36330031,144665,0,144665
36330032,193757,824342,1018099
36330033,439235,844150,1283385
36330034,200000,641709,841709
36330035,376694,1117686,1494380
36330036,246904,1205120,1452024
36330037,301265,1204,302469
36330038,138364,42349,180713
36330039,133000,796,133796
36330040,145136,627461,772597
36330041,79500,148,79648
36330042,203267,132066,335333
36330043,10930,162777,173707
36330044,128178,64867,193045
36330045,87156,0,87156
36330046,255960,66302,322262
36330047,188500,419,188919
36330048,125000,161798,286798
36330049,0,687614,687614
36330050,87000,1714,88714
36330051,200000,29344,229344
36330052,136100,355,136455
36330053,150000,8047,158047
36330054,150000,4332,154332
36330055,0,364583,364583
36330056,113913,732,114645
36330057,238000,175,238175
36330058,250000,19457,269457
36330059,251957,389,252346
36330060,134644,174329,308973
36330061,0,58685,58685
36330062,170000,5429,175429
36330063,0,123438,123438
36330064,135000,12628,147628
36330065,254499,347424,601923
36330066,140000,40109,180109
36330067,61000,3318,64318
36330068,144000,26680,170680
36330069,334246,143266,477512
36330070,446200,924111,1370311
36330071,209439,2549,211988
36330072,120000,3573,123573
36330073,229422,4093,233515
36330075,85000,442915,527915
36330076,0,823,823
36330077,6813,111759,118572
36330078,107943,45001,152944
36330079,185000,531280,716280
36330080,200095,62417,262512
36330081,40610,1069936,1110546
36330082,220000,969214,1189214
36330083,165400,1000,166400
36330084,150000,34922,184922
36330085,90000,86741,176741
36330086,215000,435929,650929
36330088,107470,431729,539199
36330089,150000,390051,540051
36330090,60000,61571,121571
36330091,95000,275783,370783
36330092,196000,25326,221326
36330093,400768,615956,1016724
36330095,113340,229635,342975
36330096,103527,547524,651051
36330097,49000,255144,304144
36330098,202272,849904,1052176
36330099,257868,73792,331660
36330100,315000,28030,343030
36330101,265000,1472733,1737733
36330102,50000,434010,484010
36330103,123000,500,123500
36330105,150000,135960,285960
36330106,361000,302,361302
36330107,83591,88397,171988
36330108,211000,538025,749025
36330109,170000,144000,314000
36330110,0,1665,1665
36330111,361684,199942,561626
36330112,260000,1022,261022
36330113,158554,40763,199317
36330114,155000,97145,252145
36330115,129000,32011,161011
36330116,74000,360,74360
36330117,134000,1975,135975
36330119,158560,16528,175088
36330120,15000,29819,44819
36330121,94000,5436,99436
36330122,0,133012,133012
36330124,98000,669398,767398
36330125,112124,343,112467
36330126,45000,680,45680
36330127,75000,23484,98484
36330128,261610,348749,610359
36330129,47000,694,47694
36330131,210000,42813,252813
36330133,172753,4642,177395
36330134,80561,24501,105062
36330135,0,104726,104726
36330136,76000,349,76349
36330137,0,3776,3776
36330138,0,0,0
36330141,206000,4588,210588
36330142,100000,2251,102251
36330143,67891,0,67891
36330144,89212,54338,143550
36330146,120000,44403,164403
36330147,40000,10657,50657
36330148,109835,379,110214
36330150,0,0,0
36330151,30000,30171,60171
36330152,0,69726,69726
36330153,38200,119,38319
36330154,127635,0,127635
36330155,52000,5145,57145
36330156,136036,126280,262316
36330157,47000,48354,95354
36330158,57000,38516,95516
36330159,158,212799,212957
36330160,34000,451,34451
36330162,106500,139,106639
36330163,40000,26490,66490
36330164,100000,9301,109301
36330167,28000,571,28571
36330168,68000,866,68866
36330170,165500,404772,570272
36330171,62000,464,62464
36330174,0,330,330
36330175,329000,3136,332136
36330176,143000,11176,154176
36330177,47000,775,47775
36330179,104632,9196,113828
36330180,60000,28722,88722
36330181,58500,660,59160
36330182,40000,79871,119871
36330183,28500,230,28730
36330184,59700,85,59785
36330185,57000,886,57886
36330186,59500,37,59537
36330188,63000,838,63838
36330189,100000,3847,103847
36330191,35000,6110,41110
36330192,82580,44588,127168
36330193,80500,484,80984
36330194,100000,42453,142453
36330195,134854,103806,238660
36330197,45000,52017,97017
36330198,28500,32897,61397
36330200,84080,123,84203
36330201,50000,9020,59020
36330202,43000,818,43818
36330203,0,44201,44201
36330204,0,46732,46732
36330205,68000,70300,138300
36330206,80000,721,80721
36330207,183000,65019,248019
36330208,56000,502,56502
36330209,36360,35369,71729
36330210,143309,826,144135
36330211,137000,644,137644
36330212,35000,10400,45400
36330213,133500,421,133921
36330214,67500,488,67988
36330215,100000,10059,110059
36330216,113000,39648,152648
36330217,75000,1859,76859
36330218,96897,0,96897
36330219,130000,2784,132784
36330220,127000,979,127979
36330221,100000,21623,121623
36330222,120000,51084,171084
36330223,108200,282,108482
36330225,112029,10270,122299
36330226,100000,72631,172631
36330227,65000,12219,77219
36330228,124933,11250,136183
36330229,45000,1243,46243
36330231,70580,37863,108443
36330232,74470,18541,93011
36330233,174060,427746,601806
36330234,41000,502,41502
36330235,30000,602,30602
36330236,50000,63155,113155
36330237,97796,308,98104
36330238,154886,22832,177718
36330239,48000,15193,63193
36330240,26000,413271,439271
36330241,96000,74628,170628
36330242,40000,58,40058
36330243,90580,28578,119158
36330244,170000,131112,301112
36330245,43000,322,43322
36330247,46000,59090,105090
36330248,55000,401389,456389
36330249,40000,3182,43182
36330250,26150,0,26150
36330251,100000,16076,116076
36330252,40000,159,40159
36330253,70000,63595,133595
36330254,58000,111,58111
36330255,45580,58128,103708
36330256,50000,72659,122659
36330257,47000,270,47270
36330258,139500,1411,140911
36330259,90200,21646,111846
36330260,80000,46734,126734
36330261,303150,6576,309726
36330262,40000,1155,41155
36330263,42000,13,42013
36330265,40000,2683,42683
36330266,30500,347,30847
36330267,75000,1233,76233
36330269,27500,384,27884
36330270,220570,26,220596
36330271,48358,131629,179987
36330272,77000,1658,78658
36330273,82000,667,82667
36330275,130000,7739,137739
36330277,0,385,385
36330278,95000,85,95085
36330279,79040,40098,119138
36330280,32450,1051630,1084080
36330281,133082,665,133747
36330282,134000,1979,135979
36330283,75000,467979,542979
36330285,225310,129136,354446
36330286,227445,995854,1223299
36330287,95410,95469,190879
36330288,60000,36038,96038
36330289,61390,0,61390
36330290,190000,401715,591715
36330291,88000,446819,534819
36330292,128800,451546,580346
36330293,230000,712,230712
36330294,188100,1135016,1323116
36330295,130000,860640,990640
36330296,0,73774,73774
36330297,40000,47036,87036
36330298,186000,444683,630683
36330299,96000,441680,537680
36330300,140000,204287,344287
36330301,78300,85196,163496
36330302,110000,628768,738768
36330303,300000,87232,387232
36330304,143500,531363,674863
36330305,30000,489666,519666
36330306,50710,49151,99861
36330308,75000,480030,555030
36330309,275000,919016,1194016
36330310,33900,35,33935
36330312,0,744,744
36330313,23000,574798,597798
36330314,92000,19961,111961
36330315,0,66763,66763
36330316,92000,927482,1019482
36330317,45000,520773,565773
36330318,93000,404147,497147
36330319,110000,452728,562728
36330320,249868,0,249868
36330321,69000,875,69875
36330323,60000,19744,79744
36330324,150000,444092,594092
36330325,86494,401687,488181
36330327,44000,341,44341
36330328,305000,818190,1123190
36330329,100000,513330,613330
36330330,100000,523303,623303
36330331,80000,68466,148466
36330332,155000,478007,633007
36330333,69000,37165,106165
36330334,88000,431307,519307
36330336,75680,521006,596686
36330337,29750,704069,733819
36330338,97000,19777,116777
36330339,118286,975383,1093669
36330341,90000,46160,136160
36330342,69000,11,69011
36330343,116150,534543,650693
36330344,20000,4497,24497
36330345,56000,94377,150377
36330346,112310,1001579,1113889
36330347,114000,26117,140117
36330348,105000,883434,988434
36330349,174000,400981,574981
36330351,66671,586152,652823
36330352,68000,10088,78088
36330353,264500,836340,1100840
36330354,120000,499777,619777
36330355,78700,39,78739
36330356,81000,418,81418
36330357,50000,45101,95101
36330358,80000,40850,120850
36330359,80000,36341,116341
36330360,127788,660500,788288
36330361,138432,9921,148353
36330362,74000,692,74692
36330363,100000,921327,1021327
36330364,0,80714,80714
36330366,70000,29588,99588
36330367,40000,395792,435792
36330368,24000,512645,536645
36330370,219021,8053,227074
36330371,223285,476850,700135
36330372,115071,54840,169911
36330373,120000,550320,670320
36330374,235000,1500,236500
36330375,131000,29442,160442
36330376,56370,500856,557226
36330377,78900,512757,591657
36330378,135000,532206,667206
36330379,62000,455234,517234
36330380,105000,411882,516882
36330381,80000,21984,101984
36330382,45000,572945,617945
36330383,120000,434523,554523
36330384,75847,953051,1028898
36330385,185000,881561,1066561
36330386,85963,528721,614684
36330387,70000,2133,72133
36330388,108000,63,108063
36330389,101000,805,101805
36330390,100000,46917,146917
36330391,63000,350,63350
36330392,72648,321,72969
36330393,100000,98462,198462
36330394,85000,44,85044
36330395,180000,531198,711198
36330396,62614,20812,83426
36330397,35000,36079,71079
36330398,56000,34174,90174
36330400,200000,508033,708033
36330402,65000,19754,84754
36330403,55080,584,55664
36330404,78000,120506,198506
36330405,0,0,0
36330406,41000,58643,99643
36330407,100000,19812,119812
36330408,116000,748,116748
36330409,142000,16,142016
36330410,0,151121,151121
36330411,92483,0,92483
36330412,113638,14372,128010
36330413,158800,241,159041
36330414,50000,76111,126111
36330415,79000,188,79188
36330416,126000,362,126362
36330417,113743,0,113743
36330418,85000,35646,120646
36330420,80000,2242,82242
36330421,141000,2566,143566
36330422,0,0,0
36330423,81763,701,82464
36330424,77000,2311,79311
36330426,150000,35410,185410
36330427,66000,39913,105913
36330428,155000,421,155421
36330429,57000,64119,121119
36330432,40000,39512,79512
36330433,100000,4350,104350
36330434,160000,465311,625311
36330435,62000,504,62504
36330436,200000,177974,377974
36330437,97116,0,97116
36330438,113964,0,113964
36330439,118000,257,118257
36330440,60000,387,60387
36330441,48000,855,48855
36330442,78054,0,78054
36330443,0,73317,73317
36330444,213067,0,213067
36330445,45000,16991,61991
36330446,118000,307,118307
36330451,74441,0,74441
36330454,70000,5659,75659
36330456,34500,139,34639
36330457,71830,60128,131958
36330458,87000,21569,108569
36330461,50000,10960,60960
36330463,55000,57740,112740
36330469,110000,12903,122903
36330471,25000,29761,54761
36330473,55000,1534,56534
36330474,70000,453,70453
36330476,53000,543,53543
36330477,34000,532,34532
36330479,81912,7994,89906
36330482,60764,956,61720
36330484,79500,272,79772
36330485,20000,404112,424112
36330488,50000,12374,62374
36330490,45000,125494,170494
36330491,123775,0,123775
36330492,31000,544,31544
36330493,78000,1443,79443
36330497,32825,52994,85819
36330498,255000,446938,701938
36330499,50000,11014,61014
36330500,218288,97143,315431
36330550,46287,181168,227455
36330551,46000,45838,91838
36330601,60000,457757,517757
36330602,40000,483,40483
36330603,80000,3638,83638
36330604,68000,1012,69012
36330653,60000,16025,76025
36330655,117835,493911,611746
36330656,44900,50029,94929
36330658,55000,1745,56745
36330659,130000,43246,173246
36330660,147900,146784,294684
36330663,34304,52171,86475
36330664,72770,432487,505257
36330665,95000,143,95143
36330681,147552,23034,170586
36330682,48000,1757,49757
36330683,50000,9862,59862
36330684,81000,388857,469857
36330686,84799,422499,507298
36330688,121300,572,121872
36330689,0,0,368079
36330690,20000,46,20046
36330693,0,1552,1552
36330694,0,0,43000
36330695,164447,414737,579184
36330696,33024,54,33078
36330697,47000,550184,597184
36410001,0,2452,2452
36410002,0,0,0
36410003,0,0,525
36410004,134218,306723,440941
36410005,0,507,507
36410006,697463,370797,1068260
36410007,348995,418180,767175
36410008,0,18505,18505
36410009,120000,21035,141035
36410010,0,1997,1997
36410011,8558,1105466,1114024
36410012,67524,251219,318743
36410013,113146,226080,339226
36410014,213670,188649,402319
36410015,0,0,0
36410016,0,90,90
36410017,145912,98739,244651
36410018,0,18314,18314
36410019,0,0,0
36410020,0,411447,411447
36410021,0,1410,1410
36410022,100299,5,100304
36410023,0,0,0
36410024,1166,1383,2549
36410025,20024,212755,232779
36410026,187183,844026,1031209
36410027,486000,219040,705040
36410028,352009,130000,482009
36410029,47848,870276,918124
36410030,50000,394832,444832
36410031,0,369635,369635
36410032,497725,79107,576832
36410033,63546,12940,76486
36410034,0,1334,1334
36410035,984745,188653,1173398
36410036,352884,4033,356917
36410037,266885,21319,288204
36410038,37071,14376,51447
36410039,252555,424533,677088
36410040,274410,44928,319338
36410041,15603,7697,23300
36410042,240842,75034,315876
36410043,0,1907,1907
36410044,0,453,453
36410045,285390,589802,875192
36410046,84637,40526,125163
36410047,63000,115539,178539
36410048,152000,9773,161773
36410050,62851,130347,193198
36410051,45000,77050,122050
36410052,0,3366,3366
36410053,102642,1219,103861
36410054,192410,128784,321194
36410055,0,768,768
36410056,0,131512,131512
36410057,0,20000,20000
36410058,0,5935,5935
36410059,108017,29288,137305
36410060,110000,47501,157501
36410061,13668,38844,52512
36410062,0,289,289
36410063,45000,1494,46494
36410064,70000,110112,180112
36410065,95000,4245,99245
36410066,71363,2841,74204
36410067,95831,34374,130205
36410068,321655,210359,532014
36410069,2469,5479,7948
36410070,0,0,0
36410071,0,173079,173079
36410072,269443,807,270250
36410073,375000,0,375000
36410074,79652,95529,175181
36410075,179268,65273,244541
36410076,105015,18160,123175
36410077,0,1777,1777
36410078,493709,73877,567586
36410079,0,1709,1709
36410080,0,43674,43674
36410081,3266,2101,5367
36410082,0,2566,2566
36410083,0,3459,3459
36410084,70500,225598,296098
36410085,172000,72762,244762
36410086,133910,69152,203062
36410087,12000,851,12851
36410088,17570,122552,140122
36410089,50000,154515,204515
36410090,259636,463062,722698
36410091,449117,149409,598526
36410092,192550,459355,651905
36410093,80539,1053,81592
36410094,181289,19800,201089
36410095,115869,24952,140821
36410096,111294,1280712,1392006
36410097,0,0,0
36410098,18000,141777,159777
36410099,106287,72256,178543
36410100,141725,97849,239574
36410101,0,96,96
36410102,109000,582,109582
36410103,149848,42525,192373
36410104,150491,440,150931
36410105,0,101522,101522
36410106,0,334696,334696
36410107,240960,44726,285686
36410108,50000,99141,149141
36410109,0,0,0
36410110,225000,765,225765
36410111,48554,182203,230757
36410112,0,59967,59967
36410113,50000,135993,185993
36410114,300400,507,300907
36410115,0,292875,292875
36410116,111418,5100,116518
36410117,78000,376,78376
36410118,0,256964,256964
36410119,59000,20177,79177
36410120,100000,57333,157333
36410121,4000,1384,5384
36410122,125000,40139,165139
36410123,20000,89530,109530
36410124,120940,148463,269403
36410125,376846,23918,400764
36410126,80000,57237,137237
36410127,139876,46005,185881
36410128,75692,186297,261989
36410129,58122,346379,404501
36410130,165000,1929,166929
36410131,24000,362,24362
36410133,24000,194672,218672
36410134,95865,316,96181
36410135,15000,50000,65000
36410136,0,0,0
36410137,50000,117883,167883
36410138,137000,1338,138338
36410139,0,621,621
36410140,111120,225120,336240
36410141,0,262695,262695
36410142,693120,9018,702138
36410143,80000,25165,105165
36410144,0,224130,224130
36410145,94382,113618,208000
36410146,687033,12197,699230
36410147,165387,7000,172387
36410148,0,278064,278064
36410149,79708,11034,90742
36410150,250000,2393,252393
36410151,0,152464,152464
36410152,190000,126834,316834
36410153,50000,7735,57735
36410155,0,476,476
36410157,0,220,220
36410159,46415,758,47173
36410161,35,75167,75202
36410165,262952,47716,310668
36410167,64500,115,64615
36410169,86804,264100,350904
36410170,128142,67709,195851
36410171,38000,5147,43147
36410172,60000,4529,64529
36410173,58000,43533,101533
36410174,51980,3370,55350
36410175,250000,5211,255211
36410176,0,1849,1849
36410177,57000,2189,59189
36410182,0,91968,91968
36410183,0,23029,23029
36410186,125067,10887,135954
36410187,148740,4720,153460
36410192,510963,1661,512624
36410194,110000,52142,162142
36410196,19000,60778,79778
36410197,80000,1667,81667
36410198,152701,1693,154394
36410199,54146,391,54537
36410203,41088,1968,43056
36410207,0,32027,32027
36410209,146210,50805,197015
36410211,0,7932,7932
36410212,250927,50000,300927
36410213,979,134064,135043
36410216,0,574,574
36410217,166780,30364,197144
36410218,45000,30814,75814
36410221,35000,138,35138
36410222,80000,1317,81317
36410225,0,2120,2120
36410226,100000,2430,102430
36410228,0,1685,1685
36410230,52294,3921,56215
36410231,116053,102745,218798
36410232,0,100,100
36410233,0,109525,109525
36410235,50000,2293,52293
36410236,34213,31515,65728
36410237,83500,103,83603
36410241,29000,462,29462
36410244,0,0,0
36410245,99619,20790,120409
36410247,101908,878,102786
36410248,6483,124,6607
36410249,0,69411,69411
36410250,43000,114,43114
36410251,108000,109,108109
36410252,0,16661,16661
36410254,95000,4705,99705
36410255,0,276,276
36410256,0,307132,307132
36410259,0,88,88
36410261,0,0,0
36410263,2000,293,2293
36410264,0,668,668
36410266,144500,31325,175825
36410267,0,2507,2507
36410268,12500,435,12935
36410276,42000,161,42161
36410277,40000,22800,62800
36410278,0,36215,36215
36410279,63575,564,64139
36410283,50000,115368,165368
36410284,0,55723,55723
36410287,45000,1287,46287
36410289,83674,26502,110176
36410290,123000,770,123770
36410293,0,92922,92922
36410295,0,0,0
36410296,0,4064,4064
36410299,0,7025,7025
36410300,48000,674,48674
36410302,83000,6265,89265
36410304,31000,1263,32263
36410306,40000,101249,141249
36410308,70000,2286,72286
36410309,53000,736,53736
36410311,50000,125800,175800
36410312,70000,157924,227924
36410313,19000,147843,166843
36410315,0,92179,92179
36410316,80165,3878,84043
36410317,339000,34,339034
36410318,200000,48707,248707
36410319,45000,201593,246593
36410320,40000,162521,202521
36410321,95000,12114,107114
36410323,40000,123182,163182
36410324,18000,189676,207676
36410325,2000,144852,146852
36410326,140000,1571,141571
36410328,0,130430,130430
36410329,0,100840,100840
36410330,0,80000,80000
36410331,0,282451,282451
36410332,0,156727,156727
36410333,191382,283105,474487
36410334,184056,135230,319286
36410335,57119,34,57153
36410336,0,0,0
36410337,0,99590,99590
36410338,79000,400,79400
36410339,0,52648,52648
36410340,150000,178869,328869
36410341,95000,91963,186963
36410342,0,363,363
36410343,120000,6898,126898
36410344,30000,81421,111421
36410345,45000,67081,112081
36410346,67350,189453,256803
36410347,17000,37112,54112
36410348,100000,52139,152139
36410349,0,1057,1057
36410350,0,37205,37205
36410352,0,49254,49254
36410353,13147,48451,61598
36410354,60000,42021,102021
36410355,115104,8,115112
36410356,2204,400,2604
36410358,302,120277,120579
36410359,407000,660,407660
36410360,0,2561,2561
36410361,59877,163934,223811
36410362,61871,434,62305
36410363,95000,76987,171987
36410364,0,993,993
36410365,0,39354,39354
36410366,0,169682,169682
36410367,0,237784,237784
36410368,30000,319977,349977
36410369,150000,126670,276670
36410371,0,2,2
36410372,364890,63627,428517
36410374,20000,52183,72183
36410375,0,352,352
36410376,0,96976,96976
36410377,0,2143,2143
36410378,60000,466,60466
36410379,0,332,332
36410380,20424,14276,34700
36410381,28230,0,28230
36410382,120000,69841,189841
36410383,196198,106337,302535
36410384,155653,32518,188171
36410385,10000,0,10000
36410386,92000,115,92115
36410387,45000,130086,175086
36410388,39000,472,39472
36410389,85400,280716,366116
36410390,97000,420,97420
36410391,0,34200,34200
36410394,0,0,0
36410395,42150,31108,73258
36410396,28512,72016,100528
36410397,149500,143212,292712
36410398,0,129366,129366
36410399,17000,218312,235312
36410400,5000,34815,39815
36410401,0,44854,44854
36410402,43500,103,43603
36410403,31000,741,31741
36410404,0,757,757
36410405,26832,68262,95094
36410407,75500,10038,85538
36410408,0,85847,85847
36410409,85000,842,85842
36410410,118648,7352,126000
36410411,0,70978,70978
36410412,15000,54483,69483
36410413,0,0,0
36410414,0,0,0
36410416,65000,49283,114283
36410419,124000,0,124000
36410420,40000,75789,115789
36410421,39800,58,39858
36410422,79500,96621,176121
36410423,79000,9600,88600
36410424,24000,45210,69210
36410425,93000,547,93547
36410426,77946,18686,96632
36410427,78000,969,78969
36410428,87778,1796,89574
36410432,51000,993,51993
36410433,50000,19280,69280
36410434,0,1281,1281
36410435,0,41309,41309
36410437,37000,51555,88555
36410438,0,0,0
36410439,0,493,493
36410440,0,0,0
36410441,179000,928,179928
36410442,109000,253844,362844
36410444,0,0,0
36410445,15000,92296,107296
36410446,0,0,0
36410447,0,119822,119822
36410448,0,1357,1357
36410449,3811,0,3811
36410452,0,80663,80663
36410453,0,262,262
36410454,45000,1619,46619
36410455,54000,853,54853
36410456,65900,1026,66926
36410457,90000,124681,214681
36410458,275740,327,276067
36410459,0,0,0
36410460,0,419600,419600
36410461,0,0,0
36410462,0,1400,1400
36410463,61326,0,61326
36410464,81000,467,81467
36410466,48000,140,48140
36410467,0,144790,144790
36410469,22147,7640,29787
36410470,62500,92174,154674
36410472,526,0,526
36410473,43000,390,43390
36410474,0,52198,52198
36410475,29500,13,29513
36410476,0,0,0
36410477,60000,76156,136156
36410479,110000,38659,148659
36410480,110000,720,110720
36410481,89000,656,89656
36410482,27000,245305,272305
36410483,94500,1323,95823
36410486,0,0,0
36410487,0,39634,39634
36410488,0,77447,77447
36410489,161206,936,162142
36410490,0,117425,117425
36410491,0,3200,3200
36410492,31317,466,31783
36410493,47264,237005,284269
36410494,0,360886,360886
36410495,40000,19589,59589
36410496,1100,24492,25592
36410497,0,83,83
36410498,108000,100466,208466
36410500,177602,315,177917
36410502,20000,170141,190141
36410504,20000,110302,130302
36410505,25000,16212,41212
36410506,44150,309808,353958
36410507,30000,66656,96656
36410511,30230,85875,116105
36410512,209196,112131,321327
36410515,164980,22832,187812
36410517,125000,2000,127000
36410518,34000,921,34921
36410522,30000,99,30099
36410524,0,1643,1643
36410525,164272,114850,279122
36410526,0,0,266040
36410530,50000,74000,124000
36410535,34586,1316,35902
36410536,63000,264,63264
36410537,60138,1753,61891
36410543,0,10,10
36410546,100000,2363,102363
36410547,11500,243,11743
36410550,70000,24800,94800
36410551,51000,151,51151
36410557,127851,95,127946
36410566,26118,236027,262145
36410569,11364,11191,22555
36410572,30029,30337,60366
36410573,51000,236,51236
36410574,20045,43289,63334
36410578,148000,24122,172122
36410579,0,151798,151798
36410580,0,2167,2167
36410584,40000,53006,93006
36410586,123800,47802,171602
36410592,35000,87844,122844
36410595,0,0,0
36410596,0,793,793
36410597,100000,19798,119798
36410598,5693,176092,181785
36410600,26500,43172,69672
36410601,52840,31418,84258
36410603,55000,50189,105189
36410604,0,57346,57346
36410606,15200,89608,104808
36410607,0,98358,98358
36410631,0,144995,144995
36410633,0,151345,151345
36410634,7000,140202,147202
36410635,0,92391,92391
36410636,20000,4310,24310
36410637,0,18011,18011
36410651,59000,349,59349
36410652,0,277,277
36410653,29000,1641,30641
36410654,20000,68114,88114
36410655,48773,18500,67273
36410656,90000,78904,168904
36410657,0,49739,49739
36410658,20127,1650,21777
36410659,25001,2385,27386
36410660,39500,158,39658
36420001,0,0,0
36420003,814781,7000,821781
36420004,36781,740627,777408
36420005,308309,879436,1187745
36420006,313443,18667,332110
36420007,0,9348,9348
36420008,0,0,0
36420009,335117,422675,757792
36420010,174143,5662,179805
36420011,0,0,0
36420012,50385,997774,1048159
36420013,0,3842,3842
36420014,201587,1176694,1378281
36420015,586448,6807,593255
36420016,119366,14337,133703
36420017,62525,125262,187787
36420018,81000,193847,274847
36420019,187951,719,188670
36420020,50000,170500,220500
36420021,31477,217826,249303
36420022,271139,94928,366067
36420023,0,222665,222665
36420024,110547,865579,976126
36420025,452970,487618,940588
36420026,180000,60000,240000
36420027,0,417,417
36420028,219365,4434,223799
36420042,234033,610486,844519
36420043,1027829,778189,1806018
36420044,171414,2638317,2809731
36420045,0,0,0
36420046,0,0,0
36420047,39179,48288,87467
36420048,29228,996074,1025302
36420049,232904,17096,250000
36420050,607451,374667,982118
36420051,340116,799196,1139312
36420052,27345,174183,201528
36420053,200600,293545,494145
36420054,795000,74279,869279
36420060,139412,308,139720
36420061,22795,3165,25960
36420062,97825,312791,410616
36420063,131025,37517,168542
36420064,419591,23300,442891
36420065,251451,269742,521193
36420066,207647,58001,265648
36420067,138150,157027,295177
36420068,0,2,2
36420069,0,0,0
36420070,0,341606,341606
36420071,54636,21028,75664
36420072,0,701,701
36420073,36000,373809,409809
36420074,190000,4246,194246
36420075,0,203,203
36420076,106299,206417,312716
36420077,199730,186172,385902
36420078,120000,444570,564570
36420079,350000,518055,868055
36420090,51375,10661,62036
36420092,0,0,0
36420093,29251,86210,115461
36420094,0,1029537,1029537
36420095,44684,852644,897328
36420096,0,0,0
36420097,321507,68809,390316
36420098,84171,282721,366892
36420099,142700,37286,179986
36420100,285791,59165,344956
36420101,300000,34117,334117
36420102,0,301,301
36420103,150000,222836,372836
36420104,193126,143668,336794
36420105,100900,165953,266853
36420106,176447,150334,326781
36420107,0,0,0
36420108,307064,268029,575093
36420109,216609,218017,434626
36420110,169900,340494,510394
36420111,15175,183395,198570
36420112,125000,101601,226601
36420113,111759,72108,183867
36420114,0,365,365
36420115,0,665,665
36420116,340200,168,340368
36420117,0,0,0
36420118,192851,33,192884
36420119,0,448502,448502
36420120,85000,279769,364769
36420121,46959,336098,383057
36420122,124923,90003,214926
36420123,234333,42991,277324
36420124,153000,461,153461
36420125,0,79508,79508
36420147,61458,4640,66098
36420148,60090,75292,135382
36420149,47001,510981,557982
36420150,114111,1534,115645
36420151,66727,9861,76588
36420152,48139,3895,52034
36420154,112238,3708,115946
36420156,8420,840,9260
36420157,39000,60911,99911
36420158,70000,13236,83236
36420160,0,0,0
36420162,0,0,0
36420167,106492,16630,123122
36420168,190623,1461,192084
36420169,104145,248284,352429
36420170,38000,89169,127169
36420172,114982,181383,296365
36420173,0,105,105
36420179,381731,2025,383756
36420181,0,0,0
36420184,90000,112918,202918
36420187,62232,218961,281193
36420191,0,0,0
36420196,90941,311399,402340
36420197,35000,31601,66601
36420198,188432,157825,346257
36420199,97709,18839,116548
36420200,29685,176660,206345
36420203,65362,791,66153
36420205,62352,56650,119002
36420207,42971,278981,321952
36420208,76293,51798,128091
36420214,95000,43704,138704
36420216,32000,62299,94299
36420217,99846,50321,150167
36420218,138666,112117,250783
36420223,27000,82206,109206
36420224,76099,236482,312581
36420225,46000,3359,49359
36420228,44230,236736,280966
36420229,95000,188541,283541
36420235,13000,3965,16965
36420239,153397,151075,304472
36420240,169874,85743,255617
36420243,77500,46592,124092
36420248,20000,384,20384
36420252,26309,545,26854
36420253,981921,35867,1017788
36420255,3202,251,3453
36420349,255276,0,255276
36420350,0,0,0
36420351,0,57,57
36420352,117733,74552,192285
36420353,145000,59366,204366
36420354,0,0,755546
36420355,29749,22884,52633
36420356,43559,24566,68125
36420357,0,830,830
36420358,50000,30533,80533
36420359,0,0,47367
36420361,178752,132374,311126
36420362,247403,208887,456290
36420364,0,1983,1983
36420365,0,0,0
36420367,0,0,0
36420368,50290,67006,117296
36420369,0,0,79369
36420370,0,0,0
36420371,20000,20825,40825
36420372,0,1982,1982
36420373,50000,47943,97943
36420376,0,0,0
36420377,25495,46064,71559
36420378,70000,134130,204130
36420379,0,0,0
36420380,20000,164524,184524
36420381,0,0,0
36420382,0,0,0
36420383,0,871,871
36420384,0,219,219
36420385,290127,39546,329673
36420386,0,609,609
36420387,28000,899,28899
36420388,46184,11293,57477
36420389,0,260777,260777
36420390,104500,8169,112669
36420391,26789,58,26847
36420392,0,2903,2903
36420393,116500,458,116958
36420394,0,0,0
36420395,15000,23666,38666
36420396,0,0,0
36420397,0,0,0
36420398,0,0,0
36420399,0,0,0
36420400,0,0,0
36420401,0,0,0
36420402,0,0,0
36420403,0,0,0
36420404,40000,21868,61868
36420405,0,0,0
36420406,0,0,0
36420407,21600,146700,168300
36420408,0,0,0
36420409,422,110292,110714
36420411,50000,81053,131053
36420412,144175,109071,253246
36420413,78867,2737,81604
36420414,14343,117148,131491
36420415,0,504,504
36420416,0,0,0
36420417,0,0,0
36420418,229084,6140,235224
36420419,0,1034,1034
36420420,42900,55,42955
36420422,48681,42650,91331
36420424,102942,94774,197716
36420426,139292,58421,197713
36420427,10000,197516,207516
36420428,48000,280107,328107
36420429,15000,158807,173807
36420430,74620,17615,92235
36420431,13469,95217,108686
36420432,501000,1000,502000
36420433,251080,1276,252356
36420436,30000,200693,230693
36420437,10000,0,10000
36420438,113878,62969,176847
36420439,0,288,288
36420440,35000,30748,65748
36420441,110000,1003,111003
36420442,30000,239453,269453
36420443,150000,348215,498215
36420444,40000,133000,173000
36420445,0,49194,49194
36420446,155130,165556,320686
36420447,152500,22585,175085
36420448,70000,14348,84348
36420449,50000,8587,58587
36420450,125000,7360,132360
36420451,50000,38005,88005
36420452,0,121635,121635
36420454,245800,237600,483400
36420455,75083,900,75983
36420456,42700,7598,50298
36420457,169000,16863,185863
36420458,140000,1917,141917
36420459,126203,158000,284203
36420460,76500,17066,93566
36420461,305142,20284,325426
36420462,66597,43787,110384
36420463,110136,64040,174176
36420464,85555,175682,261237
36420465,26327,6999,33326
36420466,90000,1307,91307
36420467,40000,901,40901
36420468,0,79934,79934
36420469,157883,120274,278157
36420470,52948,49159,102107
36420471,203670,706,204376
36420472,0,0,0
36420473,63175,6762,69937
36420474,34000,100,34100
36420475,15000,91701,106701
36420476,49000,591,49591
36420477,75000,31934,106934
36420583,39921,33025,72946
36420584,28100,506,28606
36420585,197695,42444,240139
36420590,289737,271,290008
36420598,90774,6664,97438
36420602,62000,903,62903
36420631,102486,56951,159437
36420632,73358,35058,108416
36420633,22000,87358,109358
36420634,112035,184469,296504
36420635,68575,33,68608
36420636,22572,26188,48760
36420637,335203,1596,336799
36420638,10000,106340,116340
36420639,137895,80611,218506
36420641,33700,267,33967
36420642,64542,15761,80303
36420643,30000,1314,31314
36420645,0,218,218
36420646,0,199848,199848
36420647,314509,208,314717
36420648,197587,54877,252464
36420649,0,0,0
36420650,85000,215685,300685
36420651,440000,46530,486530
36420652,134400,268690,403090
36420653,0,0,0
36420654,68000,251984,319984
36420655,56000,64418,120418
36420656,212851,62025,274876
36420657,287118,4445,291563
36420658,0,0,0
36420663,39715,357317,397032
36420667,20000,146813,166813
36420669,0,200606,200606
36420670,70847,224751,295598
36420671,35000,35523,70523
36420674,42000,117145,159145
36420677,18000,4740,22740
36420679,145314,0,145314
36420680,22609,63509,86118
36420681,148000,51338,199338
36420683,190800,305293,496093
36420685,5000,85909,90909
36420687,281600,35908,317508
36420688,33141,40000,73141
36420689,0,1388,1388
36420690,9000,252469,261469
36420691,80000,56927,136927
36420692,50000,134469,184469
36420693,8500,121408,129908
36420694,0,0,185989
36420695,135000,142000,277000
36420696,38725,185563,224288
36420697,35000,53801,88801
36420698,100000,28904,128904
36420700,451632,286148,737780
36420701,131000,5542,136542
36430001,160500,181334,341834
36430002,50955,330205,381160
36430003,153323,915,154238
36430004,53109,14217,67326
36430005,0,559,559
36430006,829536,4257,833793
36430007,636092,962,637054
36430008,111567,310896,422463
36430009,0,33,33
36430010,0,1056,1056
36430012,385996,1495,387491
36430013,5010,938,5948
36430014,0,256085,256085
36430015,104282,448755,553037
36430016,100000,192193,292193
36430017,25042,0,25042
36430018,0,313,313
36430019,589672,22009,611681
36430020,213500,180170,393670
36430021,272407,370698,643105
36430023,0,0,0
36430024,395050,93450,488500
36430025,0,115208,115208
36430026,54000,138838,192838
36430027,1500,2007,3507
36430028,0,381,381
36430029,0,89401,89401
36430030,0,0,0
36430031,211775,1014,212789
36430032,0,156231,156231
36430033,197000,126,197126
36430034,0,231068,231068
36430035,0,581254,581254
36430036,866921,4878,871799
36430037,255076,149227,404303
36430038,0,0,0
36430039,158705,1005,159710
36430040,50000,564789,614789
36430041,0,163,163
36430042,153261,292,153553
36430043,0,542,542
36430044,0,1318,1318
36430045,150000,202791,352791
36430046,63347,115125,178472
36430048,74218,22,74240
36430049,107128,7182,114310
36430050,65900,238150,304050
36430051,125760,441302,567062
36430052,108997,439116,548113
36430053,46500,51198,97698
36430054,255232,799,256031
36430055,82770,79456,162226
36430056,150000,195557,345557
36430057,80213,737,80950
36430058,170481,397169,567650
36430059,86144,246898,333042
36430060,57003,564966,621969
36430061,60000,211013,271013
36430062,307105,22779,329884
36430063,121790,1117302,1239092
36430064,193210,522155,715365
36430066,120611,187009,307620
36430068,0,0,0
36430069,0,0,0
36430070,243600,8027,251627
36430071,40160,614758,654918
36430072,111100,502428,613528
36430073,100671,180161,280832
36430074,0,553619,553619
36430075,434189,1436,435625
36430076,142085,30857,172942
36430077,115000,136212,251212
36430078,0,4257,4257
36430079,78000,434,78434
36430080,220503,264088,484591
36430081,22503,93680,116183
36430082,380328,811,381139
36430084,0,215623,215623
36430085,88612,730253,818865
36430087,250000,205926,455926
36430088,29032,678,29710
36430089,113000,76684,189684
36430090,235175,20060,255235
36430091,263690,128588,392278
36430092,200000,123351,323351
36430094,194580,386,194966
36430095,482000,692,482692
36430097,127710,3775,131485
36430098,268970,240000,508970
36430099,158820,34202,193022
36430100,221510,249629,471139
36430101,135138,189721,324859
36430102,200000,137389,337389
36430103,442051,192983,635034
36430104,0,1114,1114
36430105,0,10920,10920
36430106,159513,497664,657177
36430107,61500,96,61596
36430108,200000,88944,288944
36430109,244790,123026,367816
36430110,0,816,816
36430111,0,136533,136533
36430112,169430,441,169871
36430113,27000,409865,436865
36430114,0,613943,613943
36430115,95000,155575,250575
36430116,50000,104061,154061
36430117,15898,177987,193885
36430118,135000,2127,137127
36430120,45000,316752,361752
36430121,121144,38525,159669
36430122,193247,20175,213422
36430124,0,3222,3222
36430125,3873,348273,352146
36430126,0,0,0
36430127,70278,446,70724
36430128,39177,411639,450816
36430129,50000,257487,307487
36430132,8000,317360,325360
36430133,50500,112928,163428
36430135,68645,52859,121504
36430138,151450,882997,1034447
36430152,134500,551013,685513
36430155,16666,484786,501452
36430164,59028,539649,598677
36430183,18035,515753,533788
36430198,47900,64427,112327
36430201,17246,242752,259998
36430202,20503,399865,420368
36430211,215000,48480,263480
36430212,105210,374962,480172
36430220,18871,511,19382
36430225,148818,182902,331720
36430228,87956,8867,96823
36430239,0,120509,120509
36430240,70000,74863,144863
36430241,43600,545665,589265
36430244,35165,30355,65520
36430245,353372,0,353372
36430253,236126,78756,314882
36430256,0,179230,179230
36430262,0,810990,810990
36430263,0,0,0
36430264,181000,581678,762678
36430265,27500,793801,821301
36430268,228000,60000,288000
36430269,6660,33340,40000
36430270,42500,70043,112543
36430273,0,132,132
36430274,147769,495811,643580
36430275,2670,40065,42735
36430276,0,0,0
36430278,157330,259470,416800
36430279,25600,43,25643
36430280,65275,62428,127703
36430282,79000,87636,166636
36430283,105898,36856,142754
36430284,98352,0,98352
36430285,41700,104294,145994
36430286,59700,17409,77109
36430288,255244,84529,339773
36430289,75000,444855,519855
36430290,32980,36911,69891
36430291,173400,35,173435
36430293,100105,67703,167808
36430294,247722,21646,269368
36430295,196418,182128,378546
36430296,59652,45,59697
36430297,140000,381344,521344
36430298,557000,149,557149
36430299,0,0,0
36430300,86646,63354,150000
36430301,70000,77000,147000
36430302,83946,0,83946
36430304,48570,170,48740
36430310,53203,23290,76493
36430311,160831,11,160842
36430312,130035,123485,253520
36430313,127000,881,127881
36430314,99500,1683,101183
36430315,40000,261717,301717
36430316,0,0,0
36430318,67000,82009,149009
36430319,46500,132692,179192
36430320,150000,217416,367416
36430321,0,77630,77630
36430323,290000,106352,396352
36430325,0,0,0
36430326,32300,117029,149329
36430328,229000,257,229257
36430329,142629,84168,226797
36430330,0,91685,91685
36430331,0,41206,41206
36430332,177500,1463,178963
36430333,64000,813,64813
36430334,104843,49182,154025
36430335,80070,2646,82716
36430336,56305,97237,153542
36430337,10000,34842,44842
36430338,380636,296,380932
36430339,0,104228,104228
36430346,15000,147056,162056
36430351,20000,45984,65984
36430352,0,0,0
36430353,0,1407,1407
36430354,92863,436,93299
36430355,50124,18376,68500
36430356,140350,85045,225395
36430357,34000,186,34186
36430358,0,34849,34849
36430359,20000,71349,91349
36430360,244,115,359
36430361,189000,470,189470
36430362,0,0,0
36430363,5778,253834,259612
36430364,40000,15811,55811
36430365,66000,78709,144709
36430366,120000,176099,296099
36430367,125222,487,125709
36430368,84000,9971,93971
36430369,0,0,0
36430370,0,22613,22613
36430371,40500,47870,88370
36430372,16062,17612,33674
36430373,50000,84913,134913
36430374,45550,22124,67674
36430375,294525,50000,344525
36430376,0,39945,39945
36430377,12890,53570,66460
36430378,200000,12189,212189
36430379,10105,154217,164322
36430380,83000,61265,144265
36430381,0,0,0
36430382,11855,31294,43149
36430383,10000,92758,102758
36430385,25225,27595,52820
36430386,131072,8882,139954
36430387,65000,16139,81139
36430388,53310,77871,131181
36430389,16505,265997,282502
36430390,76900,265356,342256
36430391,129000,111424,240424
36430392,60000,132095,192095
36430393,54588,23621,78209
36430394,338568,10534,349102
36430396,43258,39396,82654
36430398,122600,2056,124656
36430399,74000,1673,75673
36430400,45000,40285,85285
36430401,0,41799,41799
36430402,50000,6816,56816
36430403,0,33074,33074
36430404,52829,11471,64300
36430405,55000,12660,67660
36430406,0,46984,46984
36430407,173500,4400,177900
36430408,95600,27900,123500
36430409,69350,64370,133720
36430410,136174,1058,137232
36430411,10000,91516,101516
36430412,91145,2900,94045
36430413,43594,62122,105716
36430423,23769,503280,527049
36430433,40822,316085,356907
36430441,172270,640308,812578
36430442,25000,395,25395
36430447,488677,423632,912309
36430454,45199,65527,110726
36430459,68229,5831,74060
36430467,0,418595,418595
36430474,20515,411023,431538
36430477,5500,186,5686
36430490,99535,409374,508909
36430497,0,85242,85242
36430498,45232,719,45951
36430506,16145,619543,635688
36430510,85290,48447,133737
36430511,55615,130097,185712
36430512,100281,217234,317515
36430513,89000,336059,425059
36430514,50000,93206,143206
36430515,15000,123118,138118
36430516,10000,54453,64453
36430517,0,0,0
36430518,0,97088,97088
36430519,339162,129206,468368
36430520,30000,117000,147000
36430521,62800,850464,913264
36440002,0,232212,232212
36440029,0,3032,3032
36440030,125449,1233,126682
36440031,0,3078,3078
36440032,0,6060,6060
36440033,0,1942,1942
36440034,0,985,985
36440035,0,2364,2364
36440036,0,100,100
36440037,0,0,0
36440038,0,0,0
36440039,0,149200,149200
36440040,0,1600,1600
36440041,0,240855,240855
36440055,0,963470,963470
36440056,0,4315,4315
36440057,0,943336,943336
36440058,0,2426,2426
36440059,0,691,691
36440080,0,147747,147747
36440081,150000,402,150402
36440082,200000,234745,434745
36440083,0,1575,1575
36440084,0,264150,264150
36440085,224000,2000,226000
36440086,0,2102,2102
36440087,0,35350,35350
36440088,0,400,400
36440089,0,408,408
36440126,0,375500,375500
36440128,21840,1065863,1087703
36440129,0,447140,447140
36440130,0,242213,242213
36440131,0,366553,366553
36440132,0,6924,6924
36440133,0,904,904
36440134,0,0,0
36440135,0,44000,44000
36440136,82909,1905,84814
36440137,24394,57524,81918
36440138,0,537,537
36440139,398000,490,398490
36440140,0,500,500
36440141,0,164310,164310
36440142,0,300,300
36440260,0,5000,5000
36440261,0,76845,76845
36440262,245938,1370,247308
36440263,0,7000,7000
36440278,0,41320,41320
36440281,30000,182,30182
36440284,126000,65207,191207
36440287,120922,44883,165805
36440289,0,171800,171800
36440292,55707,115,55822
36440294,0,33,33
36440298,0,0,0
36440302,0,424,424
36440304,0,1308,1308
36440305,0,186,186
36440306,0,3683,3683
36440307,0,87225,87225
36440308,71000,1390,72390
36440313,0,248000,248000
36440316,0,1360,1360
36440318,0,137093,137093
36440323,0,2458,2458
36440328,0,566,566
36440329,0,309,309
36440336,0,2202,2202
36440340,0,1833,1833
36440478,0,508114,508114
36440479,0,427,427
36440480,120000,843313,963313
36440481,0,263,263
36440482,0,928727,928727
36440483,105000,309849,414849
36440484,57758,6346,64104
36440485,234000,101522,335522
36440486,31685,876937,908622
36440487,0,864502,864502
36440488,0,30000,30000
36440489,0,463800,463800
36440490,59000,50000,109000
36440491,0,165853,165853
36440492,0,1480,1480
36440493,0,37213,37213
36440494,0,366,366
36440495,15000,37563,52563
36440496,96000,0,96000
36440497,0,84525,84525
36440498,45000,242527,287527
36440499,0,7,7
36440500,0,110658,110658
36440501,25000,9685,34685
36440502,81749,75787,157536
36440503,38560,55,38615
36440504,60000,38258,98258
36440505,70000,51000,121000
36440506,20000,106716,126716
36440507,0,118636,118636
36440508,0,915832,915832
36440509,0,852,852
36440510,0,1444,1444
36440511,0,192,192
36440512,0,513472,513472
36440513,0,1400,1400
36440514,0,1300,1300
36440515,0,8333,8333
36440516,0,287732,287732
36440518,67500,192,67692
36440519,0,3180,3180
36440520,0,231884,231884
36440521,0,30000,30000
36440522,0,196432,196432
36440523,0,318692,318692
36440524,0,99771,99771
36440525,0,37293,37293
36440526,15000,39956,54956
36440527,15841,155647,171488
36440528,12430,444732,457162
36440529,0,95214,95214
36440530,0,100000,100000
36440531,0,80440,80440
36440532,78400,48,78448
36440533,83720,80000,163720
36440534,0,508000,508000
36440535,0,64914,64914
36440536,40000,75680,115680
36440537,0,130000,130000
36440539,38318,71682,110000
36440540,0,176,176
36440541,0,275498,275498
36440542,0,90540,90540
36440543,0,702,702
36440544,0,446660,446660
36440546,0,36710,36710
36440547,0,72445,72445
36440548,0,38320,38320
36440549,9175,877,10052
36440550,0,1107,1107
36440551,0,34000,34000
36440552,0,40020,40020
36440553,110000,166000,276000
36440554,182000,410947,592947
36440555,51925,15158,67083
36440557,70000,17947,87947
36440558,0,959105,959105
36440560,0,637,637
36440561,0,37931,37931
36440562,0,3000,3000
36440563,4200,156,4356
36440564,110265,1172660,1282925
36440565,0,90000,90000
36440566,11000,44254,55254
36440567,0,156628,156628
36440568,0,45000,45000
36440569,0,11222,11222
36440571,0,92200,92200
36440572,0,1242,1242
36440573,48401,17000,65401
36440574,100000,22357,122357
36440575,0,179319,179319
36440576,0,8277,8277
36440616,20000,24000,44000
36440629,0,1133,1133
36440650,0,0,0
36440651,0,1260000,1260000
36610001,114187,97409,211596
36610002,0,0,0
36610003,430460,628632,1059092
36610004,0,0,0
36610005,110000,467,110467
36610006,0,199430,199430
36610007,0,0,0
36610008,160660,300341,461001
36610009,137332,120659,257991
36610010,130751,380395,511146
36610011,0,0,0
36610012,250000,1999,251999
36610013,46004,243827,289831
36610014,53156,157078,210234
36610015,158938,169817,328755
36610016,204000,419837,623837
36610017,172202,700,172902
36610018,141701,2212166,2353867
36610019,0,375416,375416
36610020,61315,17128,78443
36610021,62000,244421,306421
36610022,0,0,0
36610023,168812,1500280,1669092
36610024,254567,359021,613588
36610025,70000,149746,219746
36610026,0,0,0
36610027,106987,115370,222357
36610028,99250,396461,495711
36610029,80513,2495,83008
36610030,0,485969,485969
36610031,117455,72810,190265
36610032,0,160645,160645
36610033,0,0,0
36610034,0,0,0
36610035,330560,10597,341157
36610036,54000,350,54350
36610037,0,0,0
36610038,0,0,0
36610039,20210,972125,992335
36610040,0,0,0
36610041,60000,160182,220182
36610042,0,0,0
36610043,0,607363,607363
36610044,151942,412755,564697
36610045,341770,0,341770
36610046,121398,0,121398
36610047,179532,49285,228817
36610048,0,95938,95938
36610049,0,144542,144542
36610050,106669,122546,229215
36610051,0,187668,187668
36610052,91500,406,91906
36610053,216000,650,216650
36610054,0,1592,1592
36610055,105665,397042,502707
36610057,0,0,0
36610058,0,258351,258351
36610059,34343,78790,113133
36610062,0,0,0
36610064,80000,3631,83631
36610066,99169,18817,117986
36610067,234290,21420,255710
36610068,0,0,0
36610069,0,922564,922564
36610072,70000,5912,75912
36610073,0,0,0
36610074,0,623825,623825
36610075,166152,101188,267340
36610077,0,0,0
36610078,0,0,0
36610079,0,0,0
36610080,350000,392905,742905
36610081,80990,119192,200182
36610082,0,156249,156249
36610083,0,187893,187893
36610088,0,94716,94716
36610089,0,0,0
36610090,22517,100947,123464
36610091,116295,123597,239892
36610094,40028,4035,44063
36610095,57266,114686,171952
36610096,50000,15776,65776
36610098,0,0,0
36610099,0,1003060,1003060
36610100,0,82380,82380
36610101,50000,4126,54126
36610102,55500,470,55970
36610103,0,0,0
36610104,147462,39287,186749
36610106,0,0,0
36610107,116371,249579,365950
36610108,0,96751,96751
36610109,0,0,0
36610110,0,0,0
36610111,0,601122,601122
36610112,103993,138,104131
36610113,112861,216701,329562
36610114,35200,87,35287
36610115,83795,61190,144985
36610118,0,535978,535978
36610119,29553,81243,110796
36610121,40560,34390,74950
36610122,190000,177113,367113
36610123,0,87343,87343
36610125,50000,5061,55061
36610126,36296,1527,37823
36610127,0,164341,164341
36610128,139361,1016651,1156012
36610129,37319,46794,84113
36610130,8808,132714,141522
36610131,107658,56253,163911
36610132,84249,249157,333406
36610133,0,216478,216478
36610134,59039,68120,127159
36610135,49395,21447,70842
36610136,0,0,0
36610137,0,133941,133941
36610138,68743,68260,137003
36610140,185985,82892,268877
36610143,55586,195184,250770
36610144,140551,39139,179690
36610145,79350,373655,453005
36610146,0,391243,391243
36610147,37731,12,37743
36610148,25000,48429,73429
36610149,79000,504,79504
36610151,119145,15862,135007
36610152,40000,24774,64774
36610153,68415,27480,95895
36610154,60240,83425,143665
36610155,0,109668,109668
36610156,97885,89812,187697
36610157,130354,663752,794106
36610158,0,81303,81303
36610161,40000,303707,343707
36610162,0,168869,168869
36610163,33326,116899,150225
36610165,0,152183,152183
36610166,203911,39818,243729
36610167,57369,38524,95893
36610169,0,0,0
36610170,0,0,0
36610171,66630,160353,226983
36610173,0,70880,70880
36610174,0,0,0
36610175,20000,118965,138965
36610176,0,0,0
36610177,63404,65561,128965
36610178,84049,48041,132090
36610179,0,359740,359740
36610180,10000,105213,115213
36610181,47000,52141,99141
36610182,0,0,0
36610183,25178,103332,128510
36610184,69297,116824,186121
36610185,0,99715,99715
36610186,55792,48920,104712
36610187,4252,371709,375961
36610188,0,96447,96447
36610189,0,121598,121598
36610190,48000,197000,245000
36610192,51877,144415,196292
36610193,0,0,0
36610194,0,0,0
36610195,0,74715,74715
36610196,54900,23596,78496
36610197,0,271536,271536
36610198,45611,128759,174370
36610199,0,0,0
36610200,0,0,0
36610201,0,0,0
36610202,108876,97390,206266
36610203,14230,285470,299700
36610204,0,72416,72416
36610206,0,224234,224234
36610207,71000,200,71200
36610209,25000,110810,135810
36610210,32737,80806,113543
36610212,192038,446320,638358
36610213,28590,2639,31229
36610214,44642,43125,87767
36610215,0,0,0
36610216,58349,23285,81634
36610219,0,675186,675186
36610220,0,0,0
36610221,0,211548,211548
36610222,50000,222195,272195
36610223,3659,59317,62976
36610224,98500,5706,104206
36610225,0,202537,202537
36610226,0,112659,112659
36610227,0,351201,351201
36610228,0,230826,230826
36610229,0,0,0
36610231,40000,278705,318705
36610232,34000,116768,150768
36610233,125000,944,125944
36610234,34815,103114,137929
36610235,0,68096,68096
36610236,0,270184,270184
36610237,36500,173821,210321
36610238,0,264255,264255
36610239,27500,110520,138020
36610240,45000,57559,102559
36610241,80320,6079,86399
36610242,0,0,0
36610243,23306,242684,265990
36610246,61345,212173,273518
36610247,0,105252,105252
36610248,75169,129503,204672
36610249,0,0,0
36610250,0,0,0
36610251,0,0,0
36610252,15000,63383,78383
36610253,0,414920,414920
36610254,0,0,0
36610255,0,0,0
36610256,111341,589486,700827
36610257,49900,308897,358797
36610258,86530,285662,372192
36610259,0,0,0
36610260,75000,82541,157541
36610261,0,219514,219514
36610262,91601,242908,334509
36610263,78167,47559,125726
36610264,28650,51705,80355
36610265,81041,15095,96136
36610266,0,0,0
36610267,0,312992,312992
36610268,32000,278469,310469
36610269,0,71151,71151
36610270,34564,249434,283998
36610272,61000,216525,277525
36610274,0,0,0
36610275,0,0,0
36610277,25700,109943,135643
36610278,53795,132066,185861
36610279,0,106427,106427
36610280,0,41225,41225
36610281,0,259338,259338
36610284,29111,650,29761
36610285,33820,152965,186785
36610286,3898,69316,73214
36610287,0,0,0
36610288,0,0,0
36610289,63296,59345,122641
36610290,0,127529,127529
36610291,80480,41672,122152
36610292,82000,4722,86722
36610293,48381,269243,317624
36610294,0,0,0
36610307,70682,75588,146270
36610308,0,0,0
36610313,60503,31138,91641
36610314,61928,27295,89223
36610315,86418,465722,552140
36610318,98807,1402,100209
36610323,31445,147179,178624
36610325,5457,352550,358007
36610326,127115,3033,130148
36610329,44909,5964,50873
36610330,30000,73552,103552
36610331,57226,45130,102356
36610332,95313,4876,100189
36610333,0,134889,134889
36610334,0,0,0
36610336,65000,41732,106732
36610337,4302,74377,78679
36610338,0,0,0
36610339,0,55349,55349
36620001,203856,1011149,1215005
36620002,113949,97957,211906
36620003,297693,620268,917961
36620004,0,0,0
36620005,52800,90170,142970
36620006,232511,576546,809057
36620007,29812,464171,493983
36620008,176673,59441,236114
36620009,0,0,0
36620010,40000,51790,91790
36620011,0,0,0
36620012,0,909889,909889
36620013,54432,563535,617967
36620014,180575,55819,236394
36620015,104777,26266,131043
36620016,72835,789,73624
36620017,125556,275,125831
36620018,267993,4604,272597
36620019,140809,18405,159214
36620020,0,412616,412616
36620021,107118,62591,169709
36620022,180700,272,180972
36620023,166649,44020,210669
36620024,80000,1121210,1201210
36620025,95000,293688,388688
36620026,94054,347,94401
36620027,161933,547656,709589
36620028,163449,412266,575715
36620029,100000,296398,396398
36620030,0,74490,74490
36620031,0,25781,25781
36620032,155073,61662,216735
36620034,0,56272,56272
36620035,436859,45230,482089
36620037,41203,12758,53961
36620038,143172,888664,1031836
36620040,0,33203,33203
36620041,6522,1114879,1121401
36620042,0,157418,157418
36620044,27760,15599,43359
36620045,0,234719,234719
36620046,179850,74707,254557
36620049,56316,269,56585
36620050,0,54865,54865
36620051,58548,3714,62262
36620052,66500,646048,712548
36620053,38494,424574,463068
36620054,157836,30850,188686
36620056,69963,911,70874
36620057,137568,1391,138959
36620058,28270,455893,484163
36620059,79557,414874,494431
36620060,41146,916884,958030
36620061,50808,5922,56730
36620063,93366,512378,605744
36620064,117762,1297215,1414977
36620067,29607,381,29988
36620070,105753,515831,621584
36620071,66380,180,66560
36620072,0,134668,134668
36620073,7819,1059958,1067777
36620075,40376,229,40605
36620076,0,0,0
36620078,75000,374444,449444
36620079,34072,103872,137944
36620081,0,1261796,1261796
36620082,183636,364369,548005
36620084,39082,40478,79560
36620086,35714,351,36065
36620088,0,0,0
36620090,96757,406092,502849
36620091,47586,17691,65277
36620092,69091,498,69589
36620093,54286,820425,874711
36620094,68762,909374,978136
36620095,0,218082,218082
36620097,62323,878446,940769
36620098,85212,416743,501955
36620099,97295,85724,183019
36620100,4833,863803,868636
36620101,18262,68165,86427
36620102,85669,139599,225268
36620103,92945,93743,186688
36620104,0,92238,92238
36620105,37000,15600,52600
36620106,0,0,0
36620107,49496,649258,698754
36620109,0,0,0
36620110,123560,163943,287503
36620111,44631,540024,584655
36620112,63561,450435,513996
36620113,0,28317,28317
36620114,0,0,0
36620115,100000,20992,120992
36620116,66060,2640,68700
36620118,62000,79458,141458
36620119,0,241639,241639
36620120,50517,601453,651970
36620121,0,99588,99588
36620122,0,0,0
36620123,5000,337829,342829
36620124,0,107334,107334
36620125,41028,279784,320812
36620126,0,75906,75906
36620127,43490,35601,79091
36620128,0,717918,717918
36620130,0,0,0
36620132,28300,66,28366
36620134,0,39848,39848
36620135,44086,359,44445
36620136,108091,168612,276703
36620137,57656,133372,191028
36620139,91888,160159,252047
36620140,99956,342898,442854
36620141,117722,83276,200998
36620143,0,0,0
36620144,40000,153984,193984
36620146,80000,7685,87685
36620148,50000,137675,187675
36620149,31037,19049,50086
36620150,64000,415282,479282
36620151,42858,421995,464853
36620152,27075,51051,78126
36620153,45000,42892,87892
36620154,1410,72393,73803
36620155,0,35392,35392
36620156,0,66590,66590
36620157,43992,127,44119
36620158,81729,333,82062
36620159,2393,519200,521593
36620160,87000,826,87826
36620161,0,306980,306980
36620162,50324,150813,201137
36620163,0,404468,404468
36620164,0,217204,217204
36620165,0,508635,508635
36620166,4290,32547,36837
36620167,0,108695,108695
36620168,35674,132950,168624
36620169,0,267235,267235
36620170,71593,439689,511282
36620172,45400,149347,194747
36620173,0,553498,553498
36620176,700,230159,230859
36620177,120000,407085,527085
36620178,50000,40752,90752
36620180,31845,23341,55186
36620181,0,0,0
36620184,0,78255,78255
36620189,60850,96400,157250
36620190,33000,43302,76302
36620192,3207,38478,41685
36620193,100000,3625,103625
36620197,0,0,0
36620198,18678,84896,103574
36620199,159721,12982,172703
36620200,86713,2171,88884
36620201,40769,227295,268064
36620202,40177,1178,41355
36620207,0,124428,124428
36620212,78150,820949,899099
36620213,75072,961,76033
36620216,63822,822577,886399
36620222,6392,910011,916403
36620226,79445,815633,895078
36620229,184321,144838,329159
36620230,20112,14550,34662
36620232,92277,74145,166422
36620233,36764,11286,48050
36620237,0,54908,54908
36620238,28000,1882,29882
36630001,0,0,0
36630002,283129,760868,1043997
36630003,50000,308378,358378
36630004,0,0,0
36630005,179359,17791,197150
36630006,0,0,0
36630007,262183,56852,319035
36630008,321287,427556,748843
36630009,129371,511,129882
36630010,150000,45000,195000
36630011,0,0,0
36630012,164065,142057,306122
36630013,125000,521,125521
36630014,223835,203397,427232
36630015,133034,358442,491476
36630016,125585,258327,383912
36630017,87599,12018,99617
36630018,136619,1920,138539
36630019,112948,945,113893
36630020,250000,205732,455732
36630021,118562,0,118562
36630022,0,0,0
36630023,207630,352030,559660
36630024,58180,149,58329
36630025,0,0,0
36630026,0,557386,557386
36630027,474888,198708,673596
36630028,572953,558683,1131636
36630029,98327,142560,240887
36630030,0,154518,154518
36630031,0,244597,244597
36630032,123966,180190,304156
36630033,104570,336349,440919
36630034,162322,72401,234723
36630035,72902,71657,144559
36630036,400000,314056,714056
36630037,126678,46863,173541
36630038,0,157487,157487
36630039,190081,82071,272152
36630040,0,125288,125288
36630041,100000,962676,1062676
36630042,99241,17,99258
36630043,91000,1201,92201
36630044,103885,115,104000
36630045,7217,256259,263476
36630046,64084,156358,220442
36630047,0,717,717
36630048,134910,156256,291166
36630049,1226,455783,457009
36630050,67204,19118,86322
36630051,117659,663,118322
36630052,18832,120632,139464
36630053,2664,350834,353498
36630054,33757,73722,107479
36630055,107000,192,107192
36630056,84925,9795,94720
36630057,258226,6547,264773
36630058,85000,274436,359436
36630059,19794,622096,641890
36630060,45831,370185,416016
36630061,138426,485320,623746
36630062,0,0,0
36630063,0,0,0
36630064,0,51586,51586
36630065,36440,166340,202780
36630066,129660,238346,368006
36630067,50000,153951,203951
36630068,42112,38843,80955
36630069,0,0,0
36630070,98067,409371,507438
36630071,13000,180062,193062
36630072,98153,3243,101396
36630073,0,970253,970253
36630075,140533,420642,561175
36630076,176556,969304,1145860
36630077,38000,56834,94834
36630078,121420,868003,989423
36630079,56985,583043,640028
36630081,0,1408671,1408671
36630082,1197,100661,101858
36630083,120413,28935,149348
36630084,59152,6344,65496
36630087,25861,1888,27749
36630088,0,0,0
36630089,197816,385,198201
36630090,0,0,96633
36630091,0,130648,130648
36630092,41200,155230,196430
36630093,0,212521,212521
36630094,219322,479023,698345
36630095,146595,222043,368638
36630096,25431,54586,80017
36630097,39773,526,40299
36630098,64067,6592,70659
36630099,47350,703,48053
36630100,0,188709,188709
36630102,62548,19913,82461
36630103,0,42464,42464
36630104,57999,44788,102787
36630114,92476,195109,287585
36630116,0,0,0
36630117,0,162506,162506
36630118,67358,53041,120399
36630119,20000,18103,38103
36630120,70000,314542,384542
36630121,99332,146217,245549
36630123,0,1067617,1067617
36630126,38924,23250,62174
36630128,97968,979725,1077693
36630131,85181,1067863,1153044
36630133,37936,95325,133261
36630134,0,188724,188724
36630135,115191,42611,157802
36630136,63927,669527,733454
36630137,132368,831217,963585
36630138,50950,404499,455449
36630139,29002,81298,110300
36630140,99208,180292,279500
36630142,20265,581630,601895
36630144,0,124389,124389
36630145,0,1125143,1125143
36630146,0,925545,925545
36630147,0,30999,30999
36630148,0,340115,340115
36630152,0,569427,569427
36630153,50000,981678,1031678
36630155,0,100443,100443
36630156,22300,63259,85559
36630157,62036,12827,74863
36630158,197617,1084038,1281655
36630160,112290,412055,524345
36630162,0,861012,861012
36630163,875,533314,534189
36630165,67800,36705,104505
36630166,0,0,0
36630167,47253,153506,200759
36630170,50000,302563,352563
36630171,0,0,0
36630172,52279,9501,61780
36630173,109949,3217,113166
36630175,106540,68398,174938
36630176,420123,1714335,2134458
36630178,164537,91614,256151
36630179,147000,156548,303548
36630180,62695,177396,240091
36630181,55540,5959,61499
36630182,0,0,0
36630183,157930,284211,442141
36630184,0,153283,153283
36630186,0,181786,181786
36630187,152457,97830,250287
36630188,3000,80326,83326
36630189,62197,78054,140251
36630190,0,0,0
36630191,0,372030,372030
36630192,0,0,0
36630193,132837,11369,144206
36630195,53311,50860,104171
36630196,60000,119066,179066
36630197,49000,53301,102301
36630198,6000,39958,45958
36630199,37167,8260,45427
36630202,26238,64431,90669
36630203,18000,173758,191758
36630204,0,0,369206
36630205,0,789705,789705
36630206,36331,57051,93382
36630207,0,134559,134559
36630208,0,55441,55441
36630209,0,0,0
36630210,59974,43845,103819
36630211,0,229053,229053
36630212,42882,127859,170741
36630213,90569,118075,208644
36630214,71730,15698,87428
36630215,40781,83960,124741
36630216,47793,24262,72055
36630217,0,142819,142819
36630218,61490,4273,65763
36630219,0,469390,469390
36630220,48025,253368,301393
36630221,195359,421544,616903
36630222,105695,11431,117126
36630223,73132,167797,240929
36630225,20575,67255,87830
36630226,92551,575,93126
36630227,47000,67892,114892
36630228,0,0,0
36630229,39089,73996,113085
36630230,0,83941,83941
36630231,70803,75807,146610
36630232,53967,92390,146357
36630233,0,0,0
36630234,51000,8458,59458
36630235,0,185732,185732
36630236,150706,104568,255274
36630237,0,35611,35611
36630239,49895,11119,61014
36630240,87490,67011,154501
36630241,29556,37402,66958
36630242,0,90579,90579
36630243,26003,369,26372
36630244,0,77921,77921
36630245,12379,103782,116161
36630246,87094,231198,318292
36630247,875,251617,252492
36630248,57571,32834,90405
36630249,0,165761,165761
36630250,45628,19043,64671
36630253,6502,294667,301169
36630254,0,139712,139712
36630255,0,371421,371421
36630256,0,43503,43503
36630257,0,65516,65516
36630258,0,0,258802
36630259,61408,29139,90547
36630260,71403,2047,73450
36630261,42612,330385,372997
36630263,0,87995,87995
36630264,267746,6711,274457
36630265,54277,39854,94131
36630266,10675,45973,56648
36630267,0,0,1022803
36630268,14726,74425,89151
36630269,0,141843,141843
36630270,90000,90909,180909
36630271,0,46733,46733
36630272,66611,2503,69114
36630273,0,155493,155493
36630274,35132,83903,119035
36630275,46410,243811,290221
36630276,44744,280775,325519
36630278,39792,133243,173035
36630279,82195,5272,87467
36630281,5000,90861,95861
36630284,0,0,0
36630285,5000,17854,22854
36630286,0,0,0
36630287,48720,140182,188902
36630289,0,579518,579518
36630291,0,66479,66479
36630292,45154,26542,71696
36630293,4448,149826,154274
36630294,27068,192,27260
36630296,0,0,119073
36630297,26334,138781,165115
36630299,0,240481,240481
36630300,0,0,0
36630301,50000,107044,157044
36630303,120000,36424,156424
36630304,0,88116,88116
36630305,10175,158777,168952
36630306,43382,24323,67705
36630308,0,0,0
36630309,0,224840,224840
36630310,0,0,0
36630311,89803,196883,286686
36630312,52000,127352,179352
36630313,93000,53290,146290
36630314,0,0,0
36630315,0,137005,137005
36630316,50000,7458,57458
36630317,0,52310,52310
36630318,0,0,0
36630319,23196,247392,270588
36630320,36535,423259,459794
36630321,25000,699325,724325
36630322,80000,2730,82730
36630323,26489,287610,314099
36630324,0,0,0
36630325,129909,346515,476424
36630326,0,0,0
36630327,20000,54821,74821
36630328,0,146175,146175
36630329,100000,138872,238872
36630330,91690,209065,300755
36630331,0,655869,655869
36630332,30000,340881,370881
36630333,0,116547,116547
36630334,57453,88389,145842
36630335,0,267241,267241
36630336,0,0,0
36630337,0,357338,357338
36630338,0,185688,185688
36630339,0,162774,162774
36630340,89000,1052755,1141755
36630341,41801,28337,70138
36630342,5000,226962,231962
36630343,0,39362,39362
36630344,0,168579,168579
36630346,5000,63751,68751
36630349,0,0,0
36630350,49000,206867,255867
36630351,0,122209,122209
36630352,0,101418,101418
36630353,28000,34066,62066
36630354,56031,135216,191247
36630355,124044,155524,279568
36630356,0,188638,188638
36630357,0,106852,106852
36630358,0,53210,53210
36630359,75000,157260,232260
36630360,65188,408032,473220
36630363,90000,35514,125514
36630365,70911,458707,529618
36630376,0,41762,41762
36630384,53204,51092,104296
36630398,0,226949,226949
36630399,65383,2388,67771
36630400,0,11625,11625
36630401,47000,62308,109308
36630402,64793,897769,962562
36630403,25000,15000,40000
37110004,24980,144609,169589
37110005,70197,510900,581097
37110006,29855,334700,364555
37110007,449483,650734,1100217
37110008,18944,86030,104974
37110009,127418,94636,222054
37110010,224926,147228,372154
37110011,0,148723,148723
37110013,106300,26423,132723
37110014,94189,26409,120598
37110028,162710,1031173,1193883
37110029,123628,550310,673938
37110030,217000,470284,687284
37110032,206821,59610,266431
37110033,238912,6051,244963
37110034,18226,48234,66460
37110036,0,419275,419275
37110041,82331,338190,420521
37110042,54534,453386,507920
37110043,35000,33801,68801
37110044,21576,1176,22752
37110045,66427,175074,241501
37110046,166701,1245,167946
37110047,250693,194139,444832
37110048,81609,50122,131731
37110051,16675,97121,113796
37110052,189463,201261,390724
37110066,36688,27687,64375
37110067,0,199826,199826
37110068,96930,112150,209080
37110069,135000,55507,190507
37110070,173960,144175,318135
37110072,25738,47671,73409
37110073,10305,247002,257307
37110074,94870,209384,304254
37110075,100000,168946,268946
37110076,60412,144700,205112
37110077,63420,473360,536780
37110078,255000,2391,257391
37110079,35412,143738,179150
37110092,30486,76259,106745
37110093,63000,11870,74870
37110095,88000,214387,302387
37110096,80580,1439,82019
37110097,131413,168639,300052
37110098,0,29397,29397
37110099,34000,1472,35472
37110100,16000,42420,58420
37110101,56532,0,56532
37110102,55000,18522,73522
37110103,0,0,0
37110104,0,3438,3438
37110105,45390,43487,88877
37110107,87407,12753,100160
37110108,62000,212341,274341
37110109,55600,50517,106117
37110110,20000,39989,59989
37110112,8000,21311,29311
37110113,30000,62651,92651
37110114,39500,39310,78810
37110116,56500,47766,104266
37110118,136000,1001,137001
37110119,60000,87362,147362
37110123,6527,58744,65271
37110124,17000,73688,90688
37110128,28360,175207,203567
37110129,14070,32416,46486
37110131,39397,123982,163379
37110132,54000,1478,55478
37110133,15000,37584,52584
37110134,54676,16297,70973
37110136,116500,132647,249147
37110137,0,6775,6775
37110140,3800,986,4786
37110141,38000,44817,82817
37110142,21000,75796,96796
37110146,162785,592,163377
37110147,84080,189,84269
37110148,44000,1597,45597
37110203,255000,197201,452201
37110204,128620,165368,293988
37110205,50000,8662,58662
37110206,25000,2471,27471
37110208,118853,34773,153626
37110209,124290,98345,222635
37110210,65000,68643,133643
37110212,60000,5474,65474
37110214,4000,52659,56659
37110215,48500,190051,238551
37110216,0,24666,24666
37110218,3000,39585,42585
37110220,0,1396,1396
37110221,49000,118010,167010
37110222,85290,121554,206844
37110223,54774,317,55091
37110224,0,47135,47135
37110225,0,10124,10124
37110226,30000,77035,107035
37110227,0,45313,45313
37110229,38500,49175,87675
37110231,67000,115,67115
37110232,140000,1386,141386
37110233,57912,0,57912
37110234,40000,35801,75801
37110239,0,47504,47504
37110240,10000,25300,35300
37110241,20000,5135,25135
37110243,0,60536,60536
37110244,107000,40040,147040
37110245,20000,18981,38981
37110246,33000,791,33791
37110247,0,1335,1335
37110248,37000,12050,49050
37110249,0,106013,106013
37110250,60056,66217,126273
37110251,102000,39025,141025
37110252,26100,71109,97209
37110253,15000,33021,48021
37110254,73000,5168,78168
37110255,20000,44479,64479
37110256,50000,31077,81077
37110257,93750,156908,250658
37110258,0,123074,123074
37110259,70000,115861,185861
37110260,42000,60553,102553
37110261,60790,45634,106424
37110262,0,153006,153006
37110263,0,2384,2384
37110265,35290,49361,84651
37110266,60000,3771,63771
37110267,168147,90145,258292
37110268,12000,44128,56128
37110269,164,25632,25796
37110271,50000,25522,75522
37110273,0,52529,52529
37110274,0,149318,149318
37110319,8730,65430,74160
37110329,20000,151138,171138
37110359,12675,60879,73554
37110360,87478,875,88353
37110362,0,32417,32417
37110363,32058,35993,68051
37110364,25610,56427,82037
37110379,106844,338,107182
37110381,96890,70001,166891
37110382,200290,541220,741510
37110383,53000,71721,124721
37110390,37000,21713,58713
37110391,94000,60525,154525
37110392,17971,37132,55103
37120001,259385,566341,825726
37120002,52188,56600,108788
37120003,0,346069,346069
37120004,18464,78073,96537
37120005,42379,91348,133727
37120007,21413,64456,85869
37120008,158675,153052,311727
37120009,147530,203149,350679
37120011,9202,114048,123250
37120012,116394,37890,154284
37120013,26365,123923,150288
37120014,136914,623,137537
37120015,16999,176631,193630
37120016,0,413419,413419
37120017,164395,22888,187283
37120018,48074,226428,274502
37120022,74525,107206,181731
37120024,50000,132189,182189
37120026,45580,147436,193016
37120027,0,16798,16798
37120028,79028,90215,169243
37120029,94980,393522,488502
37120030,15000,25,15025
37120031,10604,185155,195759
37120032,0,109931,109931
37120033,38239,285420,323659
37120034,0,572,572
37120035,82000,53730,135730
37120036,0,102715,102715
37120039,142500,199115,341615
37120040,0,34276,34276
37120041,29580,433,30013
37120043,5400,1041,6441
37120045,162277,68262,230539
37120047,90000,34258,124258
37120049,0,62762,62762
37120050,7000,39068,46068
37120051,19483,1997,21480
37120052,28000,42935,70935
37120053,0,111281,111281
37120054,0,542,542
37120055,54000,1541,55541
37120056,8798,13033,21831
37120058,0,40133,40133
37120059,0,430,430
37120060,62000,44427,106427
37120061,60000,174926,234926
37120065,0,139700,139700
37120066,0,36883,36883
37120067,0,127884,127884
37120068,3500,5037,8537
37120070,22000,67734,89734
37120071,0,6017,6017
37120073,0,37913,37913
37120082,0,66870,66870
37120083,0,7911,7911
37120084,50000,2060,52060
37120085,0,948,948
37120086,45494,11587,57081
37120087,0,903,903
37120089,0,73171,73171
37120092,0,0,0
37120094,0,45863,45863
37120096,216976,71192,288168
37120098,45000,33150,78150
37120103,8950,81774,90724
37120104,0,115086,115086
37120105,0,91223,91223
37120107,0,86903,86903
37120110,94249,77072,171321
37120111,0,133360,133360
37120113,0,123370,123370
37120114,45000,117570,162570
37120116,98000,26428,124428
37120117,12000,5771,17771
37120118,0,257065,257065
37120120,98290,177,98467
37120122,35915,42910,78825
37120123,0,1663,1663
37120124,58970,19353,78323
37120126,0,1885,1885
37120129,27610,261549,289159
37120131,0,6118,6118
37120132,38000,461,38461
37120133,0,4157,4157
37120134,20000,21070,41070
37120135,0,23922,23922
37120136,0,32076,32076
37120137,290,91582,91872
37120138,0,664,664
37120140,0,17379,17379
37120143,5000,2440,7440
37120144,33000,1051,34051
37120145,0,37230,37230
37120146,18000,58000,76000
37120147,0,63020,63020
37120149,42000,1687,43687
37120152,170000,44344,214344
37120154,35000,11553,46553
37120156,47000,35945,82945
37120157,0,255,255
37120158,10000,14152,24152
37120159,60335,8965,69300
37120160,0,65418,65418
37120161,0,56955,56955
37120162,10000,247558,257558
37120164,0,264003,264003
37120165,50000,91007,141007
37120166,86700,68,86768
37120168,17000,123711,140711
37120171,33373,32517,65890
37120172,66775,52259,119034
37120176,23190,47495,70685
37120177,0,69824,69824
37120178,21000,38171,59171
37120182,52000,36457,88457
37120185,0,67023,67023
37120186,0,132235,132235
37120187,0,850,850
37120188,90000,3628,93628
37120192,0,334,334
37120193,15000,44392,59392
37120194,0,114660,114660
37120198,20000,226542,246542
37120200,0,84598,84598
37120201,128300,3169,131469
37120202,42690,43363,86053
37120203,30000,23415,53415
37120204,30000,10349,40349
37120206,90000,5364,95364
37120207,19000,354,19354
37120216,73345,0,73345
37120217,31033,96741,127774
37120218,5850,25488,31338
37120219,40000,44025,84025
37120220,0,29036,29036
37120221,40010,544,40554
37120222,75000,15055,90055
37120223,0,84040,84040
37120224,0,110280,110280
37120225,39000,4388,43388
37120226,0,395,395
37120227,140000,153789,293789
37120228,60000,3490,63490
37120229,61000,198,61198
37120230,25639,296,25935
37120231,28290,115,28405
37120232,0,77831,77831
37120233,61364,283647,345011
37120234,25580,36445,62025
37120235,30000,16591,46591
37120236,25000,1243,26243
37120237,0,20601,20601
37120238,56308,417,56725
37120239,0,88524,88524
37120242,0,42288,42288
37120243,20000,27319,47319
37120244,35000,225579,260579
37120245,0,19096,19096
37120247,128105,812,128917
37120248,22450,82436,104886
37120249,160580,789267,949847
37120250,47790,242,48032
37120251,19500,31123,50623
37120252,0,31860,31860
37120253,20000,19312,39312
37120254,28000,334,28334
37120255,0,6363,6363
37120256,0,985,985
37120257,0,174617,174617
37120258,0,1019,1019
37120259,61000,291,61291
37120261,35000,88475,123475
37120262,45000,36298,81298
37120263,40000,32293,72293
37120265,38000,322,38322
37120266,0,93511,93511
37120267,0,33,33
37120269,22000,161,22161
37120270,0,21,21
37120271,0,1018,1018
37120272,0,30569,30569
37120273,16159,24668,40827
37120274,48000,1072,49072
37120275,46490,28171,74661
37120277,75900,45,75945
37120278,3500,25976,29476
37120279,28000,42783,70783
37120280,0,88225,88225
37120281,30000,0,30000
37120282,133000,158704,291704
37120283,48600,319,48919
37120284,35000,29989,64989
37120287,3000,749,3749
37120288,0,810,810
37120289,15000,21925,36925
37120290,0,65868,65868
37120293,169375,10867,180242
37120296,10000,46567,56567
37120297,165615,206484,372099
37120301,61000,227,61227
37120303,5000,54182,59182
37120325,0,356885,356885
37120326,0,415,415
37120327,18880,66868,85748
37120329,45000,35558,80558
37120330,125000,62534,187534
37120332,68000,98942,166942
37120334,15000,92689,107689
37120335,26000,50115,76115
37120336,59422,14292,73714
37130002,200222,282221,482443
37130003,88953,76953,165906
37130004,19770,223512,243282
37130005,62050,43817,105867
37130006,34168,236656,270824
37130007,110455,326158,436613
37130008,20000,299318,319318
37130010,244170,640,244810
37130011,0,368,368
37130012,56279,10747,67026
37130013,1500,78652,80152
37130014,84383,47506,131889
37130015,232040,430411,662451
37130016,0,218387,218387
37130017,120210,19822,140032
37130018,164120,206398,370518
37130019,39463,78006,117469
37130021,100300,84319,184619
37130022,60000,8871,68871
37130024,71501,27094,98595
37130025,33765,9668,43433
37130026,0,4504,4504
37130027,98900,0,98900
37130028,0,28475,28475
37130029,50000,81759,131759
37130030,0,224577,224577
37130031,29064,60637,89701
37130033,62700,221596,284296
37130034,44433,172126,216559
37130035,291672,4358,296030
37130036,0,4037,4037
37130037,13328,351604,364932
37130038,0,2153,2153
37130039,0,13,13
37130041,88000,75700,163700
37130042,0,58270,58270
37130044,137814,3201,141015
37130047,0,100428,100428
37130052,116425,20585,137010
37130053,0,92763,92763
37130054,13782,7770,21552
37130056,0,34601,34601
37130057,77000,81187,158187
37130058,0,41318,41318
37130065,2900,2,2902
37130068,0,733,733
37130069,40000,518908,558908
37130072,0,132184,132184
37130073,143000,32252,175252
37130075,0,75324,75324
37130080,0,463,463
37130081,0,136366,136366
37130082,0,15813,15813
37130083,16270,22462,38732
37130084,150000,2552,152552
37130086,0,0,821
37130087,0,908119,908119
37130088,0,0,0
37130090,50000,47509,97509
37130091,0,106790,106790
37130092,25000,3896,28896
37130094,0,50595,50595
37130095,30000,165129,195129
37130098,50000,251756,301756
37130101,30000,255,30255
37130103,0,1652,1652
37130105,0,100062,100062
37130107,150000,13178,163178
37130109,230960,82732,313692
37130114,52000,20012,72012
37130120,35,80919,80954
37130121,0,103368,103368
37130123,45035,4706,49741
37130124,19500,48368,67868
37130126,88000,17902,105902
37130127,0,123590,123590
37130132,40000,20823,60823
37130133,0,265870,265870
37130134,150000,20266,170266
37130139,25000,27574,52574
37130140,0,83505,83505
37130141,29000,263,29263
37130143,40000,418186,458186
37130144,0,98291,98291
37130148,16850,55328,72178
37130151,57000,412,57412
37130153,24300,135714,160014
37130154,0,20903,20903
37130155,0,46936,46936
37130156,0,95086,95086
37130157,158000,43349,201349
37130158,74680,67971,142651
37130159,50000,36135,86135
37130160,4000,45005,49005
37130162,0,57044,57044
37130165,25000,7941,32941
37130167,64415,17910,82325
37130168,65000,60531,125531
37130169,15000,3052,18052
37130170,258000,46335,304335
37130171,0,1118,1118
37130172,25000,19098,44098
37130173,15000,35722,50722
37130174,3350,68921,72271
37130176,25000,23625,48625
37130177,50000,35813,85813
37130178,20000,113832,133832
37130179,32850,18709,51559
37130182,0,33476,33476
37130183,0,93486,93486
37130184,35000,59773,94773
37130185,50378,157526,207904
37130188,0,123708,123708
37130189,70000,378,70378
37130191,0,105166,105166
37130192,0,107228,107228
37130194,15000,268486,283486
37130195,120000,37700,157700
37130196,72400,734,73134
37130197,56735,432301,489036
37130198,10000,63228,73228
37130199,0,57396,57396
37130201,0,175035,175035
37130202,42000,1338,43338
37130203,0,80723,80723
37130204,10000,91503,101503
37130205,0,102258,102258
37130207,4000,121881,125881
37130208,0,330660,330660
37130211,250000,275810,525810
37130212,49290,35966,85256
37130215,0,758,758
37130216,7000,1385,8385
37130219,80000,189731,269731
37130220,0,41035,41035
37130221,0,68139,68139
37130223,30000,7723,37723
37130224,0,5842,5842
37130226,0,51969,51969
37130227,50945,56192,107137
37130228,0,28605,28605
37130229,0,138866,138866
37130230,33300,21890,55190
37130231,30000,3938,33938
37130232,0,68650,68650
37130233,15000,7017,22017
37130234,2000,140728,142728
37130235,24070,53882,77952
37130236,50000,62486,112486
37130257,20000,513,20513
37130258,44000,817,44817
37130264,8550,137602,146152
37130270,23000,4162,27162
37130271,45510,40721,86231
37130273,40000,266992,306992
37130279,5000,14456,19456
37130296,0,41420,41420
37130297,16884,90000,106884
37130298,0,99645,99645
37130299,0,301393,301393
37130302,0,164000,164000
37130305,0,73978,73978
37130306,20000,106113,126113
37130326,0,1835,1835
37130327,13410,99328,112738
37130328,26000,42833,68833
37130330,8000,46905,54905
37130331,0,5040,5040
37130333,23768,857,24625
37130334,147000,416710,563710
37130335,85000,3558,88558
37130337,5000,5026,10026
37130364,5577,93564,99141
37130365,27000,764,27764
37140001,303220,12983,316203
37140002,143237,19410,162647
37140003,28250,1476,29726
37140004,0,2263,2263
37140005,57872,192459,250331
37140006,0,30,30
37140007,20267,226927,247194
37140008,0,282303,282303
37140009,121097,198410,319507
37140010,80000,26615,106615
37140011,3,42239,42242
37140012,0,387600,387600
37140013,100300,273712,374012
37140014,0,11135,11135
37140015,84000,36746,120746
37140016,0,47809,47809
37140017,42000,450,42450
37140018,21485,105945,127430
37140019,0,28910,28910
37140020,57110,1205585,1262695
37140021,101567,14530,116097
37140022,52220,143775,195995
37140023,0,8624,8624
37140024,0,126140,126140
37140025,44342,15733,60075
37140026,254314,41770,296084
37140027,0,414000,414000
37140028,41600,16031,57631
37140029,0,766,766
37140030,0,41319,41319
37140031,0,2410,2410
37140032,228609,215150,443759
37140033,40100,98294,138394
37140034,0,99855,99855
37140035,7115,960,8075
37140036,0,277649,277649
37140037,96403,56392,152795
37140038,0,1036,1036
37140039,180000,2433,182433
37140040,296384,217247,513631
37140041,499440,159236,658676
37140042,50000,50761,100761
37140043,0,231224,231224
37140044,0,258321,258321
37140045,340000,182289,522289
37140046,0,82466,82466
37140048,138250,204179,342429
37140049,0,214040,214040
37140050,0,97271,97271
37140051,0,55051,55051
37140052,2710,186040,188750
37140054,0,408,408
37140055,80480,90128,170608
37140056,70000,4125,74125
37140057,0,86759,86759
37140058,22000,81827,103827
37140059,20500,215,20715
37140061,0,98914,98914
37140063,75000,331801,406801
37140064,7300,5952,13252
37140065,0,106237,106237
37140066,0,58783,58783
37140071,0,77410,77410
37140072,0,5499,5499
37140073,0,1796,1796
37140074,28000,40559,68559
37140075,47000,675,47675
37140076,0,37052,37052
37140077,5000,11936,16936
37140079,177357,9889,187246
37140081,25000,2286,27286
37140082,0,151,151
37140083,0,149,149
37140084,62000,182092,244092
37140085,40035,58120,98155
37140086,4000,42893,46893
37140087,31570,8070,39640
37140088,70000,9133,79133
37140091,0,333712,333712
37140092,4000,3393,7393
37140093,123000,496,123496
37140094,5000,56891,61891
37140095,0,2136,2136
37140096,80000,64447,144447
37140097,20000,28636,48636
37140098,0,409168,409168
37140099,5000,1202,6202
37140100,50000,263138,313138
37140102,1700,126293,127993
37140104,35000,4703,39703
37140106,6800,81147,87947
37140107,0,178178,178178
37140108,0,62020,62020
37140109,43000,133,43133
37140110,0,337,337
37140111,0,90448,90448
37140112,80000,85473,165473
37140113,0,56428,56428
37140114,3900,62639,66539
37140115,0,12913,12913
37140116,0,85807,85807
37140119,0,62537,62537
37140120,0,73569,73569
37140122,9000,29418,38418
37140123,0,85532,85532
37140124,65000,3621,68621
37140125,50000,63337,113337
37140126,0,19603,19603
37140129,0,315291,315291
37140132,0,51308,51308
37140133,0,13705,13705
37140134,0,93661,93661
37140136,200000,265752,465752
37140137,18300,4624,22924
37140138,0,32397,32397
37140139,0,3682,3682
37140140,35000,22604,57604
37140141,40000,367,40367
37140145,61359,119021,180380
37140146,0,152214,152214
37140147,5000,110415,115415
37140148,24098,584998,609096
37140149,3000,232873,235873
37140150,0,46681,46681
37140151,0,45339,45339
37140152,0,3497,3497
37140153,120000,2808,122808
37140154,100000,69311,169311
37140155,134538,45842,180380
37140156,10000,14438,24438
37140157,4500,91489,95989
37140158,0,8024,8024
37140159,12000,7401,19401
37140160,0,134534,134534
37140161,9000,25680,34680
37140162,22000,15036,37036
37140163,0,298138,298138
37140164,15680,19017,34697
37140165,0,40548,40548
37140166,91430,134893,226323
37140167,0,41614,41614
37140168,0,56236,56236
37140169,15000,42913,57913
37140170,25000,30927,55927
37140171,0,63924,63924
37140172,50000,63644,113644
37140173,0,99284,99284
37140174,68000,25533,93533
37140175,16000,15105,31105
37140177,0,29604,29604
37140178,110000,18887,128887
37140179,45000,424547,469547
37140180,0,45911,45911
37140181,115000,116430,231430
37140182,83000,128319,211319
37140183,0,62476,62476
37140184,30000,18372,48372
37140185,35000,528680,563680
37140186,45000,65457,110457
37140187,0,132170,132170
37140188,35000,49666,84666
37140189,75000,129093,204093
37140191,18000,1511,19511
37140192,66000,660,66660
37140193,39000,140645,179645
37140194,70000,182625,252625
37140195,50000,59608,109608
37140196,0,301531,301531
37140197,65000,81815,146815
37140198,50000,38596,88596
37140199,0,69707,69707
37140200,290,35739,36029
37140201,75000,13036,88036
37140203,0,28166,28166
37140204,45000,87843,132843
37140205,0,59854,59854
37140206,0,5948,5948
37140207,0,21735,21735
37140208,7000,25310,32310
37140209,30000,15199,45199
37140210,45000,7711,52711
37140212,0,469,469
37140213,33000,591,33591
37140215,0,73365,73365
37140216,0,28986,28986
37140217,0,1863,1863
37140218,0,27467,27467
37140220,0,155720,155720
37140221,0,91,91
37140222,0,79939,79939
37140223,17000,6533,23533
37140224,0,68,68
37140225,50000,2112,52112
37140226,30000,6107,36107
37140227,22484,29650,52134
37140228,0,2173,2173
37140229,21000,282,21282
37140230,24917,38009,62926
37140231,35000,1089,36089
37140232,0,1417,1417
37140233,0,19017,19017
37140234,135690,246943,382633
37140235,0,1637,1637
37140236,0,102845,102845
37140238,0,318,318
37140239,40000,4300,44300
37140240,0,76866,76866
37140241,0,132889,132889
37140242,20000,43689,63689
37140243,25000,32086,57086
37140244,0,307,307
37140245,49000,16458,65458
37140246,82000,1023,83023
37140247,150000,69454,219454
37140248,0,43829,43829
37140249,5600,60723,66323
37140250,36000,10159,46159
37140251,0,104775,104775
37140252,51381,11347,62728
37140253,0,53504,53504
37140254,0,22464,22464
37140255,0,325980,325980
37140256,98020,224403,322423
37140257,33000,522,33522
37140259,50000,3261,53261
37140260,0,40285,40285
37140261,34252,6257,40509
37140262,0,41339,41339
37140263,39000,851,39851
37140264,0,139193,139193
37140266,60500,308,60808
37140267,136000,3694,139694
37140268,19000,563,19563
37140271,0,1925,1925
37140272,0,461307,461307
37140274,0,1029,1029
37140275,0,59713,59713
37140276,0,12676,12676
37140277,69000,131137,200137
37140279,0,118102,118102
37140280,411560,44786,456346
37140281,40000,307217,347217
37140282,0,471722,471722
37140284,23000,22890,45890
37140285,90360,74783,165143
37140286,0,695316,695316
37140287,15000,50611,65611
37140288,0,73389,73389
37140289,0,172891,172891
37140291,0,235553,235553
37140292,0,8049,8049
37140293,13300,115106,128406
37140294,37000,170681,207681
37140295,0,1013,1013
37140296,100000,86484,186484
37140297,0,210686,210686
37140298,50000,325688,375688
37140299,347070,1742,348812
37140300,0,43173,43173
37140301,50000,80474,130474
37140302,65390,18622,84012
37140303,50000,6969,56969
37140304,62000,11745,73745
37140308,15000,342282,357282
37140309,85000,58997,143997
37140310,50000,88796,138796
37140313,0,357026,357026
37140321,22500,420,22920
37140323,57000,56813,113813
37140336,0,2017,2017
37140338,0,32806,32806
37140352,0,39455,39455
37140356,0,147662,147662
37140360,41000,159,41159
37140365,190000,5741,195741
37140367,18689,447946,466635
37140368,5000,28402,33402
37140370,0,132249,132249
37140371,0,438156,438156
37140373,3054,49228,52282
37140374,0,8125,8125
37140375,8240,42818,51058
37140377,0,1788,1788
37140379,24000,335,24335
37140380,30000,80255,110255
37140381,335000,199184,534184
37140383,161000,213,161213
37140384,0,320707,320707
37140385,0,25869,25869
37140386,81000,30522,111522
37140387,50000,197946,247946
37140388,20000,5788,25788
37140389,66000,5164,71164
37140390,34000,60766,94766
37140391,20000,4230,24230
37140400,0,88402,88402
37140402,43954,198682,242636
37140403,68185,39686,107871
37140404,0,101313,101313
37150001,24999,52329,77328
37150002,486368,454167,940535
37150003,203249,256588,459837
37150004,224052,7402,231454
37150005,67028,93962,160990
37150006,60000,89168,149168
37150007,24000,63502,87502
37150008,169420,196092,365512
37150009,0,3706,3706
37150010,12000,170076,182076
37150011,110213,362587,472800
37150012,0,0,0
37150013,4000,87272,91272
37150014,3000,388086,391086
37150015,0,442561,442561
37150016,120620,245475,366095
37150017,0,114473,114473
37150018,437269,83156,520425
37150019,99844,104100,203944
37150020,94000,235548,329548
37150021,278011,309374,587385
37150022,0,161697,161697
37150023,0,113818,113818
37150024,126998,109765,236763
37150026,0,43395,43395
37150028,21895,82262,104157
37150029,11000,40896,51896
37150030,20000,105907,125907
37150033,90732,1356,92088
37150036,14290,72886,87176
37150039,28660,58044,86704
37150040,12500,65294,77794
37150041,18000,2310,20310
37150043,22000,15650,37650
37150044,0,135770,135770
37150045,4000,47716,51716
37150046,17500,1300,18800
37150048,0,44775,44775
37150049,4000,67714,71714
37150050,44000,55578,99578
37150051,28873,41856,70729
37150052,0,47432,47432
37150053,0,76900,76900
37150054,25000,149896,174896
37150055,46000,43607,89607
37150056,4000,85965,89965
37150057,19358,10881,30239
37150058,29250,43784,73034
37150059,96712,5242,101954
37150060,0,121346,121346
37150062,41157,91321,132478
37150063,0,202494,202494
37150064,9016,217249,226265
37150065,4555,172369,176924
37150066,45630,80112,125742
37150067,90000,7109,97109
37150068,0,255040,255040
37150069,73682,56467,130149
37150070,0,3350,3350
37150071,0,69545,69545
37150072,99000,58961,157961
37150073,83889,2004,85893
37150074,0,166597,166597
37150075,30000,25044,55044
37150076,140974,62513,203487
37150078,1426,60440,61866
37150079,140290,2625,142915
37150080,0,56661,56661
37150081,22421,82684,105105
37150082,100000,383208,483208
37150083,0,20506,20506
37150084,5000,89230,94230
37150085,0,191,191
37150086,109800,757,110557
37150087,0,39288,39288
37150088,0,40640,40640
37150089,0,80303,80303
37150091,55575,3053,58628
37150092,0,31207,31207
37150093,52948,100846,153794
37150094,6000,3088,9088
37150095,84865,552,85417
37150096,108000,84729,192729
37150097,25932,65,25997
37150098,98000,96140,194140
37150100,30000,47181,77181
37150101,49376,2747,52123
37150103,28000,5865,33865
37150104,0,124186,124186
37150105,83480,55215,138695
37150106,58790,389,59179
37150107,59085,48726,107811
37150108,70000,227294,297294
37150109,34250,29686,63936
37150110,58500,151868,210368
37150111,12034,65207,77241
37150112,50037,16122,66159
37150113,86046,46809,132855
37150114,0,89308,89308
37150115,99010,87477,186487
37150117,108390,83510,191900
37150119,0,57362,57362
37150121,0,151779,151779
37150128,99000,139057,238057
37150129,0,55960,55960
37150130,0,122000,122000
37150131,0,63993,63993
37150133,0,178613,178613
37150134,0,28994,28994
37150135,0,89822,89822
37150136,0,210,210
37160001,142053,201726,343779
37160002,243977,174958,418935
37160012,0,1471,1471
37160015,219642,322967,542609
37160016,50171,251202,301373
37160017,101610,465443,567053
37160018,26830,236189,263019
37160019,0,167071,167071
37160020,171341,146195,317536
37160022,134780,137833,272613
37160023,0,51476,51476
37160024,54424,703609,758033
37160025,286365,670750,957115
37160026,257000,1140,258140
37160027,69004,82229,151233
37160035,78679,125038,203717
37160037,53528,249134,302662
37160038,284673,252063,536736
37160039,63081,297092,360173
37160040,94292,172643,266935
37160054,129000,294910,423910
37160055,0,79,79
37160056,42081,42017,84098
37160057,84000,132187,216187
37160058,48208,131229,179437
37160059,0,396923,396923
37160061,77173,274415,351588
37160062,0,760,760
37160063,15112,251909,267021
37160064,97778,80976,178754
37160065,0,63988,63988
37160080,0,268,268
37160081,95000,195574,290574
37160082,191967,361085,553052
37160083,26128,213563,239691
37160084,129560,231005,360565
37160085,80630,353941,434571
37160086,0,541,541
37160087,130000,41743,171743
37160088,40980,41402,82382
37160090,24044,228335,252379
37160091,0,61908,61908
37160127,10000,852,10852
37160144,0,0,0
37160151,73890,628919,702809
37160153,59200,158527,217727
37160154,21500,41811,63311
37160155,124243,304032,428275
37160157,6000,5323,11323
37160158,0,0,0
37160159,38000,3269,41269
37160160,134000,154999,288999
37160161,195875,128138,324013
37160162,26000,15044,41044
37160163,95340,1520,96860
37160164,0,4224,4224
37160165,59000,62759,121759
37160166,130000,81902,211902
37160167,140000,100520,240520
37160170,4000,101607,105607
37160171,70000,15016,85016
37160172,23000,32391,55391
37160173,86384,106395,192779
37160175,41190,118785,159975
37160176,46000,69664,115664
37160177,0,249,249
37160178,31754,5236,36990
37160181,0,284993,284993
37160182,0,203977,203977
37160183,147503,469510,617013
37160184,0,2075,2075
37160185,79575,87314,166889
37160186,8000,202747,210747
37160187,4000,156106,160106
37160188,0,62026,62026
37160189,144600,591721,736321
37160190,0,277170,277170
37160191,0,108154,108154
37160192,22000,26825,48825
37160193,12000,4965,16965
37160195,71736,1325,73061
37160196,78920,324,79244
37160197,51672,120505,172177
37160198,97000,175,97175
37160200,60000,6200,66200
37160201,0,63460,63460
37160235,29500,43800,73300
37160236,24640,94246,118886
37160237,0,0,0
37160238,39021,256525,295546
37160276,46000,210156,256156
37160277,38500,75715,114215
37160278,0,1506,1506
37160279,143000,158102,301102
37160280,73685,30801,104486
37160282,43000,6520,49520
37160283,66000,33132,99132
37160284,105000,157929,262929
37160285,0,327,327
37160286,0,106791,106791
37160287,8000,78,8078
37160288,79468,112453,191921
37160289,100000,411306,511306
37160290,20000,37275,57275
37160291,58000,208177,266177
37160292,47972,139971,187943
37160294,46990,81244,128234
37160295,82000,121725,203725
37160297,35000,6240,41240
37160298,90000,14923,104923
37160299,16000,80792,96792
37160300,0,39250,39250
37160301,17600,81329,98929
37160302,30000,1858,31858
37160303,12000,38042,50042
37160305,0,38339,38339
37160306,10000,594535,604535
37160307,106000,348,106348
37160308,67622,34875,102497
37160309,0,54785,54785
37160310,3000,38293,41293
37160311,114674,21395,136069
37160312,20500,22494,42994
37160313,197464,240794,438258
37160314,49383,118916,168299
37160315,43132,77430,120562
37160316,0,257535,257535
37160318,7864,58889,66753
37160320,0,66552,66552
37160321,14100,130477,144577
37160323,26500,46648,73148
37160324,149000,25250,174250
37160325,28585,17711,46296
37160348,90000,175661,265661
37160365,0,7272,7272
37160380,8393,62529,70922
37160386,0,76830,76830
37160389,119000,28212,147212
37160390,108240,140063,248303
37160391,6600,52582,59182
37210001,147874,335221,483095
37210004,40919,7751,48670
37210005,150586,213813,364399
37210006,0,1184,1184
37210007,109504,43188,152692
37210008,76421,195352,271773
37210009,60926,58003,118929
37210010,9686,22425,32111
37210011,24078,7693,31771
37210012,88771,1038585,1127356
37210014,102321,241352,343673
37210015,0,430,430
37210016,38415,262681,301096
37210024,108282,397228,505510
37210026,84744,212966,297710
37210027,35307,7944,43251
37210028,112805,103776,216581
37210029,102368,57255,159623
37210030,125342,954088,1079430
37210031,70336,647411,717747
37210032,27624,236522,264146
37210033,112641,510247,622888
37210034,119128,545928,665056
37210035,17049,226758,243807
37210036,10000,3105,13105
37210044,75718,206872,282590
37210045,86581,123560,210141
37210046,250805,159453,410258
37210047,20750,91484,112234
37210048,16720,117058,133778
37210049,77915,76854,154769
37210050,64627,328013,392640
37210051,178450,176486,354936
37210052,80770,75481,156251
37210053,131033,207658,338691
37210054,113740,164450,278190
37210055,0,107850,107850
37210056,131565,57499,189064
37210057,35340,52915,88255
37210058,198640,344064,542704
37210059,40000,381863,421863
37210060,69284,111441,180725
37210061,167252,103326,270578
37210062,13688,174228,187916
37210073,0,0,113910
37210074,48288,245309,293597
37210075,78765,49507,128272
37210076,252420,7931,260351
37210077,18146,5908,24054
37210078,147717,212625,360342
37210079,0,2476,2476
37210080,2510,2594,5104
37210081,62670,12934,75604
37210082,3500,647,4147
37210083,144411,68386,212797
37210086,75000,5879,80879
37210087,0,714,714
37210088,96533,190874,287407
37210089,80219,185263,265482
37210090,0,656912,656912
37210091,63371,107198,170569
37210092,10003,167023,177026
37210101,14230,84358,98588
37210102,23500,29125,52625
37210103,30000,139370,169370
37210104,97189,86490,183679
37210105,20000,167897,187897
37210106,98051,18103,116154
37210107,86380,161449,247829
37210109,2000,27989,29989
37210112,25499,84951,110450
37210114,26745,58795,85540
37210117,42077,12262,54339
37210118,35625,90323,125948
37210120,22996,168873,191869
37210121,37370,83157,120527
37210129,120868,215135,336003
37210132,57100,164757,221857
37210133,165099,144009,309108
37210136,29408,324551,353959
37210137,23268,62235,85503
37210138,96710,72304,169014
37210141,36888,63561,100449
37210144,61100,153665,214765
37210145,2500,198394,200894
37210152,80000,1672,81672
37210154,15829,167075,182904
37210155,144000,3440,147440
37210157,21500,86240,107740
37210159,4000,105876,109876
37210161,4700,61955,66655
37210163,47210,68692,115902
37210164,84000,78646,162646
37210165,55984,45627,101611
37210166,76006,163320,239326
37210167,76000,58656,134656
37210168,22150,138729,160879
37210169,41370,12554,53924
37210170,49000,109089,158089
37210171,17000,167128,184128
37210172,19989,320242,340231
37210175,65570,30612,96182
37210176,36000,18291,54291
37210179,36000,59487,95487
37210181,47041,323395,370436
37210182,52585,9389,61974
37210184,32857,99487,132344
37210187,30000,112214,142214
37210188,42091,55258,97349
37210189,67034,35902,102936
37210190,93542,43869,137411
37210191,51000,86924,137924
37210192,28137,39196,67333
37210247,38645,394,39039
37210248,0,77,77
37210249,72277,10589,82866
37210250,0,77523,77523
37210251,7218,7369,14587
37210252,98865,292633,391498
37210254,145850,88240,234090
37210256,11000,4999,15999
37210257,11000,738,11738
37210258,0,780,780
37210259,0,49,49
37210260,0,69639,69639
37210261,0,445,445
37210262,13700,76795,90495
37210263,0,379,379
37210264,32565,146417,178982
37210268,97000,117575,214575
37210271,39035,834,39869
37210274,104915,6844,111759
37210275,78093,5301,83394
37210276,39473,263242,302715
37210277,17035,43004,60039
37210278,63000,46144,109144
37210279,184058,104479,288537
37210280,60000,60705,120705
37210281,2635,37362,39997
37210282,13500,48398,61898
37210283,0,887,887
37210284,49000,695,49695
37210287,48000,353,48353
37210288,8050,865,8915
37210289,43000,9921,52921
37210290,145240,164454,309694
37210293,21700,2661,24361
37210296,15174,160726,175900
37210298,6056,188617,194673
37210299,26335,24692,51027
37210300,76773,80920,157693
37210301,10000,20422,30422
37210302,0,85594,85594
37210303,79550,113703,193253
37210305,60000,37158,97158
37210306,31485,18099,49584
37210307,12200,53318,65518
37210308,20305,203821,224126
37210309,0,239,239
37210310,51617,60425,112042
37210312,3000,2879,5879
37210313,0,0,0
37210316,1000,228,1228
37210317,98696,106563,205259
37210318,59800,41940,101740
37210319,88833,61585,150418
37210321,63500,3516,67016
37210322,75597,57220,132817
37210323,24020,64424,88444
37210324,76320,20085,96405
37210325,55000,138755,193755
37210326,0,31666,31666
37210327,16500,72890,89390
37210328,0,116381,116381
37210329,16900,68734,85634
37210330,32000,39263,71263
37210331,116,1764,1880
37210332,2500,1814,4314
37210333,40000,21970,61970
37210334,0,0,0
37210335,62596,26875,89471
37210336,0,67,67
37210337,3000,1017,4017
37210338,54185,3129,57314
37210339,19500,737,20237
37210340,113284,86839,200123
37210341,51890,1078,52968
37210343,0,1849,1849
37210344,923,242,1165
37210419,102397,109258,211655
37210421,35,117695,117730
37210422,38770,103740,142510
37210436,27388,13284,40672
37210440,3000,40185,43185
37210441,10550,529284,539834
37210452,60360,244789,305149
37210453,6480,56562,63042
37210502,0,3426,3426
37210503,0,65,65
37210506,24673,182549,207222
37210507,34185,37357,71542
37210508,39390,4684,44074
37210509,0,42009,42009
37220001,553243,130318,683561
37220002,62000,86883,148883
37220003,0,248834,248834
37220005,44365,222712,267077
37220006,85000,313494,398494
37220007,65876,19891,85767
37220008,302562,156795,459357
37220009,10500,187969,198469
37220010,65000,434591,499591
37220011,0,139354,139354
37220012,73691,146940,220631
37220013,202000,294202,496202
37220014,150,252943,253093
37220015,0,524204,524204
37220016,1014642,1047,1015689
37220017,0,142150,142150
37220018,0,353036,353036
37220019,467151,66021,533172
37220020,70000,179746,249746
37220021,281500,245105,526605
37220022,22176,137674,159850
37220023,239050,82048,321098
37220024,234740,595285,830025
37220025,0,136854,136854
37220026,95000,296,95296
37220027,24980,251830,276810
37220028,16000,366530,382530
37220029,0,490176,490176
37220030,101685,162092,263777
37220031,66105,157193,223298
37220032,0,257276,257276
37220033,0,408,408
37220034,35000,348331,383331
37220035,200775,80796,281571
37220036,167343,70914,238257
37220037,0,1417,1417
37220038,0,672,672
37220039,155855,436915,592770
37220040,106358,98000,204358
37220041,100000,188897,288897
37220042,0,1377,1377
37220043,272000,1267,273267
37220044,18000,71050,89050
37220045,60000,616114,676114
37220046,34661,454717,489378
37220047,1000,230,1230
37220048,185117,267390,452507
37220049,87058,208323,295381
37220050,352988,29340,382328
37220051,117200,294146,411346
37220052,10000,124212,134212
37220053,7000,509273,516273
37220054,0,157400,157400
37220056,0,173269,173269
37220057,0,49264,49264
37220058,35419,79718,115137
37220059,0,155095,155095
37220061,0,82000,82000
37220063,0,54627,54627
37220066,45000,83425,128425
37220067,42135,103563,145698
37220069,0,121072,121072
37220070,28035,32042,60077
37220074,0,115869,115869
37220078,0,298812,298812
37220084,10000,63185,73185
37220085,18000,36656,54656
37220087,63381,18384,81765
37220089,32440,180198,212638
37220094,0,314388,314388
37220102,51000,129977,180977
37220104,0,42651,42651
37220109,59046,95900,154946
37220117,38490,2019,40509
37220119,0,34405,34405
37220121,10500,167922,178422
37220125,19430,63493,82923
37220138,43542,11051,54593
37220140,23529,26962,50491
37220142,26250,86902,113152
37220143,21500,7567,29067
37220145,0,182852,182852
37220150,127483,44489,171972
37220158,31000,38386,69386
37220160,283248,1147,284395
37220161,95000,7626,102626
37220164,407596,100675,508271
37220165,146900,461,147361
37220166,0,73,73
37220167,42078,6284,48362
37220168,18000,492,18492
37220169,180000,239318,419318
37220170,45000,20381,65381
37220171,52000,62846,114846
37220172,0,211,211
37220173,140000,82342,222342
37220174,0,189,189
37220175,38000,78,38078
37220177,0,89206,89206
37220178,80000,209527,289527
37220179,17000,0,17000
37220180,0,62946,62946
37220181,6500,459,6959
37220182,37196,3000,40196
37220184,49000,2998,51998
37220185,50000,511,50511
37220186,35000,40864,75864
37220187,21000,723,21723
37220188,44400,58286,102686
37220189,0,87000,87000
37220190,56000,78554,134554
37220191,219082,10410,229492
37220192,0,92521,92521
37220193,40000,1924,41924
37220194,30000,2792,32792
37220195,15000,33884,48884
37220196,160000,32418,192418
37220197,184175,119608,303783
37220198,30000,75186,105186
37220199,25000,200912,225912
37220200,27000,62365,89365
37220202,173664,636,174300
37220203,40000,72744,112744
37220204,40000,85945,125945
37220205,15000,18847,33847
37220206,15000,20910,35910
37220207,7000,0,7000
37220208,35000,59302,94302
37220209,0,1045,1045
37220210,123697,41785,165482
37220211,50000,63253,113253
37220212,60000,2085,62085
37220213,31000,57100,88100
37220214,17483,80700,98183
37220215,100000,51721,151721
37220216,199675,9171,208846
37220217,0,104594,104594
37220218,7000,165,7165
37220219,55000,20764,75764
37220220,0,2000,2000
37220221,10150,290002,300152
37220222,101090,3665,104755
37220223,25000,43135,68135
37220224,0,124734,124734
37220226,46079,184363,230442
37220227,82000,98261,180261
37220228,150000,67583,217583
37220229,16500,218300,234800
37220230,17000,5853,22853
37220231,74500,6857,81357
37220232,14422,90887,105309
37220233,50676,357649,408325
37220236,20175,127599,147774
37220237,35000,206810,241810
37220238,20000,44528,64528
37220239,30000,409249,439249
37220240,16000,54318,70318
37220241,22000,239616,261616
37220242,16000,500637,516637
37220243,110000,118020,228020
37220245,17345,41231,58576
37220246,25000,41112,66112
37220247,12231,130210,142441
37220248,0,30638,30638
37220249,25000,14837,39837
37220250,0,30277,30277
37220251,48000,174338,222338
37220252,140000,305982,445982
37220253,15000,77988,92988
37220254,9000,862,9862
37220256,50000,236750,286750
37220257,0,0,0
37220258,78500,157142,235642
37220260,4913,137681,142594
37220261,28570,26198,54768
37220262,25000,505,25505
37220263,27682,116034,143716
37220264,90000,68475,158475
37220265,40000,92038,132038
37220266,44000,31,44031
37220267,0,2141,2141
37220270,15000,21251,36251
37220281,50000,40626,90626
37220282,25000,16459,41459
37220283,45035,45155,90190
37220287,216947,33525,250472
37220301,15000,65511,80511
37220303,5000,30644,35644
37220304,55000,131379,186379
37220307,0,59031,59031
37220308,45000,72058,117058
37220309,50000,3287,53287
37220310,23820,4311,28131
37230001,172743,65757,238500
37230002,705630,453139,1158769
37230003,656065,600395,1256460
37230004,60000,220056,280056
37230005,73613,272075,345688
37230006,69000,127296,196296
37230007,32684,202618,235302
37230008,50000,143182,193182
37230009,78235,94322,172557
37230010,0,935,935
37230011,0,33255,33255
37230012,18376,95853,114229
37230013,73244,175414,248658
37230014,140000,207801,347801
37230015,0,41,41
37230016,37572,44658,82230
37230017,70500,24334,94834
37230018,33790,81095,114885
37230019,15668,66286,81954
37230020,25000,253846,278846
37230021,24693,201599,226292
37230022,0,960,960
37230023,0,375045,375045
37230024,90000,103275,193275
37230025,20000,183217,203217
37230026,25000,194162,219162
37230027,103850,306583,410433
37230028,0,238507,238507
37230029,106092,4687,110779
37230030,21057,2162,23219
37230031,50409,46708,97117
37230032,74000,115175,189175
37230033,15915,186886,202801
37230034,78929,271402,350331
37230035,35000,342484,377484
37230036,117670,216702,334372
37230037,48773,163707,212480
37230038,72679,50033,122712
37230039,154401,89145,243546
37230040,63852,108861,172713
37230041,45600,6115,51715
37230042,37000,21128,58128
37230043,34000,116711,150711
37230044,58142,178566,236708
37230045,50000,185210,235210
37230046,28210,66487,94697
37230048,77115,32513,109628
37230049,50000,7555,57555
37230050,72500,22127,94627
37230051,22900,658,23558
37230052,20000,6819,26819
37230053,40000,3191,43191
37230054,87000,15737,102737
37230055,55000,23478,78478
37230056,0,83896,83896
37230058,8000,42064,50064
37230059,111500,152,111652
37230060,50000,8866,58866
37230061,100000,210990,310990
37230062,62000,40372,102372
37230063,32000,40732,72732
37230070,0,66767,66767
37230072,0,29885,29885
37230074,50600,4,50604
37230075,17000,51432,68432
37230076,35000,32495,67495
37230081,24000,503,24503
37230082,98959,13537,112496
37230084,25000,161284,186284
37230086,0,105862,105862
37230088,25000,10626,35626
37230089,0,5704,5704
37230090,59000,75463,134463
37230091,27000,381,27381
37230093,45850,73466,119316
37230094,50000,77789,127789
37230100,75000,8115,83115
37230101,44060,72193,116253
37230104,20000,87256,107256
37230106,20725,19151,39876
37230108,16000,76265,92265
37230109,26000,62531,88531
37230112,55000,18034,73034
37230113,12000,73908,85908
37230114,25000,749,25749
37230115,26000,549,26549
37230116,0,66557,66557
37230117,25000,33662,58662
37230121,0,3011,3011
37230123,37426,78112,115538
37230124,49000,58619,107619
37230125,39000,2548,41548
37230126,29050,13132,42182
37230128,46375,14076,60451
37230130,55570,19989,75559
37230131,18035,44339,62374
37230132,36335,119025,155360
37230133,46540,53115,99655
37230134,30000,27354,57354
37230137,25000,12066,37066
37230140,67000,330,67330
37230142,15000,12118,27118
37230143,13065,23566,36631
37230144,0,36,36
37230145,53000,18,53018
37230146,38293,492,38785
37230151,30800,11376,42176
37230152,40000,38867,78867
37230154,0,0,0
37230155,30050,1812,31862
37230158,28561,35427,63988
37230159,34900,12546,47446
37230160,71694,110229,181923
37230161,6050,48013,54063
37230162,24324,77822,102146
37230164,48156,116509,164665
37230165,31000,37882,68882
37230167,0,41130,41130
37230168,3000,4765,7765
37230169,35,27460,27495
37230170,2010,65967,67977
37230171,11535,327,11862
37230172,0,297262,297262
37230173,50367,302980,353347
37230174,40000,22015,62015
37230176,0,27864,27864
37230177,50,30654,30704
37230178,52935,0,52935
37230179,19582,74380,93962
37230180,22607,10573,33180
37230181,19028,16270,35298
37230182,27175,118,27293
37230183,19380,716,20096
37230184,55868,44154,100022
37230185,0,60475,60475
37230186,9000,891,9891
37230187,9000,75495,84495
37230188,6000,14190,20190
37230189,20000,61621,81621
37230190,93628,62747,156375
37230191,13567,3381,16948
37230192,66000,89782,155782
37230194,16100,43202,59302
37230195,25000,277,25277
37230196,12535,9958,22493
37230199,33880,22998,56878
37230200,45975,33689,79664
37230201,0,1312,1312
37230202,0,15,15
37230203,0,56789,56789
37230204,0,5500,5500
37230206,18000,824,18824
37230207,19412,9690,29102
37230208,0,435,435
37230209,17130,52395,69525
37230210,46835,68983,115818
37230211,28835,71862,100697
37230212,61200,75582,136782
37230213,8000,48437,56437
37230215,40000,118263,158263
37230216,3000,1485,4485
37230217,50000,93715,143715
37230218,8793,13577,22370
37230219,0,30586,30586
37230220,0,24363,24363
37230221,0,44488,44488
37230222,18650,53506,72156
37230224,0,255025,255025
37230225,0,53728,53728
37230226,0,20405,20405
37230227,27000,73737,100737
37230228,0,289,289
37230229,44920,56977,101897
37230230,0,12,12
37230231,17000,19738,36738
37230232,0,190,190
37230233,13546,10208,23754
37230234,0,1666,1666
37230235,69000,25574,94574
37230236,5600,5074,10674
37230237,0,28305,28305
37230238,0,68788,68788
37230239,18000,45,18045
37230240,18500,733,19233
37230241,0,39738,39738
37230242,38000,9049,47049
37230243,43390,32214,75604
37230246,11750,42342,54092
37230247,21000,38274,59274
37230248,0,37952,37952
37230250,37500,271,37771
37230251,47000,67802,114802
37230252,11974,40308,52282
37230253,18000,90135,108135
37230254,2900,38,2938
37230255,0,20000,20000
37230256,20220,59395,79615
37230259,4600,6,4606
37230260,8000,2591,10591
37230263,35697,43067,78764
37230266,25166,6198,31364
37230267,60625,210,60835
37230268,14500,103298,117798
37230269,27400,3727,31127
37230270,14170,1311,15481
37230271,32135,31142,63277
37230272,0,39419,39419
37230273,0,18622,18622
37230274,0,43703,43703
37230275,0,40400,40400
37230276,31509,40483,71992
37230277,18200,36700,54900
37230278,16743,64527,81270
37230279,76000,63680,139680
37230280,25082,1093,26175
37230281,37820,24180,62000
37230282,21000,42165,63165
37230283,2700,52713,55413
37230284,19000,4370,23370
37230286,0,6808,6808
37230287,26000,245,26245
37230290,17355,1605,18960
37230291,14500,624,15124
37230293,12800,40828,53628
37230294,0,59456,59456
37230295,50000,36264,86264
37230301,20000,53251,73251
37230315,69900,28800,98700
37230320,80000,27502,107502
37230326,15000,32120,47120
37230327,30743,64763,95506
37230329,44949,19763,64712
37230330,20000,50593,70593
37230331,35000,88418,123418
37230332,25000,37262,62262
37230333,24000,13824,37824
37230334,10000,10000,20000
37230410,0,32334,32334
37230453,3500,38,3538
37230454,11500,3263,14763
37230456,37000,2722,39722
37230457,11245,45320,56565
37230458,20000,14318,34318
37240002,72328,471672,544000
37240003,159229,1183199,1342428
37240013,41000,95302,136302
37240017,142830,307942,450772
37240018,84400,3336,87736
37240019,45171,228342,273513
37240020,32000,53470,85470
37240021,89711,181061,270772
37240022,143180,139885,283065
37240025,60000,250682,310682
37240036,31946,131218,163164
37240037,105369,303290,408659
37240038,5300,9,5309
37240039,164000,78166,242166
37240040,33288,102324,135612
37240041,129397,40150,169547
37240042,129778,651204,780982
37240043,63600,41647,105247
37240063,45290,126806,172096
37240064,82675,12108,94783
37240065,27609,1450,29059
37240066,55000,86824,141824
37240067,57931,194264,252195
37240068,81120,44118,125238
37240069,143000,119709,262709
37240070,130248,138979,269227
37240071,127860,499,128359
37240072,94931,1502,96433
37240084,143740,11948,155688
37240085,196672,67353,264025
37240093,162290,155498,317788
37240094,174530,241028,415558
37240095,17550,13686,31236
37240096,7323,64192,71515
37240097,50347,39215,89562
37240098,78135,9052,87187
37240099,19983,372320,392303
37240100,0,12861,12861
37240125,118517,138476,256993
37240130,96641,78397,175038
37240131,30000,43934,73934
37240142,7300,70173,77473
37240148,25035,118008,143043
37240198,20000,55227,75227
37240199,3000,73822,76822
37240212,26550,43993,70543
37240213,19322,46308,65630
37240224,20000,94038,114038
37240225,14795,36479,51274
37240226,39583,77849,117432
37240228,28246,19358,47604
37240229,0,42195,42195
37240230,20000,630,20630
37240231,20000,91375,111375
37240233,10000,25511,35511
37240234,10000,84187,94187
37240236,45000,34303,79303
37240237,115300,102124,217424
37240240,56500,93316,149816
37240241,45677,86149,131826
37240242,17226,20343,37569
37240243,25700,7137,32837
37240245,34273,82259,116532
37240246,42819,66772,109591
37240265,79035,11331,90366
37240266,63035,7678,70713
37240267,33500,63326,96826
37240269,18675,11662,30337
37240270,74347,15864,90211
37240272,62000,7681,69681
37240273,31715,20075,51790
37240291,26805,6099,32904
37240292,104875,51701,156576
37240294,12900,36760,49660
37240295,45442,31334,76776
37240297,15000,60173,75173
37240304,35000,3187,38187
37240311,0,67442,67442
37240314,14731,45954,60685
37240315,8840,54548,63388
37240345,44800,42,44842
37240346,0,306,306
37240347,38000,529,38529
37240349,20990,1701,22691
37240350,39291,91241,130532
37240351,18175,44046,62221
37240352,35000,515,35515
37240353,0,37854,37854
37240354,26000,930,26930
37240355,10000,31242,41242
37240356,28115,9394,37509
37240357,17730,15606,33336
37240358,64899,57419,122318
37240362,15675,31008,46683
37240363,32495,6951,39446
37240364,30546,42036,72582
37240367,108126,0,108126
37240368,25000,25011,50011
37240369,35370,13361,48731
37240370,9000,3802,12802
37240371,10000,653,10653
37240372,0,63784,63784
37240375,11245,222,11467
37240376,12177,1479,13656
37240377,5000,4266,9266
37240378,36123,0,36123
37240379,11655,11056,22711
37240380,37000,126525,163525
37240381,20000,28202,48202
37240382,32500,357,32857
37240383,14070,74487,88557
37240384,14135,0,14135
37240386,16090,29472,45562
37240387,0,23109,23109
37240388,0,1014,1014
37240389,58890,21527,80417
37240390,29000,12813,41813
37240391,34000,139846,173846
37240393,0,211,211
37240395,4500,198,4698
37240396,50430,51562,101992
37240397,25164,47,25211
37240398,24000,10606,34606
37240399,22850,20629,43479
37240400,0,857,857
37240401,5400,4,5404
37240402,19000,464,19464
37240403,0,1291,1291
37240404,40070,1442,41512
37240405,0,74,74
37240406,42371,54913,97284
37240407,17700,52,17752
37240408,20635,1333,21968
37240409,0,115984,115984
37240410,12400,99,12499
37240413,12140,11614,23754
37240414,15747,2379,18126
37240416,20000,48246,68246
37240461,82126,97757,179883
37240466,27000,95027,122027
37240469,12500,15361,27861
37240470,65105,20186,85291
37240480,0,53945,53945
37240482,61500,776,62276
37240485,7150,35542,42692
37240488,34490,20051,54541
37240497,0,140622,140622
37240503,11700,70,11770
37240504,23784,0,23784
37240505,0,18973,18973
37240506,6030,49662,55692
37310001,0,409953,409953
37310003,0,3000,3000
37310004,0,400,400
37310005,0,0,0
37310006,0,0,0
37310008,0,800,800
37310009,53865,93405,147270
37310010,0,262,262
37310011,0,3500,3500
37310012,85660,13327,98987
37310013,0,776,776
37310014,0,500,500
37310016,0,5000,5000
37310017,0,120,120
37310032,0,413,413
37310033,0,2000,2000
37310034,0,232000,232000
37310035,0,4588,4588
37310036,0,202231,202231
37310037,0,104500,104500
37310038,0,84539,84539
37310042,0,23,23
37310046,0,17000,17000
37310047,0,1771,1771
37310048,0,867,867
37310049,0,1579,1579
37310050,0,238,238
37310051,0,0,0
37310053,0,2078,2078
37310054,0,1557,1557
37310055,0,0,0
37310056,0,1290,1290
37310057,0,0,0
37310058,0,0,0
37310059,0,70198,70198
37310060,0,2783,2783
37310070,0,5942,5942
37310072,0,0,0
37310075,0,291,291
37310077,35000,0,35000
37310078,0,481,481
37310079,0,52,52
37310080,0,185265,185265
37310083,0,0,0
37310084,0,4000,4000
37310085,0,0,0
37310086,0,881,881
37310087,0,2000,2000
37310097,0,3372,3372
37310098,0,509,509
37310099,0,215000,215000
37310100,0,832,832
37310101,0,500,500
37310102,0,0,0
37310104,0,400,400
37310105,0,0,0
37310106,0,2175,2175
37310110,0,500,500
37310112,0,100,100
37310114,43000,645,43645
37310115,0,988,988
37310116,0,12386,12386
37310117,0,0,0
37310118,0,498,498
37310120,0,569,569
37310121,0,500,500
37310123,0,875,875
37310124,0,56750,56750
37310126,0,294,294
37310127,0,315,315
37310128,0,1300,1300
37310129,0,138,138
37310130,0,543,543
37310131,0,427,427
37310133,0,102,102
37310135,0,753,753
37310136,0,7911,7911
37310137,0,7434,7434
37310138,0,10333,10333
37310139,0,600,600
37310141,0,3800,3800
37310142,0,968,968
37310143,8000,500,8500
37310144,0,100,100
37310145,0,1296,1296
37310146,0,704,704
37310147,0,564,564
37310148,0,0,0
37310149,0,717,717
37310150,0,400,400
37310152,0,831,831
37310154,0,200,200
37310155,0,1132,1132
37310156,0,587,587
37310157,0,341,341
37310158,0,481,481
37310159,0,0,0
37310160,0,0,0
37310161,0,4000,4000
37310162,0,471,471
37310163,0,785,785
37310164,0,0,0
37310166,0,250,250
37310168,0,350,350
37310169,0,4116,4116
37310170,0,2364,2364
37310172,0,593,593
37310173,0,1000,1000
37310174,0,302,302
37310175,0,804,804
37310178,0,146,146
37310179,0,335,335
37310180,0,570,570
37310181,0,1397,1397
37310192,0,30865,30865
37310197,0,559,559
37310236,0,947,947
37310252,0,64,64
37310253,0,1682,1682
37310254,0,500,500
37310256,0,100,100
37310258,0,500,500
37310261,200000,165000,365000
37310265,0,1883,1883
37310266,0,200,200
37310268,0,52,52
37310270,0,99,99
37310271,0,989,989
37310272,0,131,131
37310273,0,300,300
37310274,0,1450,1450
37310275,0,200,200
37310276,0,500,500
37310277,0,358,358
37310280,0,794,794
37310281,0,451,451
37310282,0,556,556
37310284,0,159,159
37310285,0,1000,1000
37310288,0,528,528
37310289,0,20000,20000
37310290,0,500,500
37310291,0,285,285
37310293,0,1604,1604
37310294,0,143,143
37310296,0,34480,34480
37310297,0,1183,1183
37310298,0,383,383
37310299,0,90,90
37310300,0,860,860
37310301,0,400,400
37310303,0,0,0
37310304,0,69,69
37310305,0,53,53
37310308,0,41835,41835
37310311,0,600,600
37310313,0,200,200
37310315,0,12000,12000
37310316,0,74,74
37310326,0,426,426
37310328,0,300,300
37310329,0,818,818
37310331,0,604,604
37310332,0,118,118
37310333,20000,2608,22608
37310334,0,479,479
37310338,0,500,500
37310339,0,1158,1158
37310340,0,300,300
37310346,0,351,351
37310347,0,0,0
37310348,0,45262,45262
37310349,0,20221,20221
37310350,0,577,577
37310352,0,100,100
37310353,0,1000,1000
37310354,0,1000,1000
37310355,0,39419,39419
37310357,0,423,423
37310358,0,500,500
37310359,0,327,327
37310360,0,242,242
37310361,0,500,500
37310362,0,2,2
37310363,0,21,21
37310364,0,87,87
37310365,0,1042,1042
37310367,0,507,507
37310368,0,8000,8000
37310372,0,62,62
37310376,0,0,0
37310379,0,1486,1486
37310380,0,678,678
37310383,0,300,300
37310390,0,1000,1000
37310397,0,0,0
37310433,0,234,234
37310443,0,0,0
37310445,0,0,0
37310462,0,105,105
37310469,0,1138,1138
37310471,0,60500,60500
37310475,0,2000,2000
37310477,0,238,238
37310483,0,24515,24515
37310499,0,415,415
37310500,0,300,300
37310501,0,144,144
37310503,0,0,0
37310504,0,1562,1562
37310505,0,461,461
37320001,0,216720,216720
37320002,0,0,0
37320003,0,239000,239000
37320004,0,2000,2000
37320005,0,3000,3000
37320006,73519,51946,125465
37320007,0,251,251
37320008,0,0,0
37320009,53538,108024,161562
37320010,4000,6669,10669
37320011,0,996,996
37320012,58200,2000,60200
37320013,0,571,571
37320014,8653,104095,112748
37320015,0,0,0
37320016,30000,66346,96346
37320017,0,307,307
37320018,0,0,0
37320019,0,100000,100000
37320020,0,212000,212000
37320021,0,135676,135676
37320022,36854,162800,199654
37320023,97000,127,97127
37320024,23000,6617,29617
37320025,0,0,0
37320026,0,116749,116749
37320027,0,2169,2169
37320028,230000,63691,293691
37320029,40000,12029,52029
37320030,0,146,146
37320031,45000,40249,85249
37320032,50000,90333,140333
37320033,39000,48121,87121
37320034,0,778,778
37320035,0,4963,4963
37320036,113000,406,113406
37320037,0,49084,49084
37320038,0,36155,36155
37320039,90000,41,90041
37320040,0,79316,79316
37320041,90000,72663,162663
37320042,0,12532,12532
37320043,25000,68000,93000
37320044,15000,133981,148981
37320045,0,380,380
37320046,54000,224000,278000
37320047,0,121000,121000
37320048,12000,142169,154169
37320049,0,27027,27027
37320051,5000,45031,50031
37320055,0,686,686
37320056,10000,63463,73463
37320060,8860,5140,14000
37320061,16000,800,16800
37320062,13490,0,13490
37320063,0,996,996
37320064,0,140,140
37320065,0,1286,1286
37320066,20000,1348,21348
37320067,0,130077,130077
37320068,0,31000,31000
37320069,40000,40843,80843
37320073,0,9550,9550
37320074,4000,3955,7955
37320075,3500,500,4000
37320077,0,11098,11098
37320078,0,619,619
37320079,0,1926,1926
37320080,0,47,47
37320081,0,1000,1000
37320082,0,130679,130679
37320084,0,24713,24713
37320086,0,474,474
37320087,0,0,0
37320088,0,11961,11961
37320089,0,573,573
37320090,0,28100,28100
37320091,0,27339,27339
37320092,7000,656,7656
37320093,0,45000,45000
37320094,0,16400,16400
37320095,0,252,252
37320096,20000,11812,31812
37320097,16000,46093,62093
37320098,0,727,727
37320099,23600,29,23629
37320100,96000,20000,116000
37320101,30000,61579,91579
37320102,0,37535,37535
37320103,0,212289,212289
37320104,30000,5181,35181
37320105,0,107711,107711
37320106,0,1033,1033
37320107,1500,1356,2856
37320108,0,129129,129129
37320109,0,23976,23976
37320111,0,276,276
37320112,6000,14080,20080
37320114,8000,1000,9000
37320115,0,970,970
37320116,0,2050,2050
37320117,10000,14439,24439
37320118,12000,234388,246388
37320119,20000,0,20000
37320120,0,147,147
37320121,0,9520,9520
37320122,0,514,514
37320123,11000,2289,13289
37320126,0,55522,55522
37320127,0,43533,43533
37320128,0,1980,1980
37320129,0,331,331
37320130,0,3753,3753
37320131,0,10711,10711
37320132,0,3320,3320
37320133,0,4000,4000
37320134,15000,65594,80594
37320135,0,64973,64973
37320136,0,122309,122309
37320137,0,5811,5811
37320139,45000,45791,90791
37320140,18500,1018,19518
37320141,0,0,0
37320142,100000,12208,112208
37320143,0,146469,146469
37320144,0,0,0
37320145,0,155640,155640
37320147,0,4381,4381
37320148,0,48008,48008
37320149,0,178326,178326
37320150,0,578,578
37320151,20000,1327,21327
37320152,0,56326,56326
37320153,45000,47734,92734
37320154,0,88180,88180
37320155,0,697,697
37320156,100000,1430,101430
37320157,0,698,698
37320158,0,20114,20114
37320159,30000,19400,49400
37320160,0,1001,1001
37320162,48995,74926,123921
37320163,0,46563,46563
37320165,0,2446,2446
37320166,14000,772,14772
37320168,64000,1074,65074
37320169,0,11109,11109
37320170,0,41402,41402
37320171,0,267,267
37320174,0,4000,4000
37320178,0,10383,10383
37320179,0,76000,76000
37320180,0,1000,1000
37320181,0,331,331
37320182,100000,87482,187482
37320183,0,0,0
37320184,0,1018,1018
37320188,28000,1324,29324
37320190,0,33608,33608
37320192,0,77,77
37320193,0,2526,2526
37320196,0,64,64
37320198,0,330,330
37320199,0,656,656
37320200,18000,141492,159492
37320201,22000,1879,23879
37320202,30280,83539,113819
37320203,0,289,289
37320204,0,2070,2070
37320205,0,1196,1196
37320206,0,29849,29849
37320207,13800,34125,47925
37320208,0,14821,14821
37320211,0,1169,1169
37320214,0,25000,25000
37320215,0,1500,1500
37320217,0,293,293
37320218,44000,0,44000
37320219,0,0,0
37320220,0,63000,63000
37320221,39500,504,40004
37320223,0,3734,3734
37320224,0,2265,2265
37320226,41452,0,41452
37320227,352,2500,2852
37320228,0,182124,182124
37320229,0,555,555
37320231,0,135633,135633
37320233,0,22706,22706
37320236,100000,272676,372676
37320238,0,757,757
37320242,16000,391,16391
37320243,0,0,0
37320244,0,857,857
37320245,0,1800,1800
37320246,65000,15656,80656
37320249,11000,13307,24307
37320250,0,500,500
37320251,22000,0,22000
37320252,0,14780,14780
37320253,0,31607,31607
37320254,0,3000,3000
37320255,0,10908,10908
37320256,0,1682,1682
37320257,98138,500,98638
37320258,10000,5388,15388
37320259,0,0,0
37320261,0,17446,17446
37320264,10000,13295,23295
37320265,0,2188,2188
37320266,0,400,400
37320267,0,4753,4753
37320268,0,943,943
37320269,0,350,350
37320270,0,80658,80658
37320272,0,600,600
37320273,0,104000,104000
37320274,0,0,0
37320282,0,568,568
37320286,70000,7083,77083
37320287,16000,75200,91200
37320290,20000,944,20944
37320292,2000,742,2742
37320293,0,424,424
37320294,0,1000,1000
37320295,0,87,87
37320296,0,1823,1823
37320298,0,1692,1692
37320299,48000,50206,98206
37320300,0,5320,5320
37320350,27000,1390,28390
37320353,0,0,0
37330001,0,0,0
37330002,0,495,495
37330003,125803,108954,234757
37330004,0,0,0
37330005,0,243954,243954
37330006,0,1751,1751
37330007,0,9300,9300
37330008,0,0,0
37330009,153695,10962,164657
37330010,0,290287,290287
37330011,0,0,0
37330012,0,0,0
37330013,0,1800,1800
37330014,51597,17593,69190
37330015,109000,37000,146000
37330016,0,0,0
37330017,0,0,0
37330019,174252,4714,178966
37330020,0,0,0
37330021,0,919,919
37330022,0,0,0
37330023,0,1077,1077
37330024,0,700,700
37330025,0,3826,3826
37330026,0,4966,4966
37330027,0,173614,173614
37330028,0,36598,36598
37330030,0,1500,1500
37330031,24000,593,24593
37330032,0,0,0
37330033,0,0,0
37330034,26169,30489,56658
37330035,30039,245,30284
37330036,0,0,0
37330037,2000,481,2481
37330038,0,0,0
37330039,0,0,0
37330040,0,5600,5600
37330041,0,0,0
37330042,0,83495,83495
37330043,0,26952,26952
37330044,0,0,0
37330045,0,141071,141071
37330046,0,40570,40570
37330047,0,0,0
37330048,0,20000,20000
37330049,0,0,0
37330050,97520,380901,478421
37330052,48186,122813,170999
37330053,37545,59360,96905
37330054,0,0,0
37330055,15183,4109,19292
37330056,0,448450,448450
37330057,0,189316,189316
37330058,0,102602,102602
37330059,0,1604,1604
37330060,0,84106,84106
37330061,60745,186892,247637
37330062,0,0,0
37330064,0,172867,172867
37330065,0,938,938
37330066,11756,0,11756
37330067,0,13183,13183
37330068,1090,422,1512
37330069,82581,1084,83665
37330070,308030,5947,313977
37330071,0,37113,37113
37330072,33950,113674,147624
37330073,821302,173,821475
37330074,0,0,0
37330075,39365,19296,58661
37330076,72395,102522,174917
37330077,0,0,0
37330078,126103,174,126277
37330079,0,850,850
37330080,0,1092,1092
37330081,0,4000,4000
37330082,18000,4000,22000
37330083,0,0,0
37330084,96680,278304,374984
37330085,0,0,6355
37330086,0,0,0
37330087,0,200873,200873
37330088,0,300,300
37330089,0,0,0
37330090,47000,0,47000
37330091,0,283244,283244
37330092,0,0,0
37330093,0,2891,2891
37330094,0,2492,2492
37330095,0,57000,57000
37330096,0,542717,542717
37330097,38961,63690,102651
37330098,0,103399,103399
37330099,0,250983,250983
37330100,0,0,0
37330101,590000,4062,594062
37330102,79993,192367,272360
37330103,26341,0,26341
37330104,0,412,412
37330105,0,314,314
37330106,0,5009,5009
37330107,0,2258,2258
37330108,537707,8257,545964
37330109,0,4058,4058
37330110,0,317430,317430
37330111,4000,92,4092
37330112,379558,154755,534313
37330113,2000,626,2626
37330114,0,0,0
37330115,0,0,0
37330116,0,461,461
37330117,146500,6656,153156
37330118,49000,187694,236694
37330119,0,8000,8000
37330120,0,370,370
37330121,11400,18159,29559
37330122,0,2100,2100
37330123,0,75279,75279
37330124,0,3053,3053
37330125,35,169,204
37330127,20000,354885,374885
37330128,45000,9000,54000
37330129,0,29,29
37330130,0,500,500
37330131,8,358,366
37330132,0,10827,10827
37330133,0,0,0
37330134,17013,246989,264002
37330135,0,96000,96000
37330136,0,16000,16000
37330137,0,0,0
37330138,6618,43266,49884
37330139,0,700,700
37330140,0,1000,1000
37330141,0,1412,1412
37330142,0,129310,129310
37330143,0,0,0
37330144,84000,4391,88391
37330145,0,1193,1193
37330146,0,156409,156409
37330147,150000,24445,174445
37330148,0,156000,156000
37330149,0,947,947
37330150,0,1049,1049
37330151,816,187257,188073
37330153,80441,243929,324370
37330155,0,0,0
37330157,0,41113,41113
37330158,13000,0,13000
37330159,0,0,0
37330161,0,80517,80517
37330162,0,965,965
37330163,10785,104975,115760
37330165,196386,626690,823076
37330167,0,0,0
37330168,0,500,500
37330169,23937,400988,424925
37330170,12824,65040,77864
37330171,0,416495,416495
37330172,0,67224,67224
37330173,0,891,891
37330174,25743,11525,37268
37330175,20000,35717,55717
37330176,50000,133060,183060
37330177,0,3950,3950
37330178,0,10000,10000
37330179,0,87734,87734
37330180,98500,1500,100000
37330181,0,174837,174837
37330182,0,0,0
37330183,0,1659,1659
37330184,0,0,0
37330185,56000,1464,57464
37330186,83193,84298,167491
37330187,0,54,54
37330188,0,711,711
37330189,0,0,0
37330190,0,400,400
37330191,0,1081,1081
37330192,0,0,0
37330193,0,106550,106550
37330194,0,1051,1051
37330195,138000,344277,482277
37330196,0,636,636
37330199,25000,355643,380643
37330200,0,418,418
37330201,85000,70783,155783
37330203,0,399,399
37330204,25000,34274,59274
37330205,0,1450,1450
37330206,10000,86483,96483
37330207,0,0,5032
37330208,0,115,115
37330209,0,367,367
37330215,0,843944,843944
37330216,77590,13159,90749
37330218,49000,99000,148000
37330219,0,686,686
37330221,0,111,111
37330222,0,1940,1940
37330223,79000,20423,99423
37330225,25000,150699,175699
37330226,0,2610,2610
37330227,0,2023,2023
37330228,0,350,350
37330229,0,36,36
37330230,0,71127,71127
37330231,0,866,866
37330233,0,1596,1596
37330234,0,1000,1000
37330235,0,1891,1891
37330236,30000,29180,59180
37330237,0,526,526
37330238,49500,225381,274881
37330240,0,182,182
37330241,86048,0,86048
37330242,0,3364,3364
37330244,0,2311,2311
37330245,0,796,796
37330246,0,55000,55000
37330249,1952,108,2060
37330250,312562,21938,334500
37330251,0,910,910
37330252,54216,18175,72391
37330253,232,209,441
37330254,0,95,95
37330255,0,1262,1262
37330256,0,342,342
37330257,236,54154,54390
37330258,0,1067,1067
37330259,0,53369,53369
37330262,0,688,688
37330263,0,44498,44498
37330264,0,88,88
37330266,0,389,389
37330267,13000,738,13738
37330269,0,974,974
37330270,26000,4,26004
37330271,0,5000,5000
37330273,40000,42574,82574
37330275,0,900,900
37330280,21670,59000,80670
37330281,0,85,85
37330283,0,644,644
37330284,27777,0,27777
37330285,0,51230,51230
37330288,0,1129,1129
37330289,0,513,513
37330292,0,323,323
37330293,0,1869,1869
37330294,0,500,500
37330295,0,13,13
37330297,250000,133984,383984
37330298,0,47000,47000
37330300,0,1435,1435
37330302,0,35169,35169
37330303,49000,7500,56500
37330305,40000,16400,56400
37330307,0,401,401
37330308,0,30566,30566
37330309,0,800,800
37330312,0,3558,3558
37330314,0,181,181
37330315,0,21723,21723
37330316,0,1153,1153
37330317,160000,22000,182000
37330318,0,1435,1435
37330320,68930,109398,178328
37330321,0,6409,6409
37330322,0,627,627
37330325,0,78790,78790
37330327,4000,73090,77090
37330329,0,537,537
37330331,0,31216,31216
37330332,0,20,20
37330333,0,1352,1352
37330334,0,35774,35774
37330335,35000,1850,36850
37330336,0,61141,61141
37330339,20000,31573,51573
37330341,0,2916,2916
37330342,0,709,709
37330343,0,1014,1014
37330345,0,526,526
37330346,0,312,312
37330347,25000,116103,141103
37330349,0,874,874
37330350,77680,8000,85680
37330351,0,0,0
37330352,0,20906,20906
37330354,60000,3370,63370
37330355,0,712,712
37330359,16740,25068,41808
37330360,0,382910,382910
37330361,48493,19443,67936
37330362,0,33462,33462
37330363,0,60144,60144
37330364,42000,2095,44095
37330365,0,40048,40048
37330366,6150,117984,124134
37330368,0,51875,51875
37330369,5116,14425,19541
37330370,27500,25950,53450
37330371,0,5999,5999
37330372,0,0,0
37330373,73000,53013,126013
37330374,28000,354,28354
37330376,84000,90338,174338
37330377,0,0,20000
37330379,20000,24629,44629
37330380,0,1122,1122
37330381,0,1500,1500
37330382,0,41893,41893
37330383,0,6839,6839
37330384,0,29048,29048
37330385,0,207,207
37330386,31000,8821,39821
37330387,0,5973,5973
37330388,0,1443,1443
37330389,49000,76696,125696
37330390,98000,66118,164118
37330392,47535,136912,184447
37330393,0,26128,26128
37330395,0,1000,1000
37330396,0,222890,222890
37330397,30000,89985,119985
37330400,0,795,795
37330401,0,27241,27241
37330403,0,616,616
37330408,10000,113380,123380
37330409,0,23070,23070
37330410,0,16223,16223
37330411,0,72645,72645
37330433,0,3000,3000
37330439,115000,68259,183259
37330440,0,146,146
37330441,123000,358,123358
37330443,0,57,57
37330446,0,2455,2455
37330450,0,167154,167154
37330451,0,1037,1037
37330452,206290,925,207215
37330453,0,1000,1000
37330454,0,0,0
37330455,33500,41373,74873
37330457,36940,407,37347
37330458,25000,36245,61245
37330459,0,602,602
37330461,8500,84443,92943
37330462,0,720,720
37330469,0,0,0
37330473,0,216,216
37330479,6000,82170,88170
37330488,50070,31041,81111
37330493,0,32,32
37330495,0,0,218745
37330497,0,521,521
37330501,0,0,0
37330504,35,73009,73044
37330505,0,32420,32420
37330507,0,121,121
37330508,0,124,124
37330509,0,26548,26548
37330510,0,13290,13290
37330511,0,59000,59000
37330512,0,301488,301488
37330513,0,69,69
37330515,7000,10668,17668
37330516,0,36481,36481
37330518,0,14,14
37330519,0,569,569
37330521,0,267,267
37330522,0,36233,36233
37330524,0,178,178
37330527,0,38014,38014
37330529,12000,34095,46095
37330530,0,2749,2749
37330531,0,1273,1273
37330532,7000,41839,48839
37330534,3000,108745,111745
37330537,20000,187579,207579
37330538,0,2894,2894
37330539,0,23,23
37330540,2000,1421,3421
37330542,0,97,97
37330544,0,617,617
37330546,0,587,587
37330547,0,270,270
37330548,0,32423,32423
37330549,0,512,512
37330551,0,843,843
37330553,0,500,500
37330554,0,107700,107700
37330555,0,10,10
37330556,0,361,361
37330558,0,0,0
37330559,453172,85260,538432
37330561,0,100854,100854
37330565,0,405,405
37330566,0,60100,60100
37330567,31300,64872,96172
37330568,0,2428,2428
37330569,29000,24,29024
37330571,0,0,0
37330572,0,182,182
37330574,7573,0,7573
37330575,0,514,514
37330576,0,642,642
37330578,50000,10657,60657
37330580,4000,29688,33688
37330581,0,40,40
37330582,0,0,0
37330583,0,344,344
37330584,0,34775,34775
37330585,0,5228,5228
37330586,174,2321,2495
37330587,0,1534,1534
37330588,0,35628,35628
37330596,0,105,105
37330598,0,315,315
37330599,28093,47,28140
37330603,0,962,962
37330604,0,3,3
37330605,1800,381,2181
37330606,0,0,0
37330607,0,256,256
37330608,0,59619,59619
37330610,0,653,653
37330612,0,0,4871
37330613,0,1008,1008
37330614,56069,112392,168461
37330615,10000,233082,243082
37330618,0,1511,1511
37330620,500,227,727
37330621,0,896,896
37330622,0,1321,1321
37330623,20000,27011,47011
37330627,0,97303,97303
37330628,40000,371812,411812
37330629,0,26,26
37330630,0,19489,19489
37330631,0,342125,342125
37330633,55000,1675,56675
37330634,0,77602,77602
37330636,8000,547,8547
37330637,25078,26800,51878
37330638,20000,30082,50082
37330639,0,166556,166556
37330640,0,237305,237305
37330641,0,1157,1157
37330643,15000,19196,34196
37330649,0,54699,54699
37330654,0,58293,58293
37330657,0,69000,69000
37330658,0,63787,63787
37330659,128000,71594,199594
37330661,55000,2800,57800
37330664,35000,489619,524619
37330667,0,265,265
37330668,0,24,24
37330669,304360,76695,381055
37330687,0,127,127
37330688,59400,65567,124967
37330691,511,216156,216667
37330692,0,1482,1482
37330693,22158,169908,192066
37330694,47584,1170,48754
37330695,9713,530,10243
37330696,0,0,0
37330697,0,0,0
37330699,0,0,0
37330700,0,9000,9000
37330701,0,1000,1000
37330702,0,0,0
37330703,61160,109256,170416
37330704,0,45304,45304
37330706,0,188034,188034
37330708,25035,9376,34411
37330709,0,6430,6430
37330710,0,415,415
37330715,0,1646,1646
37330716,0,15980,15980
37330717,0,212,212
37340001,0,492342,492342
37340003,0,5381,5381
37340004,0,48266,48266
37340005,0,0,0
37340006,50000,25869,75869
37340007,159084,55474,214558
37340009,0,0,0
37340010,57310,145530,202840
37340011,0,0,0
37340012,22424,0,22424
37340013,0,103013,103013
37340014,9995,14418,24413
37340015,0,54341,54341
37340016,58000,3453,61453
37340017,10000,7708,17708
37340018,21000,2174,23174
37340019,3500,67028,70528
37340020,200000,0,200000
37340021,0,0,0
37340022,0,0,0
37340023,0,0,0
37340024,0,5478,5478
37340025,0,484,484
37340026,0,2231,2231
37340027,0,500,500
37340028,34000,6242,40242
37340029,0,847,847
37340030,4500,70960,75460
37340031,3750,1960,5710
37340034,0,47,47
37340035,0,0,0
37340036,0,1116,1116
37340039,0,400,400
37340041,0,3024,3024
37340042,0,14049,14049
37340043,0,928,928
37340044,0,2430,2430
37340045,53985,1581,55566
37340047,0,5943,5943
37340048,0,41,41
37340049,5000,14,5014
37340050,0,3543,3543
37340051,0,602,602
37340052,0,626,626
37340054,5000,5582,10582
37340055,0,19,19
37340056,30000,35228,65228
37340058,0,64670,64670
37340059,0,13746,13746
37340060,0,273,273
37340061,0,25207,25207
37340062,0,52570,52570
37340064,0,66,66
37340065,0,2867,2867
37340067,0,1565,1565
37340068,0,262,262
37340069,0,2104,2104
37340070,0,972,972
37340071,30000,581,30581
37340072,0,117,117
37340073,94800,20163,114963
37340074,0,569,569
37340075,0,981,981
37340077,0,3259,3259
37340079,0,88079,88079
37340080,2000,233,2233
37340081,0,3688,3688
37340082,0,1079,1079
37340083,0,4276,4276
37340084,0,1354,1354
37340085,0,1230,1230
37340086,13168,17951,31119
37340087,10000,874,10874
37340088,0,81,81
37340089,5000,29921,34921
37340090,0,3018,3018
37340091,0,129,129
37340093,0,730,730
37340094,0,2069,2069
37340095,0,4277,4277
37340096,3000,6557,9557
37340097,0,409,409
37340098,0,206,206
37340099,0,2592,2592
37340100,0,3136,3136
37340101,0,0,2
37340102,13000,151,13151
37340103,0,5987,5987
37340104,0,711,711
37340105,0,5691,5691
37340106,0,1913,1913
37340107,0,2816,2816
37340108,104786,279959,384745
37340109,3100,16177,19277
37340115,0,37434,37434
37340118,0,756,756
37340123,0,14442,14442
37340124,0,0,0
37340125,0,7593,7593
37340151,0,309,309
37340475,0,6600,6600
37350001,93700,11767,105467
37350003,0,122000,122000
37350004,0,2619,2619
37350005,0,2222,2222
37350007,3000,0,3000
37350008,0,0,0
37350009,0,0,0
37350010,0,0,0
37350011,0,0,0
37350012,0,0,0
37350013,0,0,0
37350014,49000,9715,58715
37350015,0,112717,112717
37350016,0,0,0
37350017,0,0,0
37350018,0,0,0
37350019,0,0,0
37350020,60000,10000,70000
37350021,0,400,400
37350022,50000,91851,141851
37350023,0,39340,39340
37350024,50719,650,51369
37350025,0,475,475
37350026,0,2928,2928
37350027,0,3000,3000
37350028,45000,63955,108955
37350029,0,263,263
37350030,45000,3000,48000
37350031,0,800,800
37350032,0,0,0
37350033,0,600,600
37350034,0,160715,160715
37350035,0,70325,70325
37350036,0,114005,114005
37350037,0,0,0
37350038,28000,108040,136040
37350039,0,0,0
37350040,0,1436,1436
37350041,0,4155,4155
37350042,32000,34000,66000
37350043,0,103667,103667
37350044,3000,2961,5961
37350045,0,1352,1352
37350046,0,61300,61300
37350047,24000,560,24560
37350048,10000,1259,11259
37350051,0,1420,1420
37350052,0,90,90
37350053,0,93650,93650
37350056,2500,333,2833
37350057,0,71747,71747
37350058,70000,855,70855
37350059,43848,83744,127592
37350060,0,900,900
37350061,0,65394,65394
37350062,0,41,41
37350063,0,36578,36578
37350064,15000,44323,59323
37350067,60000,300000,360000
37350068,0,3263,3263
37350069,0,1800,1800
37350070,80000,186258,266258
37350071,0,1391,1391
37350072,0,270,270
37350073,0,10623,10623
37350074,0,1252,1252
37350076,7000,112,7112
37350077,25000,50171,75171
37350078,0,33700,33700
37350079,0,2053,2053
37350080,0,4500,4500
37350081,0,2370,2370
37350082,0,757,757
37350084,0,324,324
37350086,0,794,794
37350088,0,130259,130259
37350090,0,66133,66133
37350091,20000,105236,125236
37350092,0,101146,101146
37350093,39500,0,39500
37350094,0,1200,1200
37350095,0,304,304
37350097,94000,123,94123
37350098,0,59000,59000
37350099,0,328,328
37350100,0,96,96
37350101,0,500,500
37350102,0,7245,7245
37350105,55000,6411,61411
37350106,10000,33779,43779
37350107,0,10,10
37350108,0,500,500
37350109,0,39401,39401
37350110,0,26900,26900
37350111,0,1172,1172
37350112,16000,16095,32095
37350113,0,1037,1037
37350114,10000,1245,11245
37350115,25000,82792,107792
37350116,0,1800,1800
37350118,0,27610,27610
37350119,0,9000,9000
37350120,0,821,821
37350121,3000,232,3232
37350122,0,56000,56000
37350123,0,2646,2646
37350124,0,11294,11294
37350125,20000,105883,125883
37350126,8,192,200
37350127,0,1248,1248
37350128,18000,3096,21096
37350129,15000,38559,53559
37350130,0,70975,70975
37350132,0,1119,1119
37350134,0,50113,50113
37350136,0,0,0
37350137,0,35800,35800
37350138,65000,32115,97115
37350139,27000,273,27273
37350140,0,394,394
37350141,0,0,0
37350142,0,0,0
37350143,0,900,900
37350144,3000,53300,56300
37350146,0,380,380
37350147,10994,3260,14254
37350148,0,3108,3108
37350150,0,1346,1346
37350151,0,1956,1956
37350152,0,500,500
37350153,0,33056,33056
37350154,0,426,426
37350155,0,2701,2701
37350156,16000,4108,20108
37350158,20000,35916,55916
37350159,0,27815,27815
37350160,0,43000,43000
37350162,5000,10000,15000
37350163,0,598,598
37350164,0,6241,6241
37350168,0,1499,1499
37350170,10000,40022,50022
37350171,0,2441,2441
37350172,0,1000,1000
37350173,0,2500,2500
37350174,115000,142000,257000
37350175,0,24000,24000
37350176,0,1895,1895
37350177,25500,1227,26727
37350178,0,58142,58142
37350179,0,1649,1649
37350180,0,409,409
37350181,0,56000,56000
37350183,0,16948,16948
37350184,1200,3600,4800
37350185,0,483,483
37350186,0,140,140
37350193,0,46000,46000
37350194,0,848,848
37350196,0,77300,77300
37350197,0,2156,2156
37350201,20000,171400,191400
37350203,0,29978,29978
37350204,0,63281,63281
37350250,0,0,0
37350251,0,549,549
37350252,0,2178,2178
37350289,0,0,0
37350290,34883,0,34883
37350291,0,2000,2000
37350323,73122,30942,104064
37350384,0,2816,2816
37350386,0,46006,46006
37360001,67870,145330,213200
37360002,17450,51953,69403
37360003,100000,303284,403284
37360004,25000,3643,28643
37360005,0,0,0
37360006,0,0,0
37360007,0,0,0
37360008,41000,40000,81000
37360009,82505,716,83221
37360010,0,0,0
37360011,0,72612,72612
37360013,316021,0,316021
37360014,0,0,0
37360015,755703,3216,758919
37360016,0,0,0
37360017,0,0,0
37360018,10345,21,10366
37360019,52542,354340,406882
37360020,41174,1688,42862
37360021,378934,196197,575131
37360022,10270,28659,38929
37360023,0,0,1000
37360024,0,0,46
37360025,28401,5923,34324
37360026,0,200000,200000
37360027,0,8700,8700
37360028,0,1000,1000
37360029,0,2100,2100
37360030,0,0,0
37360031,0,2861,2861
37360032,0,0,0
37360033,0,48320,48320
37360034,0,199353,199353
37360035,0,5390,5390
37360036,0,89000,89000
37360037,0,0,0
37360038,67183,106184,173367
37360039,0,388684,388684
37360040,0,306643,306643
37360041,170000,180000,350000
37360042,169130,35792,204922
37360043,0,0,0
37360044,150000,87000,237000
37360045,0,0,0
37360046,706043,3665,709708
37360047,86360,1359,87719
37360048,95840,15652,111492
37360049,0,2000,2000
37360050,0,175470,175470
37360051,0,0,0
37360052,0,21974,21974
37360053,0,212004,212004
37360054,0,0,0
37360055,0,0,0
37360056,37279,2103,39382
37360057,0,0,0
37360058,84000,200,84200
37360059,0,0,0
37360060,29489,122250,151739
37360061,145000,240000,385000
37360063,19500,160,19660
37360064,0,1993,1993
37360065,8500,78100,86600
37360066,0,5659,5659
37360067,10000,134408,144408
37360068,0,4576,4576
37360069,0,625,625
37360070,200000,0,200000
37360071,0,39168,39168
37360072,0,5666,5666
37360073,0,28500,28500
37360074,217775,7690,225465
37360075,0,1023,1023
37360076,0,227,227
37360077,0,0,16
37360078,0,0,0
37360079,90000,2727,92727
37360080,0,78145,78145
37360081,0,0,486
37360082,0,400,400
37360083,0,0,0
37360084,0,6726,6726
37360085,0,1078,1078
37360087,0,6893,6893
37360088,0,0,0
37360089,0,2000,2000
37360090,0,215,215
37360091,0,492,492
37360092,0,11887,11887
37360093,0,1000,1000
37360094,0,0,0
37360095,0,1328,1328
37360096,0,7851,7851
37360097,105730,5220,110950
37360098,0,0,0
37360099,188519,412,188931
37360100,0,270,270
37360101,0,21270,21270
37360102,113000,28200,141200
37360103,0,0,0
37360104,0,0,0
37360105,0,1000,1000
37360106,0,391447,391447
37360107,0,107,107
37360108,116430,118576,235006
37360109,70000,8585,78585
37360110,0,43644,43644
37360111,220758,30000,250758
37360112,242374,159004,401378
37360113,0,884,884
37360114,200000,362300,562300
37360115,35280,53052,88332
37360116,0,3000,3000
37360117,0,660,660
37360118,6000,300,6300
37360119,61000,995,61995
37360120,9940,79656,89596
37360121,25000,56153,81153
37360122,109940,27757,137697
37360123,0,0,252824
37360124,51800,176801,228601
37360125,0,992,992
37360126,70000,3500,73500
37360127,115000,3740,118740
37360128,59000,144952,203952
37360129,0,0,0
37360130,0,165062,165062
37360131,0,0,0
37360132,150000,738,150738
37360133,0,0,262
37360134,0,289857,289857
37360135,0,0,0
37360136,0,121213,121213
37360137,0,0,0
37360138,0,124000,124000
37360139,74000,97427,171427
37360140,0,0,0
37360141,0,0,0
37360142,0,0,0
37360143,0,2509,2509
37360145,0,1531,1531
37360146,0,0,0
37360147,0,34039,34039
37360149,2000,255,2255
37360150,0,3003,3003
37360151,70266,10000,80266
37360154,0,4156,4156
37360155,0,998,998
37360156,0,48,48
37360159,5000,19755,24755
37360161,0,6178,6178
37360166,295614,1116,296730
37360169,37340,2660,40000
37360170,0,570,570
37360171,138047,0,138047
37360173,0,0,0
37360174,0,357,357
37360176,0,1000,1000
37360177,197763,988,198751
37360178,64083,543,64626
37360181,0,1162,1162
37360184,0,341,341
37360185,0,0,0
37360187,59212,68,59280
37360192,0,81262,81262
37360195,0,0,887
37360196,0,1007,1007
37360197,0,66975,66975
37360198,12000,36274,48274
37360202,0,0,0
37360203,117750,762,118512
37360207,0,322,322
37360209,0,6727,6727
37360210,0,1531,1531
37360211,0,26096,26096
37360213,0,39000,39000
37360215,0,54000,54000
37360216,0,0,0
37360219,0,879,879
37360220,0,0,77
37360223,0,35,35
37360226,12000,8597,20597
37360227,6004,46863,52867
37360229,54392,85810,140202
37360232,0,566,566
37360233,0,647,647
37360236,0,402,402
37360237,0,500,500
37360239,0,0,2444
37360240,0,0,151
37360241,13000,17000,30000
37360244,20200,2800,23000
37360245,0,1380,1380
37360246,0,15666,15666
37360247,0,0,700
37360248,0,0,936
37360254,0,274,274
37360255,0,54886,54886
37360256,40000,37399,77399
37360258,0,637,637
37360260,0,0,2922
37360261,20700,2534,23234
37360263,0,41867,41867
37360266,32000,3679,35679
37360267,60000,9774,69774
37360268,0,0,787
37360269,0,1012,1012
37360271,13000,12075,25075
37360272,0,516,516
37360274,0,930,930
37360275,5000,5609,10609
37360277,0,200,200
37360278,14000,181,14181
37360279,0,73,73
37360280,0,31254,31254
37360282,0,0,554
37360283,0,0,1388
37360284,50000,35000,85000
37360287,0,34000,34000
37360289,0,410,410
37360294,0,26550,26550
37360297,0,5836,5836
37360298,35000,2000,37000
37360299,0,35591,35591
37360303,0,201,201
37360304,0,6018,6018
37360305,30000,87585,117585
37360310,0,776,776
37360311,0,160632,160632
37360313,0,292,292
37360316,0,4328,4328
37360319,0,978,978
37360322,0,2000,2000
37360323,0,456,456
37360327,0,500,500
37360330,0,0,0
37360332,0,0,0
37360334,0,12708,12708
37360335,105000,23932,128932
37360338,27035,49483,76518
37360339,99370,94894,194264
37360342,109000,1052,110052
37360345,68941,164469,233410
37360347,150000,6000,156000
37360350,0,36,36
37360353,0,1325,1325
37360356,0,500,500
37360357,113069,3161,116230
37360358,49000,1139,50139
37360360,0,1156,1156
37360361,25000,238,25238
37360362,104765,15235,120000
37360364,55000,117,55117
37360365,43000,16000,59000
37360366,0,0,0
37360367,0,870,870
37360368,175418,2156,177574
37360370,0,0,0
37360371,0,5064,5064
37360374,0,6954,6954
37360375,20730,201063,221793
37360378,189423,237,189660
37360379,0,1564,1564
37360381,29000,54128,83128
37360383,0,0,0
37360385,82431,30000,112431
37360386,35000,69484,104484
37360389,0,2796,2796
37360391,2000,3961,5961
37360394,0,28327,28327
37360396,119602,942,120544
37360399,0,0,0
37360400,0,486,486
37360403,25000,1140,26140
37360405,0,3560,3560
37360406,0,1592,1592
37360407,0,1626,1626
37360408,1500,3178,4678
37360409,15000,32918,47918
37360410,14818,0,14818
37360412,314568,188265,502833
37360414,44000,35608,79608
37360415,20000,109,20109
37360417,27000,17871,44871
37360420,47000,791,47791
37360423,0,18119,18119
37360425,0,545,545
37360427,0,331,331
37360431,0,2366,2366
37360432,28383,307,28690
37360434,134560,109939,244499
37360437,15085,5804,20889
37360439,0,1564,1564
37360441,184390,1475,185865
37360442,54608,5392,60000
37360444,0,4844,4844
37360446,0,0,409
37360447,0,0,0
37360452,15000,1336,16336
37360455,7500,0,7500
37360456,0,28000,28000
37360457,0,18,18
37360458,60000,53693,113693
37360459,0,1000,1000
37360462,18000,37000,55000
37360463,0,2339,2339
37360464,50000,76195,126195
37360465,0,37796,37796
37360466,0,1273,1273
37360467,20000,36597,56597
37360470,12000,2626,14626
37360471,0,993,993
37360473,0,44975,44975
37360478,0,8153,8153
37360479,0,6859,6859
37360481,23000,1156,24156
37360482,28500,267,28767
37360485,62700,2000,64700
37360487,0,400,400
37360491,8000,35200,43200
37360493,16000,27372,43372
37360496,0,37482,37482
37360500,0,0,377
37360502,20000,313,20313
37360505,5855,61801,67656
37360506,0,2331,2331
37360508,30000,42060,72060
37360509,0,922,922
37360511,30000,22588,52588
37360512,0,12265,12265
37360513,0,2054,2054
37360518,10000,2106,12106
37360522,0,2434,2434
37360525,70000,5141,75141
37360527,18000,9740,27740
37360528,0,0,0
37360530,0,595,595
37360531,0,38628,38628
37360534,0,0,0
37360535,0,156859,156859
37360538,0,15677,15677
37360540,29000,50541,79541
37360541,0,2252,2252
37360543,12000,543,12543
37360544,15000,8579,23579
37360546,20000,23000,43000
37360550,25000,31091,56091
37360552,0,1429,1429
37360553,0,0,0
37360554,0,585,585
37360556,0,167,167
37360558,0,500,500
37360559,0,3752,3752
37360564,0,0,0
37360566,8445,15833,24278
37360568,80000,70000,150000
37360570,20000,854,20854
37360571,10000,10600,20600
37360572,0,0,0
37360576,0,80138,80138
37360579,23115,1000,24115
37360580,23000,2246,25246
37360581,0,150,150
37360586,0,34760,34760
37360591,0,583,583
37360596,0,44000,44000
37360597,45000,20370,65370
37360598,50000,1922,51922
37360599,0,148225,148225
37360601,0,1696,1696
37360602,0,1782,1782
37360605,0,1000,1000
37360608,39400,10419,49819
37360609,0,0,0
37360610,0,0,0
37360611,2500,385,2885
37360613,11850,40606,52456
37360618,60092,1856,61948
37360619,102000,812,102812
37360620,18744,18000,36744
37360623,101341,0,101341
37360628,106500,0,106500
37360630,116665,0,116665
37360634,0,1257,1257
37360637,0,20112,20112
37360640,0,2000,2000
37360642,30000,18382,48382
37360644,74444,150765,225209
37360646,0,912,912
37360651,0,963,963
37360652,62000,739,62739
37360653,0,486,486
37370002,0,50000,50000
37370007,0,0,0
37370015,0,0,0
37370018,0,0,0
37370019,0,0,0
37370020,0,0,0
37370021,0,95842,95842
37370022,0,0,0
37370023,0,220,220
37370024,0,0,0
37370025,100000,18667,118667
37370026,0,0,208868
37370027,0,0,0
37370028,0,19183,19183
37370029,0,813,813
37370030,0,430,430
37370031,0,1387,1387
37370039,0,0,0
37370040,0,0,0
37370041,0,80249,80249
37370043,0,0,0
37370044,0,0,0
37370045,0,0,0
37370052,0,0,0
37370061,0,0,0
37370062,0,442,442
37370063,0,2158,2158
37370064,0,3,3
37370065,0,147,147
37370066,0,933,933
37370067,0,430,430
37370068,18495,0,18495
37370069,0,0,0
37370071,0,0,0
37370073,0,0,0
37370074,0,862,862
37370076,0,0,0
37370081,0,0,0
37370088,0,1500,1500
37370089,0,1018,1018
37370090,0,0,0
37370091,0,2033,2033
37370092,0,0,0
37370093,0,0,0
37370094,0,0,0
37370095,84000,1890,85890
37370096,65,117804,117869
37370119,0,385,385
37370134,0,491,491
37370184,0,0,0
37370186,0,89,89
37370187,0,1289,1289
37370188,0,0,0
37370189,0,66,66
37370190,0,0,104
37370193,0,200,200
37370194,0,0,0
37370195,0,347,347
37370196,0,734,734
37370198,0,0,0
37370199,0,0,0
37370202,0,0,0
37370203,0,468,468
37370204,0,35,35
37370205,0,5,5
37370206,0,2,2
37370207,0,0,47
37370208,0,37,37
37370210,0,440,440
37370211,0,100,100
37370212,0,309,309
37370213,0,203,203
37370214,0,320,320
37370215,0,302,302
37370216,0,99,99
37370217,0,2660,2660
37370218,0,162,162
37370219,0,382,382
37370220,0,373,373
37370221,0,0,0
37370224,0,532,532
37370225,0,3400,3400
37370226,0,392,392
37370227,0,3240,3240
37370228,0,85,85
37370229,0,266,266
37370231,0,1438,1438
37370232,0,1056,1056
37370234,0,514,514
37370235,0,895,895
37370237,0,0,0
37370238,0,521,521
37370239,0,1722,1722
37370240,0,0,255
37370242,0,29,29
37370243,0,177,177
37370244,0,280,280
37370245,0,437,437
37370246,0,0,0
37370247,0,4439,4439
37370248,0,228,228
37370250,0,399,399
37370251,0,146,146
37370257,0,210,210
37370262,0,33,33
37370264,0,257,257
37370279,0,0,0
37370295,0,127,127
37370302,0,19,19
37370309,0,0,0
37370310,0,261,261
37370312,0,619,619
37370317,0,5,5
37370321,0,442,442
37370325,0,124,124
37370344,0,85,85
37370369,0,384,384
37370370,0,0,0
37370374,0,19,19
37370375,0,87,87
37370377,0,378,378
37370386,0,87,87
37370387,0,0,0
37370388,0,693,693
37370389,0,6,6
37370391,0,0,0
37370392,0,587,587
37370394,0,88,88
37370395,0,0,0
37370396,0,0,0
37370398,0,257,257
37370400,0,4,4
37370401,0,705,705
37370403,0,53731,53731
37370404,0,0,0
37370406,0,497,497
37370407,0,35652,35652
37370408,0,271,271
37370409,0,75,75
37370411,0,0,0
37370412,0,105,105
37370413,0,0,0
37370414,0,0,0
37370415,0,0,0
37370416,0,393,393
37370417,0,493,493
37370418,0,50,50
37370419,0,0,0
37370420,0,0,0
37370421,0,303,303
37370422,0,882,882
37370423,0,0,0
37370425,0,0,0
37370428,0,0,0
37370429,0,256,256
37370430,0,0,0
37370431,0,0,0
37370432,0,0,0
37370434,0,661,661
37370435,0,197,197
37370437,0,869,869
37370438,0,0,0
37370439,0,456,456
37370440,0,612,612
37370441,0,49,49
37370442,0,822,822
37370444,0,0,0
37370446,0,205,205
37370448,0,312,312
37370449,0,0,0
37370450,0,0,0
37370453,0,0,0
37370454,0,116,116
37370455,0,339,339
37370456,0,204,204
37370457,0,0,0
37370458,0,296,296
37370459,0,900,900
37370460,0,1002,1002
37370463,0,939,939
37370464,0,25,25
37370467,0,0,0
37370468,0,2,2
37370479,0,96,96
37370481,0,0,0
37370482,0,52,52
37370486,0,483,483
37370489,0,1597,1597
37370494,0,0,0
37370502,0,785,785
37370503,0,0,0
37410001,296770,2144,298914
37410003,0,0,0
37410004,0,36,36
37410005,359727,48862,408589
37410008,0,0,0
37410009,0,0,0
37410010,0,297854,297854
37410011,0,0,0
37410012,150000,70090,220090
37410013,0,105,105
37410014,146024,34180,180204
37410015,0,6,6
37410017,96740,158196,254936
37410018,39000,568,39568
37410019,163382,0,163382
37410020,0,0,0
37410021,0,0,0
37410022,0,1202,1202
37410024,26537,117282,143819
37410026,0,0,0
37410027,0,0,216
37410028,8824,6569,15393
37410030,212623,998,213621
37410031,0,0,0
37410032,0,0,0
37410033,105007,0,105007
37410034,305243,0,305243
37410035,0,541,541
37410036,0,0,0
37410037,119500,28668,148168
37410038,149772,6776,156548
37410039,0,672,672
37410048,0,250,250
37410049,0,44,44
37410050,0,0,0
37410051,97305,0,97305
37410054,25000,105352,130352
37410055,34524,56,34580
37410056,0,100218,100218
37410057,170800,125,170925
37410058,0,0,0
37410059,0,0,0
37410061,127951,3475,131426
37410063,0,333,333
37410064,0,898,898
37410065,0,52194,52194
37410066,433555,95593,529148
37410067,50000,243169,293169
37410068,0,0,0
37410069,0,298428,298428
37410070,0,2416,2416
37410072,0,0,0
37410073,0,0,0
37410075,157165,40561,197726
37410076,167550,0,167550
37410077,0,65,65
37410078,0,319,319
37410079,0,2131,2131
37410080,217692,10501,228193
37410083,34000,55031,89031
37410084,0,0,0
37410085,10000,63811,73811
37410086,30000,66587,96587
37410087,65700,23449,89149
37410088,59375,60870,120245
37410089,0,4890,4890
37410090,45167,57296,102463
37410091,0,77013,77013
37410092,70221,62825,133046
37410093,93500,30446,123946
37410094,77260,9557,86817
37410095,57700,34,57734
37410096,0,61739,61739
37410097,0,106523,106523
37410098,65035,30091,95126
37410099,0,521,521
37410100,37377,5184,42561
37410101,0,9710,9710
37410103,52318,57774,110092
37410104,76168,61905,138073
37410105,170640,683,171323
37410108,63898,87510,151408
37410109,42692,119640,162332
37410110,50000,42500,92500
37410115,0,0,0
37410116,0,500,500
37410117,30000,151375,181375
37410118,64073,52008,116081
37410119,121341,94931,216272
37410120,0,200,200
37410121,46408,107,46515
37410122,45500,76492,121992
37410123,68015,4810,72825
37410124,30231,51460,81691
37410125,54167,16660,70827
37410126,228190,69975,298165
37410127,0,357,357
37410128,0,0,0
37410129,119900,47,119947
37410130,152110,6219,158329
37410131,0,949,949
37410133,139222,66,139288
37410134,0,494,494
37410135,105000,38922,143922
37410136,139300,119,139419
37410137,60580,82646,143226
37410139,0,229,229
37410140,0,74427,74427
37410141,19767,79737,99504
37410142,77000,12457,89457
37410143,15687,78340,94027
37410144,62134,4493,66627
37410145,55764,52111,107875
37410146,0,0,0
37410147,87000,28,87028
37410148,0,0,0
37410149,63829,390,64219
37410150,62000,3,62003
37410151,173500,1408,174908
37410152,95610,966,96576
37410153,85128,34536,119664
37410154,103601,858,104459
37410155,11505,82289,93794
37410156,163190,3202,166392
37410157,48000,111881,159881
37410159,123191,401,123592
37410160,0,0,0
37410163,65261,6635,71896
37410164,0,0,0
37410165,24000,137423,161423
37410166,52290,41898,94188
37410167,0,0,0
37410169,0,199234,199234
37410170,16077,101223,117300
37410171,95500,8162,103662
37410172,0,0,0
37410173,30000,48541,78541
37410183,60580,34596,95176
37410184,0,125251,125251
37410185,72000,75,72075
37410186,50000,23164,73164
37410187,80000,43109,123109
37410188,0,0,0
37410189,20190,136606,156796
37410190,0,0,0
37410191,0,0,0
37410192,0,0,0
37410193,0,388,388
37410194,205000,2416,207416
37410195,58000,355,58355
37410196,89000,47823,136823
37410197,117356,22353,139709
37410198,30000,1987,31987
37410199,104040,584,104624
37410203,62000,2917,64917
37410204,50500,46578,97078
37410205,89160,457,89617
37410206,0,384,384
37410208,75000,5464,80464
37410212,35000,13262,48262
37410213,17000,648,17648
37410226,4168,1343,5511
37410228,30000,4654,34654
37410229,20000,4081,24081
37410230,35035,11774,46809
37410231,61856,2306,64162
37410237,32918,55097,88015
37410252,9000,105794,114794
37410253,0,94643,94643
37410255,0,2237,2237
37410256,13397,25483,38880
37410258,30000,17830,47830
37410259,25633,21343,46976
37410260,67550,1364,68914
37410261,97350,4156,101506
37410262,9000,15307,24307
37410263,38700,23447,62147
37410264,43808,1964,45772
37410266,58000,1441,59441
37410267,67720,48350,116070
37410269,166559,1700,168259
37410272,45240,5509,50749
37410274,30000,47779,77779
37410275,0,180314,180314
37410277,0,48397,48397
37410278,39000,176,39176
37410279,47525,4571,52096
37410281,22000,995,22995
37410282,64000,2406,66406
37410283,28630,31879,60509
37410284,18236,550,18786
37410286,30035,14947,44982
37410288,37000,3844,40844
37410289,4900,21,4921
37410290,30000,10335,40335
37410291,17000,40421,57421
37410292,35000,49094,84094
37410293,66000,301,66301
37410295,81000,10103,91103
37410296,31000,13809,44809
37410299,21070,43902,64972
37410300,47040,14204,61244
37410301,39000,41878,80878
37410302,30285,6523,36808
37410303,16886,5870,22756
37410305,41534,75,41609
37410306,30070,2908,32978
37410308,5000,591,5591
37410309,0,9121,9121
37410311,24000,43950,67950
37410312,14600,34359,48959
37410313,44813,4031,48844
37410314,36550,4280,40830
37410317,50000,3372,53372
37410318,22500,18008,40508
37410321,14000,37369,51369
37410322,19010,28893,47903
37410323,52000,787,52787
37410324,13105,29605,42710
37410328,102500,489298,591798
37410329,50305,6257,56562
37410332,32151,138483,170634
37410333,266867,101154,368021
37410337,30000,33739,63739
37410339,54666,16032,70698
37410342,100000,9280,109280
37410343,7000,41864,48864
37410345,24642,804,25446
37410346,237624,101343,338967
37410347,8166,17704,25870
37410348,35000,70109,105109
37410350,47000,13805,60805
37410353,80000,29406,109406
37410354,48000,299,48299
37410355,20000,46963,66963
37410356,17000,25005,42005
37410357,45000,20548,65548
37410400,35500,29040,64540
37410401,60000,56328,116328
37410402,90000,1959,91959
37410404,15000,30128,45128
37410408,77190,9930,87120
37410409,6480,1975,8455
37410410,0,3627,3627
37410413,0,29643,29643
37410415,14518,21636,36154
37410416,24000,50367,74367
37410419,70000,36961,106961
37410421,30000,3816,33816
37410425,8670,23,8693
37410426,22000,700,22700
37410428,17690,26217,43907
37410429,57467,2707,60174
37410430,21400,69989,91389
37410432,24575,22691,47266
37410434,80825,6598,87423
37410436,22000,287,22287
37410437,14900,77969,92869
37410439,18000,30854,48854
37410441,25590,53549,79139
37410442,3000,98,3098
37410446,53683,8151,61834
37410447,98300,453,98753
37410448,50000,32516,82516
37410449,100000,52962,152962
37410450,57000,22904,79904
37410451,107000,58806,165806
37410452,70000,5365,75365
37410453,170972,39275,210247
37410454,40000,146,40146
37410455,90580,35167,125747
37410456,0,60566,60566
37410457,34700,15038,49738
37410458,105000,50437,155437
37410459,71322,0,71322
37410461,95580,2661,98241
37410462,55196,312,55508
37410463,46482,24872,71354
37410464,64500,2892,67392
37410465,47000,845,47845
37410466,50290,7916,58206
37410467,61300,64,61364
37410468,80290,4834,85124
37410469,31923,14281,46204
37410470,70580,14443,85023
37410471,20000,52060,72060
37410472,60000,4773,64773
37410473,48000,31474,79474
37410474,0,314,314
37410475,0,304,304
37410476,43300,191,43491
37410479,38488,597,39085
37410480,50000,2050,52050
37410481,48000,129,48129
37410482,25000,34558,59558
37410483,8000,197,8197
37410484,43000,586,43586
37410485,0,645,645
37410486,67500,63450,130950
37410487,84790,447,85237
37410488,40000,817,40817
37410498,45000,3329,48329
37410499,50000,28382,78382
37410500,37200,61,37261
37410501,26788,107315,134103
37410502,100000,8480,108480
37410504,54000,78329,132329
37410505,58398,21325,79723
37410507,102000,20875,122875
37410511,38900,3419,42319
37410513,0,7097,7097
37410514,45000,669,45669
37410515,3000,3760,6760
37410516,0,57678,57678
37410518,6200,235,6435
37410519,50000,8409,58409
37410520,20000,28717,48717
37410521,19902,62258,82160
37410522,40035,4020,44055
37410523,140000,2964,142964
37410525,40000,907,40907
37410526,41100,1109,42209
37410527,70000,16437,86437
37410528,30433,46,30479
37410529,38480,1076,39556
37410530,51100,73,51173
37410531,6000,76275,82275
37410532,49000,474,49474
37410533,40400,10051,50451
37410534,76408,2410,78818
37410535,15115,21754,36869
37410536,56151,3125,59276
37410537,44035,618,44653
37410539,56070,630,56700
37410540,17838,34941,52779
37410541,53261,8033,61294
37410542,50261,13587,63848
37410543,20000,59607,79607
37410545,24261,28595,52856
37410547,39790,10706,50496
37410548,35035,23869,58904
37410549,36035,188501,224536
37410552,66000,5214,71214
37410553,54999,46,55045
37410554,3500,275,3775
37410555,14570,108,14678
37410556,31985,40908,72893
37410557,0,8137,8137
37410558,39934,139,40073
37410559,50035,20056,70091
37410560,38500,302,38802
37410561,44500,24834,69334
37410562,56000,17439,73439
37410563,40105,6599,46704
37410564,97000,974,97974
37410565,7335,16,7351
37410566,37093,167,37260
37410567,20035,19262,39297
37410568,95035,2072,97107
37410569,20035,5283,25318
37410570,103670,754,104424
37410571,40000,44342,84342
37410573,120209,725,120934
37410574,20000,16833,36833
37410575,42000,6310,48310
37410576,6500,403,6903
37410577,0,59588,59588
37410578,129718,0,129718
37410579,44000,17838,61838
37410580,55000,752,55752
37410581,20000,32260,52260
37410582,37715,23901,61616
37410584,92000,7761,99761
37410585,58000,460,58460
37410586,38500,853,39353
37410587,42000,452,42452
37410590,35035,865,35900
37410591,5311,989,6300
37410594,71500,242,71742
37410597,35000,7393,42393
37410598,20000,62179,82179
37410599,119000,384,119384
37410600,43261,13007,56268
37410601,57469,699,58168
37410606,65000,18357,83357
37410607,95435,19443,114878
37410608,30000,27302,57302
37410609,63000,178,63178
37410610,20290,38396,58686
37410611,9600,570,10170
37410612,34000,443,34443
37410613,36435,275,36710
37410614,52000,1446,53446
37410615,50261,21335,71596
37410616,64555,9846,74401
37410617,26000,12233,38233
37410618,43093,1700,44793
37410619,39135,1140,40275
37410621,63000,49075,112075
37410622,49600,20677,70277
37410623,46000,37411,83411
37410624,44000,20103,64103
37410625,49000,9918,58918
37410626,35000,2023,37023
37410627,20000,17680,37680
37410628,38000,15,38015
37410629,40000,16878,56878
37410630,72000,1611,73611
37410632,40000,2499,42499
37410633,40193,0,40193
37410634,32000,27765,59765
37410635,66000,3600,69600
37410636,0,0,0
37410637,36000,1528,37528
37410673,20350,24251,44601
37410674,14058,41396,55454
37410675,85000,4720,89720
37410676,0,373,373
37410677,95000,27850,122850
37410680,14898,35705,50603
37410682,50000,47592,97592
37410683,38000,40681,78681
37410684,43000,1196,44196
37410685,30235,70994,101229
37410686,47000,315,47315
37410687,0,23205,23205
37410688,74855,91543,166398
37410690,20000,35247,55247
37410692,50000,95968,145968
37410694,43500,53,43553
37410696,43200,13354,56554
37410698,20000,102315,122315
37410699,70000,1928,71928
37410700,36000,81,36081
37410701,149000,641,149641
37410703,40000,25382,65382
37410705,100000,60763,160763
37410706,39800,102,39902
37410707,25057,29064,54121
37410709,90000,7937,97937
37410710,0,44271,44271
37410711,70000,3338,73338
37410712,37000,11007,48007
37410713,62840,8171,71011
37410714,49170,27,49197
37410715,30000,28414,58414
37410716,43600,271,43871
37410717,40000,11088,51088
37410718,50000,792,50792
37410719,55500,9252,64752
37410720,117000,844,117844
37410721,80290,95,80385
37410723,45700,41,45741
37410724,39000,889,39889
37410725,44740,16395,61135
37410740,0,0,0
37410745,44000,1034,45034
37410759,0,0,0
37410772,68240,45512,113752
37410778,84035,349,84384
37410779,110000,4627,114627
37410780,124035,871,124906
37410781,40035,356,40391
37410783,35000,18981,53981
37410785,16000,13397,29397
37410789,0,0,0
37410799,0,408,408
37410803,40500,4271,44771
37410813,19383,122276,141659
37410814,67135,7793,74928
37410815,32666,7847,40513
37410816,186374,22330,208704
37410818,250840,7,250847
37410819,29764,25325,55089
37410824,45000,19190,64190
37410825,0,0,0
37420001,88803,218264,307067
37420002,173566,224255,397821
37420003,0,0,0
37420004,159352,0,159352
37420005,0,558,558
37420006,0,650,650
37420007,0,0,0
37420008,0,0,8875
37420009,0,3140,3140
37420010,0,0,0
37420011,0,0,0
37420012,0,0,0
37420013,0,358,358
37420014,68672,339797,408469
37420015,0,0,0
37420016,129728,214,129942
37420017,57746,5505,63251
37420018,0,3160,3160
37420019,133890,6800,140690
37420020,0,0,0
37420021,0,0,0
37420022,0,0,0
37420023,0,0,0
37420024,0,0,0
37420025,0,0,0
37420026,76569,77959,154528
37420027,0,0,0
37420028,0,0,0
37420029,0,0,0
37420030,0,1395,1395
37420031,0,0,0
37420032,0,1951,1951
37420033,0,0,0
37420034,0,0,0
37420035,0,0,0
37420036,0,0,0
37420037,181371,237632,419003
37420038,40000,147148,187148
37420039,0,0,0
37420040,139000,3484,142484
37420041,0,938,938
37420042,0,1206,1206
37420043,0,0,0
37420044,0,0,0
37420045,0,0,0
37420046,64007,343010,407017
37420047,24998,20576,45574
37420048,0,221,221
37420049,0,0,0
37420050,0,143786,143786
37420051,0,127705,127705
37420052,50000,86002,136002
37420053,7000,149683,156683
37420054,0,960,960
37420055,60290,28552,88842
37420056,0,748,748
37420057,0,226896,226896
37420058,0,70173,70173
37420059,0,0,0
37420060,15500,167507,183007
37420061,9140,166680,175820
37420062,50000,26850,76850
37420063,49000,104663,153663
37420064,86000,446,86446
37420065,145563,17367,162930
37420066,47100,251,47351
37420067,48000,41500,89500
37420068,50370,92814,143184
37420069,0,578,578
37420070,0,160607,160607
37420071,29100,157862,186962
37420072,0,41036,41036
37420073,84658,0,84658
37420074,0,0,0
37420075,40000,43857,83857
37420076,125400,98,125498
37420077,45070,74624,119694
37420078,80000,58173,138173
37420079,0,0,0
37420080,0,5114,5114
37420081,0,40,40
37420083,104600,0,104600
37420084,0,26240,26240
37420085,0,134,134
37420086,0,0,0
37420087,35914,117557,153471
37420088,0,57454,57454
37420089,0,426,426
37420090,0,0,0
37420091,100000,328027,428027
37420092,0,0,0
37420093,45000,138766,183766
37420094,9255,5387,14642
37420095,0,0,0
37420096,20000,41368,61368
37420097,0,0,590
37420098,0,0,0
37420099,0,0,0
37420100,82450,194,82644
37420101,0,0,0
37420102,93345,46000,139345
37420103,0,660,660
37420104,90000,1337,91337
37420105,0,0,0
37420106,45000,138830,183830
37420107,294000,260046,554046
37420108,0,668,668
37420110,37700,6800,44500
37420111,52000,3417,55417
37420112,67990,3041,71031
37420113,23718,10180,33898
37420114,46298,110,46408
37420115,75000,54830,129830
37420116,40000,526,40526
37420117,0,33552,33552
37420118,45500,334,45834
37420119,0,56640,56640
37420120,35000,5028,40028
37420121,10000,137887,147887
37420123,25000,24770,49770
37420124,71000,557,71557
37420126,50000,655,50655
37420127,0,47724,47724
37420128,38000,80110,118110
37420129,12000,11514,23514
37420131,18030,42388,60418
37420132,0,123111,123111
37420133,24700,37208,61908
37420135,35000,730,35730
37420136,35505,59853,95358
37420138,15790,29446,45236
37420139,0,136222,136222
37420140,8571,61990,70561
37420142,48400,80028,128428
37420143,24000,41861,65861
37420144,17066,28436,45502
37420145,0,58736,58736
37420146,6000,10912,16912
37420147,34000,774,34774
37420149,23880,2762,26642
37420150,20000,26988,46988
37420151,40000,42838,82838
37420152,0,115814,115814
37420153,49000,137,49137
37420155,22600,36268,58868
37420156,43000,426,43426
37420157,6000,4978,10978
37420159,17500,72,17572
37420160,144000,36145,180145
37420161,100000,121153,221153
37420163,32500,1785,34285
37420164,14500,31299,45799
37420165,39050,34455,73505
37420166,10650,42851,53501
37420167,30600,24159,54759
37420168,43000,708,43708
37420169,16500,194,16694
37420170,0,12207,12207
37420171,23470,39017,62487
37420172,0,44959,44959
37420173,41983,61,42044
37420174,9600,46529,56129
37420175,34200,34006,68206
37420176,97972,7000,104972
37420178,0,30125,30125
37420179,70000,40233,110233
37420180,20000,45604,65604
37420181,0,54534,54534
37420182,31000,6215,37215
37420183,50700,23785,74485
37420184,0,46325,46325
37420185,20000,29989,49989
37420186,0,35295,35295
37420187,61000,31506,92506
37420188,32000,5358,37358
37420189,0,6601,6601
37420190,0,57392,57392
37420192,20000,45590,65590
37420193,12357,38266,50623
37420196,5000,61694,66694
37420197,75039,5000,80039
37420198,40000,12402,52402
37420200,7000,3254,10254
37420201,87290,492,87782
37420203,52000,4637,56637
37420204,18790,14962,33752
37420205,15290,34200,49490
37420206,24000,613,24613
37420207,40290,27234,67524
37420208,15000,30655,45655
37420210,8727,8835,17562
37420211,64500,2296,66796
37420212,16000,49890,65890
37420213,20065,32300,52365
37420214,12500,10595,23095
37420215,39000,1483,40483
37420216,62000,6625,68625
37420217,41500,76964,118464
37420218,15050,40424,55474
37420219,25000,41477,66477
37420220,62050,5926,67976
37420221,23550,24059,47609
37420222,57050,3095,60145
37420223,40000,2799,42799
37420224,35,35872,35907
37420225,0,147217,147217
37420226,65000,53522,118522
37420227,79330,54203,133533
37420228,13390,23232,36622
37420229,6600,53094,59694
37420230,18000,1474,19474
37420232,5000,64423,69423
37420234,0,34944,34944
37420235,38000,646,38646
37420236,45000,10879,55879
37420237,50000,43287,93287
37420238,71000,1200,72200
37420239,85120,81689,166809
37420242,47000,4579,51579
37420243,41070,32994,74064
37420244,65000,10219,75219
37420246,38000,9633,47633
37420248,50000,61650,111650
37420249,45000,6789,51789
37420250,39430,39181,78611
37420253,30000,74811,104811
37420255,59000,1658,60658
37420256,6000,1036,7036
37420257,0,210,210
37420258,0,101404,101404
37420259,62666,16693,79359
37420260,25015,30568,55583
37420261,14500,26260,40760
37420263,167000,6305,173305
37420267,0,46337,46337
37420268,95050,5992,101042
37420269,25000,47059,72059
37420270,0,38451,38451
37420271,40000,3123,43123
37420272,30000,473,30473
37420273,20000,28373,48373
37420274,82300,78150,160450
37420275,59000,13980,72980
37420276,36000,12583,48583
37420278,75290,11848,87138
37420279,21000,71511,92511
37420280,32000,60199,92199
37420281,0,75049,75049
37420282,55000,79014,134014
37420283,94000,406970,500970
37420284,0,13563,13563
37420285,11266,27223,38489
37420286,0,43955,43955
37420287,0,0,0
37420288,45000,8913,53913
37420289,12272,81478,93750
37420290,53000,702,53702
37420291,9000,37030,46030
37420292,15000,79108,94108
37420293,0,39208,39208
37420294,25000,9159,34159
37420296,111035,0,111035
37420297,63469,26567,90036
37420298,37000,43879,80879
37420299,20000,563,20563
37420300,49000,81,49081
37420301,46500,6323,52823
37420302,20000,47103,67103
37420303,45000,34387,79387
37420304,77171,0,77171
37420305,45000,16817,61817
37420306,20000,33882,53882
37420307,47000,13300,60300
37420308,21000,22080,43080
37420309,0,0,0
37420311,19400,9,19409
37420312,300000,17259,317259
37420313,0,28872,28872
37420314,0,20973,20973
37420315,100000,58838,158838
37420316,145200,10039,155239
37420317,0,447,447
37420319,24336,98355,122691
37420322,140175,1682,141857
37420323,42900,11052,53952
37420324,50000,49913,99913
37420326,18300,75,18375
37420327,46812,9770,56582
37420328,89000,6921,95921
37420330,13000,14815,27815
37420333,85000,15113,100113
37420334,69700,0,69700
37420335,40000,128505,168505
37420336,0,43128,43128
37420337,7600,15080,22680
37420338,30000,30854,60854
37420340,140000,20210,160210
37420342,67900,35152,103052
37420343,86000,226,86226
37420344,0,1619,1619
37420345,70000,50019,120019
37420346,42000,121,42121
37420347,50000,8351,58351
37420348,38000,481,38481
37420349,72000,13502,85502
37420350,38000,13609,51609
37420351,74751,36350,111101
37420352,44000,2061,46061
37420353,37500,97302,134802
37420354,10000,37079,47079
37420355,20000,23494,43494
37420356,48000,849,48849
37420359,19284,0,19284
37420360,18500,68679,87179
37420361,23000,24406,47406
37420362,47000,24702,71702
37420363,25000,59650,84650
37420364,32178,56729,88907
37420365,49500,225,49725
37420366,36212,0,36212
37420367,41094,4464,45558
37420368,21000,153,21153
37420370,35000,3197,38197
37420371,52800,56,52856
37420372,70000,1322,71322
37420373,52500,547,53047
37420374,118000,1867,119867
37420375,17000,26913,43913
37420376,0,43096,43096
37420377,25632,51884,77516
37420379,230000,34901,264901
37420380,57000,6788,63788
37420381,40000,676,40676
37420382,35000,8349,43349
37420383,5290,80,5370
37420385,50000,852,50852
37420387,17000,23763,40763
37420388,20000,24350,44350
37420389,0,0,0
37420390,0,26,26
37420391,25000,16515,41515
37420392,33420,31778,65198
37420393,0,18406,18406
37420395,30000,19321,49321
37420396,40000,1331,41331
37420397,27400,11878,39278
37420398,0,39584,39584
37420399,31350,298,31648
37420400,0,55679,55679
37420401,20000,36617,56617
37420402,4880,32936,37816
37420403,75185,7811,82996
37420405,0,87144,87144
37420406,20000,99670,119670
37420407,26000,14159,40159
37420408,12000,32542,44542
37420409,80300,21,80321
37420410,47200,183,47383
37420411,0,0,0
37420412,157500,14832,172332
37420413,7826,0,7826
37420414,23500,203,23703
37420416,39491,30126,69617
37420417,40500,8803,49303
37420418,22000,21264,43264
37420419,46000,552,46552
37420420,60000,11756,71756
37420421,0,90740,90740
37420422,44000,18716,62716
37420423,35122,0,35122
37420424,19000,177,19177
37420425,50000,102300,152300
37420426,27000,37393,64393
37420427,5700,36,5736
37420429,0,0,0
37420431,0,0,0
37420433,67000,306,67306
37420434,67000,219,67219
37420437,17043,43,17086
37420438,0,55875,55875
37420445,50000,6747,56747
37420447,38000,144,38144
37420453,50000,13081,63081
37420455,16000,8520,24520
37420463,0,54071,54071
37420467,52000,512,52512
37420470,20000,27629,47629
37420473,36786,15130,51916
37420474,0,18306,18306
37420480,0,51349,51349
37420481,20000,4799,24799
37420483,42000,3971,45971
37420486,23000,7813,30813
37420492,25000,53194,78194
37420493,25000,26865,51865
37420494,0,78578,78578
37420495,100000,5239,105239
37420496,13000,71909,84909
37420498,75000,25223,100223
37420499,25070,11058,36128
37420500,25000,310,25310
37420502,0,10916,10916
37420503,57000,12370,69370
37420504,0,0,0
37420505,37328,0,37328
37420506,53869,0,53869
37420507,21490,85754,107244
37420508,7000,47397,54397
37420509,25000,39078,64078
37420511,55000,338,55338
37420513,20000,31390,51390
37420514,39000,513,39513
37420515,47000,161,47161
37420516,0,40000,40000
37430001,211475,274468,485943
37430002,0,375406,375406
37430003,291395,260332,551727
37430004,60000,90159,150159
37430005,215766,128323,344089
37430006,164356,0,164356
37430007,150000,31541,181541
37430008,43182,211,43393
37430009,200000,133457,333457
37430010,124300,213647,337947
37430011,300350,7772,308122
37430012,186000,445,186445
37430013,0,612368,612368
37430014,207027,326206,533233
37430015,72210,35202,107412
37430016,70500,261772,332272
37430017,85116,953,86069
37430018,0,203990,203990
37430019,25603,87887,113490
37430020,181500,242,181742
37430021,0,133694,133694
37430022,0,166696,166696
37430023,49900,169318,219218
37430024,50000,47889,97889
37430025,60075,222,60297
37430026,137000,56443,193443
37430027,35100,104112,139212
37430028,48791,137774,186565
37430029,22000,116797,138797
37430030,26000,12044,38044
37430031,42000,729,42729
37430034,44500,2799,47299
37430035,30481,15343,45824
37430037,29900,27415,57315
37430041,13363,12664,26027
37430042,9600,36409,46009
37430043,40000,41366,81366
37430044,30000,30385,60385
37430045,78134,45764,123898
37430046,70000,2896,72896
37430047,23500,268,23768
37430048,41140,61987,103127
37430050,20000,55357,75357
37430051,32000,95417,127417
37430052,41000,67436,108436
37430053,0,32276,32276
37430054,44868,0,44868
37430055,20282,18942,39224
37430056,62126,0,62126
37430059,0,54517,54517
37430060,86600,863,87463
37430061,29000,16181,45181
37430062,174426,388,174814
37430063,46000,23927,69927
37430064,39800,824,40624
37430065,67000,83935,150935
37430066,119862,64684,184546
37430067,40000,21555,61555
37430068,49000,5543,54543
37430070,50000,14385,64385
37430071,2000,3767,5767
37430072,25000,17080,42080
37430073,95116,170,95286
37430074,40000,344,40344
37430075,54910,718,55628
37430076,66000,45633,111633
37430078,100000,42705,142705
37430080,35000,6797,41797
37430082,18000,25806,43806
37430083,41000,22497,63497
37430084,115000,32612,147612
37430085,40500,14313,54813
37430086,24795,26354,51149
37430087,73500,59,73559
37430088,30000,16936,46936
37430089,28885,383,29268
37430090,19000,21753,40753
37430091,14469,33125,47594
37430092,40000,122098,162098
37430093,50585,13934,64519
37430094,25000,14959,39959
37430095,0,0,0
37430096,70000,21613,91613
37430098,40000,60183,100183
37430099,47000,430,47430
37430107,0,35547,35547
37430110,0,0,0
37430112,0,0,0
37430113,0,0,0
37430121,35057,2212,37269
37430149,42000,12187,54187
37430150,35000,26050,61050
37430153,40000,1051,41051
37430154,55000,40,55040
37440002,0,89,89
37440006,178184,50755,228939
37440007,0,0,0
37440023,681185,58002,739187
37440025,0,467250,467250
37440040,50000,109000,159000
37440041,43680,125796,169476
37440042,110317,0,110317
37440043,50000,38895,88895
37440044,25344,71294,96638
37440045,0,0,0
37440046,0,182507,182507
37440047,106500,390,106890
37440060,138922,229283,368205
37440062,0,212000,212000
37440071,0,3043,3043
37440074,110000,929,110929
37440081,91368,549,91917
37440082,285709,334,286043
37440102,100000,17614,117614
37440106,60261,34089,94350
37440107,0,91432,91432
37440111,34215,54960,89175
37440112,24035,47611,71646
37440113,96988,0,96988
37440114,85000,13132,98132
37440132,85000,31077,116077
37440161,70000,97648,167648
37440174,0,0,0
37440175,0,61658,61658
37440176,45058,51511,96569
37440177,77000,1765,78765
37440178,50151,3577,53728
37440179,102402,7566,109968
37440180,50000,111165,161165
37440181,68000,86,68086
37440182,30116,9486,39602
37440201,36000,667,36667
37440209,10500,373,10873
37440217,6000,2202,8202
37440218,13755,24915,38670
37440219,60000,3708,63708
37440220,20869,6817,27686
37440222,62377,39349,101726
37440232,40000,6786,46786
37440240,33545,7000,40545
37440242,18000,41187,59187
37440243,50000,28600,78600
37440244,37531,0,37531
37440245,26000,23198,49198
37440246,46000,599,46599
37440248,72000,824,72824
37440250,44000,3419,47419
37440325,22000,12500,34500
37440334,21261,20649,41910
37440335,103373,56619,159992
37440336,92385,912,93297
37440340,23000,20637,43637
37440359,19000,3705,22705
37440360,20000,77361,97361
37440362,115450,11470,126920
37440363,20000,76845,96845
37440364,0,64475,64475
37440366,42000,0,42000
37440367,17000,46000,63000
37440369,38174,1012,39186
37440371,47239,12320,59559
37440372,45530,46797,92327
37440373,20000,59147,79147
37440374,40261,10828,51089
37440375,38800,1117,39917
37440378,11261,33383,44644
37440379,0,65015,65015
37440381,30000,68798,98798
37440382,25000,49366,74366
37440383,50261,96658,146919
37440384,0,9396,9396
37440385,4950,186238,191188
37440386,47000,43160,90160
37440387,0,31038,31038
37440388,0,127587,127587
37440389,25000,25000,50000
37440390,0,102843,102843
37440391,66035,194,66229
37440392,58261,693,58954
37440393,39500,541,40041
37440394,26585,9629,36214
37440395,37009,1000,38009
37440396,10000,27279,37279
37440397,0,82698,82698
37440398,39377,90882,130259
37440399,70000,82801,152801
37440460,5116,486,5602
37440491,5000,400,5400
37440492,25000,15885,40885
37440493,54500,24083,78583
37440494,10000,11972,21972
37440495,25000,14838,39838
37440496,18000,60268,78268
37440497,100000,11645,111645
37440592,35000,36343,71343
37440603,68000,4835,72835
37440604,33035,2000,35035
37440605,34000,8479,42479
37440640,80116,1070,81186
37440641,45000,0,45000
37440643,30290,11231,41521
37440644,5000,755,5755
37440645,40000,264,40264
37440646,111000,1343,112343
37440647,19774,512,20286
37440648,25000,13932,38932
37440649,41500,279,41779
37440650,50000,9000,59000
37440652,30000,48768,78768
37440653,49070,446,49516
37440654,40935,25,40960
37440657,1017,0,1017
37440658,32500,668,33168
37440660,40000,762,40762
37440661,70000,8415,78415
37440662,103747,722,104469
37440663,25000,61004,86004
37440664,14000,17967,31967
37440665,24000,405,24405
37440666,240212,79432,319644
37440667,0,10,10
37440668,50000,16546,66546
37440670,65674,21966,87640
37440671,5858,47,5905
37440672,45261,1917,47178
37440736,2319,7151,9470
37440763,50000,51620,101620
37440764,0,0,0
37440776,30000,51740,81740
37440777,35000,1190,36190
37440782,12000,13088,25088
37440786,0,38274,38274
37440787,42000,10824,52824
37440800,60174,3389,63563
37440801,0,830,830
37440804,25580,26031,51611
37440806,50500,24431,74931
37440808,62000,1351,63351
37440850,77127,0,77127
38110003,0,0,0
38110004,50000,99068,149068
38110005,248060,1897,249957
38110006,210000,4225,214225
38110007,193190,380548,573738
38110009,238420,236900,475320
38110011,184205,93852,278057
38110012,0,25039,25039
38110013,126463,465410,591873
38110014,92363,37869,130232
38110015,75000,86086,161086
38110016,178976,197312,376288
38110017,48000,284786,332786
38110018,267088,205460,472548
38110019,163313,94643,257956
38110020,142364,97011,239375
38110021,207598,642,208240
38110022,156790,2407,159197
38110027,85000,124343,209343
38110028,203857,288200,492057
38110029,241882,124270,366152
38110030,0,0,0
38110031,82142,176606,258748
38110032,0,333576,333576
38110033,25000,737815,762815
38110037,48000,268,48268
38110038,148967,66182,215149
38110039,208062,1850,209912
38110040,0,0,0
38110041,170066,260506,430572
38110042,69017,306,69323
38110049,87289,80072,167361
38110050,129900,182624,312524
38110051,0,0,0
38110052,271780,451442,723222
38110053,100000,70574,170574
38110054,0,0,0
38110055,157451,153027,310478
38110056,0,0,0
38110057,160551,43107,203658
38110058,94750,3642,98392
38110059,50231,126633,176864
38110060,94500,102823,197323
38110061,149530,13695,163225
38110062,93044,2084,95128
38110063,86016,981,86997
38110064,0,10150,10150
38110065,26393,40961,67354
38110066,656391,0,656391
38110068,0,0,0
38110069,145080,126229,271309
38110070,117622,0,117622
38110071,0,0,0
38110072,123653,566,124219
38110075,0,323000,323000
38110076,114018,238,114256
38110077,17599,0,17599
38110079,0,73448,73448
38110080,50000,51075,101075
38110082,125086,816,125902
38110083,50290,97616,147906
38110084,40000,4312,44312
38110085,0,444297,444297
38110086,89300,1200,90500
38110087,141700,19681,161381
38110088,0,149588,149588
38110089,64200,1391,65591
38110090,40000,2242,42242
38110091,0,1123,1123
38110099,68000,94765,162765
38110100,0,9000,9000
38110101,129399,30477,159876
38110102,52580,1000,53580
38110103,40000,4204,44204
38110105,34000,2291,36291
38110106,39000,721,39721
38110107,362096,5940,368036
38110108,31500,239,31739
38110110,58000,38,58038
38110113,26000,656,26656
38110114,98000,298,98298
38110116,105000,3692,108692
38110117,188,66944,67132
38110119,80072,1277,81349
38110120,0,65052,65052
38110121,85563,2971,88534
38110122,30000,59713,89713
38110123,88038,1581,89619
38110124,0,77874,77874
38110125,122000,895,122895
38110126,0,0,0
38110127,20081,63814,83895
38110128,97000,80898,177898
38110129,0,0,0
38110130,24015,586,24601
38110131,70000,27514,97514
38110132,78250,80501,158751
38110133,70317,138535,208852
38110134,30000,3291,33291
38110136,49000,36375,85375
38110138,169000,877,169877
38110139,158737,9093,167830
38110142,20000,123228,143228
38110144,77000,2383,79383
38110146,68000,16020,84020
38110147,73000,938,73938
38110152,59000,834,59834
38110153,0,59124,59124
38110154,50356,29323,79679
38110155,0,0,0
38110156,50000,2054,52054
38110157,45000,1622,46622
38110159,69000,372,69372
38110162,90000,4532,94532
38110163,35000,54040,89040
38110169,45000,28084,73084
38110170,20000,34002,54002
38110171,0,0,0
38110173,42004,2647,44651
38110175,44000,21107,65107
38110176,78000,574,78574
38110178,50044,5189,55233
38110182,45114,36425,81539
38110183,193460,2202,195662
38110184,60290,66127,126417
38110185,128290,2441,130731
38110188,220000,205,220205
38110190,118000,417,118417
38110192,118790,229,119019
38110196,20000,7156,27156
38110197,58000,50729,108729
38110198,36000,1474,37474
38110199,70700,33515,104215
38110202,0,0,0
38110270,50000,87776,137776
38110271,0,1145,1145
38110273,37000,434,37434
38110274,0,50982,50982
38110275,50000,4459,54459
38110276,0,86082,86082
38110277,115000,318,115318
38110279,10114,77360,87474
38110281,30000,414,30414
38110282,36000,1109,37109
38110285,106960,36193,143153
38110288,160624,745,161369
38110289,80000,25112,105112
38110290,96200,172727,268927
38110292,55000,25624,80624
38110295,50000,9725,59725
38110296,113000,3904,116904
38110297,60000,325,60325
38110298,88000,40,88040
38110300,25000,7688,32688
38110303,142,122974,123116
38110304,179800,2005,181805
38110305,81182,0,81182
38110308,0,146101,146101
38110309,50000,53710,103710
38110311,30302,54,30356
38110312,174565,13735,188300
38110313,0,94274,94274
38110314,35047,37410,72457
38110315,25000,995,25995
38110318,39019,1134,40153
38110319,75146,23044,98190
38110322,0,29853,29853
38110323,43200,300,43500
38110326,150137,30535,180672
38110330,23450,114,23564
38110335,150000,227914,377914
38110338,65000,76591,141591
38110340,0,190420,190420
38110342,49433,4204,53637
38110343,90000,27646,117646
38110345,47700,43146,90846
38110346,78000,802,78802
38110347,54659,3541,58200
38110348,70000,5586,75586
38110350,100000,29326,129326
38110351,120102,12197,132299
38110352,150348,114657,265005
38110353,20099,72680,92779
38110354,0,0,223284
38110355,0,0,0
38110356,100065,21079,121144
38110357,62037,883,62920
38110358,60000,4443,64443
38110359,78290,934,79224
38110360,100069,4723,104792
38110362,0,0,0
38110363,144856,23,144879
38110364,72000,18,72018
38110365,242000,49248,291248
38110366,5026,54761,59787
38110367,30000,702,30702
38110369,68000,134712,202712
38110370,0,0,0
38110371,80000,12382,92382
38110372,69489,13358,82847
38110373,0,0,0
38110374,0,0,0
38110375,25385,58277,83662
38110376,0,0,0
38110377,0,0,0
38110378,160000,2959,162959
38110379,77000,8701,85701
38110380,60000,35625,95625
38110381,122248,15634,137882
38110382,53000,183,53183
38110383,80000,2138,82138
38110384,0,0,0
38110385,0,84788,84788
38110386,200000,0,200000
38110388,37500,100,37600
38110389,110000,138604,248604
38110390,115100,42835,157935
38110391,0,500,500
38110392,63179,56214,119393
38110393,0,0,0
38110395,136916,1721,138637
38110396,79000,0,79000
38110397,0,0,0
38110398,70000,3294,73294
38110399,19000,10335,29335
38110400,37000,753,37753
38110402,20000,55522,75522
38110403,24023,1864,25887
38110404,125766,781,126547
38110405,18000,16000,34000
38110406,43809,87,43896
38110407,35000,16533,51533
38110408,51000,500,51500
38110409,44925,981,45906
38110410,142830,1000,143830
38110411,0,20010,20010
38110412,40000,4097,44097
38110414,45638,126132,171770
38110415,200126,17676,217802
38110416,52000,58893,110893
38110417,59700,3029,62729
38110418,37015,185,37200
38110419,70300,86,70386
38110421,20169,287017,307186
38110423,202609,20380,222989
38110425,90300,37487,127787
38110426,52000,252,52252
38110427,49000,74050,123050
38110430,200000,276534,476534
38110433,53347,2127,55474
38110435,0,224727,224727
38110436,80989,0,80989
38110437,80000,288,80288
38110440,39273,154618,193891
38110443,55000,7697,62697
38110445,40038,44194,84232
38110446,48,51288,51336
38110447,30790,27622,58412
38110448,90730,10570,101300
38110449,167098,1011,168109
38110450,43000,46026,89026
38110451,129290,131499,260789
38110452,37500,307,37807
38110453,25000,27468,52468
38110455,99053,537,99590
38110456,22962,26365,49327
38110457,188500,26828,215328
38110458,0,57296,57296
38110459,50047,38345,88392
38110460,42900,110,43010
38110461,64424,33055,97479
38110462,20000,135430,155430
38110463,0,33547,33547
38110465,80550,36265,116815
38110466,45000,22321,67321
38110469,30021,30285,60306
38110470,68000,3614,71614
38110472,30043,29931,59974
38110473,95041,423,95464
38110474,44000,860,44860
38110476,0,223,223
38110477,0,22140,22140
38110478,63000,279,63279
38110479,56000,875,56875
38110480,74000,115163,189163
38110481,88000,33836,121836
38110482,0,51442,51442
38110484,0,197564,197564
38110485,0,43886,43886
38110486,130642,0,130642
38110487,78800,32,78832
38110488,21982,32936,54918
38110489,30000,4243,34243
38110491,59839,72881,132720
38110492,83000,149,83149
38110494,30000,25707,55707
38110495,0,0,0
38110496,28000,530,28530
38110497,71000,565,71565
38110500,35000,561,35561
38110503,0,133124,133124
38110504,50000,28284,78284
38110505,57000,156,57156
38110507,75000,15665,90665
38110508,35765,1100,36865
38110509,46300,593,46893
38110510,60000,45096,105096
38110511,0,6237,6237
38110513,50000,1250,51250
38110514,40000,787,40787
38110515,0,53813,53813
38110516,0,25517,25517
38110517,0,108000,108000
38110518,0,90563,90563
38110519,25000,179006,204006
38110520,31900,30884,62784
38110522,23858,0,23858
38110523,80000,6375,86375
38110525,110000,2095,112095
38110526,74000,204,74204
38110527,57000,233979,290979
38110529,44000,2623,46623
38110531,0,73508,73508
38110532,34000,35258,69258
38110534,20000,592,20592
38110536,59780,134,59914
38110537,66000,134,66134
38110539,84099,20442,104541
38110540,0,199094,199094
38110541,40000,92000,132000
38110542,80000,321810,401810
38110543,85000,2072,87072
38110544,70084,12981,83065
38110545,0,58356,58356
38110546,100121,88892,189013
38110548,90000,17645,107645
38110549,40000,34627,74627
38110551,85037,1708,86745
38110552,0,0,0
38110553,45960,56867,102827
38110554,121000,592,121592
38110557,57000,2194,59194
38110558,90000,324,90324
38110559,81000,301,81301
38110560,190290,66846,257136
38110562,24000,24906,48906
38110563,50000,1488,51488
38110564,5000,105315,110315
38110565,54000,0,54000
38110566,37500,261,37761
38110568,80000,93802,173802
38110569,46000,525,46525
38110570,43000,913,43913
38110571,89027,148,89175
38110573,70000,122,70122
38110574,32319,5684,38003
38110576,85000,1120,86120
38110577,88000,1719,89719
38110578,0,81758,81758
38110579,23500,146,23646
38110580,21000,965,21965
38110581,24000,682,24682
38110584,38000,12258,50258
38110585,44000,25345,69345
38110586,34000,1077,35077
38110587,40032,22197,62229
38110588,92,88051,88143
38110590,48025,1550,49575
38110591,50000,31554,81554
38110592,41000,861,41861
38110593,82077,1098,83175
38110594,0,92000,92000
38110595,50000,747,50747
38110596,53000,31,53031
38110597,51110,107887,158997
38110598,43091,727,43818
38110600,47000,197,47197
38110601,0,0,0
38110602,42000,19532,61532
38110603,47000,10852,57852
38110604,0,0,0
38110606,22050,51493,73543
38110607,52000,837,52837
38110705,38000,499,38499
38110706,15600,30428,46028
38110707,60000,3935,63935
38110708,60000,1468,61468
38110715,0,93243,93243
38110716,18,45359,45377
38110720,80051,19960,100011
38110722,75043,2265,77308
38110723,77000,1133,78133
38110729,30072,106614,136686
38110730,34000,821,34821
38110731,51000,500,51500
38110739,43529,500,44029
38110740,35180,2173,37353
38110742,95765,0,95765
38110752,26000,955,26955
38110754,50,31267,31317
38110768,27500,964,28464
38110769,30000,151,30151
38110776,38006,207,38213
38110778,29000,554,29554
38110788,83055,175,83230
38110790,30000,682,30682
38110795,85290,62125,147415
38110799,44500,133683,178183
38110800,90104,1075,91179
38110801,70000,724,70724
38110809,25000,58959,83959
38110811,0,97421,97421
38110813,27000,608,27608
38110823,129522,1925,131447
38110891,102000,189,102189
38110893,0,49526,49526
38110896,176368,137781,314149
38110899,92049,646,92695
38110908,35000,189,35189
38110911,33282,56781,90063
38110913,0,0,0
38110916,39300,333,39633
38110918,60000,609,60609
38110920,20,52012,52032
38110921,0,0,0
38110924,26341,800,27141
38110927,0,116170,116170
38110928,71390,49882,121272
38110932,607487,1339828,1947315
38110933,147000,211273,358273
38110934,134540,4691,139231
38110952,52000,1228,53228
38110953,25000,10561,35561
38110954,45000,87945,132945
38110956,35000,292,35292
38110957,0,0,0
38110958,27000,1844,28844
38110960,141170,54793,195963
38110961,0,51556,51556
38110962,68386,11750,80136
38110964,22000,1733,23733
38120001,444610,30839,475449
38120002,150000,107008,257008
38120003,211000,3340,214340
38120005,267722,244650,512372
38120006,431909,375939,807848
38120008,60851,228543,289394
38120009,119676,52,119728
38120010,56000,399,56399
38120011,0,1553,1553
38120012,94381,15488,109869
38120013,203289,10053,213342
38120014,521915,160234,682149
38120015,49584,112377,161961
38120016,551040,78000,629040
38120018,0,247629,247629
38120020,38000,11668,49668
38120021,315531,1938,317469
38120022,90168,1425,91593
38120023,85421,1446,86867
38120024,223540,0,223540
38120025,311831,120523,432354
38120026,80000,27867,107867
38120027,513131,50897,564028
38120031,104854,260,105114
38120033,36681,245298,281979
38120034,95000,4433,99433
38120036,112584,2841,115425
38120038,160048,214219,374267
38120039,160290,36524,196814
38120040,91490,257083,348573
38120041,80063,40520,120583
38120042,95136,265866,361002
38120043,93798,171999,265797
38120044,0,334,334
38120045,50103,86242,136345
38120046,51000,86,51086
38120047,218000,1904,219904
38120048,49700,492200,541900
38120049,46940,111270,158210
38120050,218200,3502,221702
38120051,49249,122634,171883
38120052,130000,166862,296862
38120053,57000,140567,197567
38120054,105000,164659,269659
38120055,121000,157,121157
38120056,104600,354,104954
38120057,0,203000,203000
38120058,110000,176054,286054
38120059,180000,5433,185433
38120060,37704,105410,143114
38120061,77987,148146,226133
38120062,198898,168439,367337
38120063,138622,1704,140326
38120068,30000,161426,191426
38120070,30000,42223,72223
38120071,30000,50516,80516
38120074,52000,670,52670
38120075,34000,605,34605
38120078,35000,1034888,1069888
38120079,36019,1293,37312
38120080,140000,126300,266300
38120083,48520,0,48520
38120084,39000,555,39555
38120085,49000,24866,73866
38120086,0,164774,164774
38120088,70000,25000,95000
38120089,50000,49836,99836
38120090,20000,31070,51070
38120092,35290,36762,72052
38120093,26000,74960,100960
38120095,39500,147,39647
38120102,70000,819,70819
38120105,0,170777,170777
38120107,38000,626,38626
38120108,25000,222905,247905
38120109,32000,50000,82000
38120110,40000,122008,162008
38120111,0,118580,118580
38120112,45000,23165,68165
38120139,26300,39728,66028
38120140,0,404,404
38120142,46620,43471,90091
38120145,73750,66609,140359
38120146,24500,77,24577
38120147,16500,467625,484125
38120148,286000,668,286668
38120149,39070,30766,69836
38120150,132000,84,132084
38120152,31000,1431,32431
38120153,42500,29933,72433
38120154,0,106105,106105
38120155,100000,58895,158895
38120156,0,64309,64309
38120157,0,204774,204774
38120158,30500,313,30813
38120161,90360,2915,93275
38120162,0,295874,295874
38120163,52320,78925,131245
38120166,85709,736,86445
38120167,65000,137197,202197
38120168,75000,10577,85577
38120169,0,120526,120526
38120170,87000,17033,104033
38120171,55002,11862,66864
38120172,79493,922,80415
38120174,109450,416,109866
38120175,40000,10400,50400
38120176,74418,48614,123032
38120179,64000,4916,68916
38120180,50000,49166,99166
38120184,68925,42685,111610
38120185,62000,218066,280066
38120186,143107,102004,245111
38120187,50899,511,51410
38120188,22000,102636,124636
38120190,78210,3892,82102
38120191,47066,83830,130896
38120192,100000,147361,247361
38120193,9500,74164,83664
38120194,49929,109635,159564
38120195,78000,177,78177
38120196,260782,0,260782
38120197,65576,14310,79886
38120198,0,65250,65250
38120199,95000,5048,100048
38120200,58500,2748,61248
38120201,21638,36286,57924
38120202,55000,24069,79069
38120203,40326,0,40326
38120204,118000,16060,134060
38120205,87000,76934,163934
38120206,87000,199359,286359
38120207,90000,115362,205362
38120208,91500,3569,95069
38120209,75000,10366,85366
38120210,100000,84189,184189
38120211,80000,61002,141002
38120212,0,305555,305555
38120214,72000,61526,133526
38120216,45000,5110,50110
38120217,70000,25570,95570
38120218,35000,90659,125659
38120219,77000,584,77584
38120220,112825,34581,147406
38120222,124000,5279,129279
38120223,50000,49424,99424
38120224,30000,40908,70908
38120225,69619,825,70444
38120226,44000,2222,46222
38120227,65000,635,65635
38120228,107149,2,107151
38120229,44000,4776,48776
38120231,30000,27631,57631
38120233,36405,37794,74199
38120234,0,80590,80590
38120235,25000,23374,48374
38120236,15400,66865,82265
38120237,50000,9342,59342
38120238,131000,37689,168689
38120239,115000,11279,126279
38120240,60000,11887,71887
38120241,118600,165248,283848
38120242,30000,52448,82448
38120243,44000,91197,135197
38120245,0,44165,44165
38120246,48000,58320,106320
38120247,31000,1072,32072
38120248,40000,66177,106177
38120249,45000,1245,46245
38120250,47000,17579,64579
38120251,146000,16555,162555
38120252,30000,27200,57200
38120254,48460,38522,86982
38120255,65000,59168,124168
38120256,93000,21171,114171
38120257,63920,83104,147024
38120258,11000,98934,109934
38120259,120000,94037,214037
38120260,70000,14899,84899
38120261,35000,42352,77352
38120262,78000,886,78886
38120264,36000,29943,65943
38120265,15000,28227,43227
38120266,63932,26947,90879
38120267,33870,2636,36506
38120269,24338,42216,66554
38120270,30000,791,30791
38120271,122000,6612,128612
38120272,60000,26901,86901
38120273,31000,930,31930
38120274,25000,12595,37595
38120275,25000,327,25327
38120276,35000,548,35548
38120277,37000,80624,117624
38120278,0,124154,124154
38120280,4000,53450,57450
38120281,96500,1500,98000
38120282,20000,56087,76087
38120285,43000,85755,128755
38120299,60000,49925,109925
38120307,75000,4000,79000
38120308,0,97515,97515
38120309,28000,27000,55000
38120311,45000,80358,125358
38120312,20000,124000,144000
38120313,0,104064,104064
38120314,78000,115,78115
38120315,20000,50000,70000
38120316,77000,84000,161000
38120318,50000,7000,57000
38120319,52000,110,52110
38120320,87247,28586,115833
38120321,15217,130315,145532
38120322,66000,309,66309
38120323,66396,16,66412
38120324,60000,45927,105927
38120325,0,29830,29830
38120326,57000,39705,96705
38120327,120000,212054,332054
38120328,200211,5074,205285
38120329,30000,127576,157576
38120330,90000,123467,213467
38120331,124000,1000,125000
38120332,70000,7540,77540
38120333,20000,20293,40293
38120335,50000,48172,98172
38120346,38000,303,38303
38120348,80800,1200,82000
38120349,62000,44050,106050
38120350,92700,26072,118772
38120351,50000,21066,71066
38120352,5000,35584,40584
38120353,30000,54848,84848
38120354,30000,10548,40548
38120355,40000,39832,79832
38120356,35000,2000,37000
38120358,83000,31000,114000
38120359,57000,34191,91191
38120378,0,88869,88869
38120382,62940,17,62957
38120384,0,74677,74677
38120390,36800,193741,230541
38120391,0,0,0
38120393,0,75874,75874
38120396,48024,23933,71957
38120399,0,161553,161553
38120413,49500,4330,53830
38120414,15000,54102,69102
38120438,49000,53275,102275
38120444,48945,47396,96341
38120452,0,37530,37530
38120457,8500,67005,75505
38120459,0,174854,174854
38120460,40000,36116,76116
38120461,60880,35567,96447
38120466,9912,18158,28070
38120467,35000,69616,104616
38120469,58230,0,58230
38120502,70000,23253,93253
38120510,50000,35830,85830
38120511,99113,32590,131703
38120513,50000,68500,118500
38120514,165000,43706,208706
38120515,70973,136680,207653
38120517,0,86564,86564
38120526,66199,57,66256
38120527,49000,129,49129
38120528,16400,111,16511
38120529,50000,5907,55907
38120530,40000,1394,41394
38120531,98491,200,98691
38130001,300348,169137,469485
38130004,209855,466047,675902
38130005,90150,79827,169977
38130006,0,349968,349968
38130007,266227,3973,270200
38130008,195000,153656,348656
38130009,0,0,0
38130010,0,399650,399650
38130011,117500,22185,139685
38130012,45000,6523,51523
38130013,161658,160438,322096
38130014,26100,196229,222329
38130015,61587,549009,610596
38130016,50000,43090,93090
38130017,297000,175833,472833
38130018,0,0,0
38130019,90000,79250,169250
38130020,177224,183,177407
38130021,142000,30788,172788
38130022,319500,394,319894
38130023,149820,201817,351637
38130025,142000,748,142748
38130027,96000,128751,224751
38130028,379506,0,379506
38130029,58000,132500,190500
38130030,44000,1214,45214
38130031,0,0,0
38130032,92311,585,92896
38130033,155950,89278,245228
38130034,62000,69576,131576
38130035,85000,1618,86618
38130036,70000,984,70984
38130037,47000,768,47768
38130038,60000,510,60510
38130039,0,0,0
38130040,23600,746,24346
38130041,0,0,0
38130042,0,0,0
38130043,0,0,0
38130045,52000,802,52802
38130047,0,0,0
38130048,33154,51000,84154
38130052,65500,2067,67567
38130053,80000,47288,127288
38130057,0,0,0
38130058,180000,1411,181411
38130059,173000,127512,300512
38130065,268000,7118,275118
38130066,137533,12980,150513
38130067,54360,1521,55881
38130068,72800,3535,76335
38130069,0,25295,25295
38130070,48000,15031,63031
38130071,42000,67121,109121
38130072,78000,1287,79287
38130073,85000,96999,181999
38130075,86244,2292,88536
38130076,22000,161,22161
38130077,29000,709,29709
38130078,49000,38619,87619
38130079,56000,1574,57574
38130080,46500,34798,81298
38130081,109767,0,109767
38130084,73000,1005,74005
38130086,50000,52200,102200
38130087,37371,620,37991
38130088,56273,545,56818
38130089,0,195542,195542
38130090,53000,39563,92563
38130091,162000,42330,204330
38130092,67000,7011,74011
38130093,120000,42752,162752
38130094,79000,676,79676
38130095,63000,2724,65724
38130096,92000,134376,226376
38130097,80000,6808,86808
38130098,55000,907,55907
38130099,100000,5245,105245
38130104,91000,58378,149378
38130105,0,806,806
38130106,36000,2946,38946
38130108,171500,797,172297
38130109,125000,916,125916
38130110,0,258217,258217
38130111,49000,62497,111497
38130114,70000,27974,97974
38130115,0,44797,44797
38130116,49500,132832,182332
38130117,50000,26284,76284
38130119,160000,204376,364376
38130121,95848,669,96517
38130122,38000,245,38245
38130123,25800,516,26316
38130125,103500,6537,110037
38130126,60000,31726,91726
38130127,77500,746,78246
38130128,0,0,0
38130131,90000,62877,152877
38130133,72000,397,72397
38130134,51500,474,51974
38130135,75000,95,75095
38130137,43000,885,43885
38130142,87900,1362,89262
38130143,50000,2016,52016
38130147,54000,713,54713
38130149,53000,292,53292
38130150,22000,22641,44641
38130151,25000,21620,46620
38130152,0,44347,44347
38130153,0,0,0
38130157,33000,10204,43204
38130158,97000,70895,167895
38130159,48000,51045,99045
38130160,24200,7499,31699
38130162,100000,51000,151000
38130164,52000,314,52314
38130166,23999,491,24490
38130168,84000,890,84890
38130169,0,30539,30539
38130170,120000,327327,447327
38130172,80000,324180,404180
38130174,55300,39470,94770
38130175,31290,3041,34331
38130177,36000,503,36503
38130178,62000,41,62041
38130180,24000,865,24865
38130181,0,65953,65953
38130182,0,45312,45312
38130183,58500,42843,101343
38130184,0,94660,94660
38130185,43000,441,43441
38130186,55000,2024,57024
38130187,47000,34634,81634
38130188,129000,931,129931
38130189,0,0,0
38130190,0,0,0
38130191,15000,80257,95257
38130192,85000,11584,96584
38130193,168657,95010,263667
38130194,40000,444,40444
38130196,30000,59895,89895
38130197,0,135023,135023
38130198,0,0,0
38130199,80900,85,80985
38130200,280225,74582,354807
38130201,0,0,0
38130202,44000,1235,45235
38130203,67000,239,67239
38130204,22000,389,22389
38130205,78000,3261,81261
38130206,102460,4581,107041
38130208,0,214028,214028
38130209,55210,1543,56753
38130210,37500,1025,38525
38130211,85000,2690,87690
38130212,36000,459,36459
38130214,65000,1929,66929
38130216,72000,127,72127
38130217,22000,1900,23900
38130218,158000,444,158444
38130219,40000,5422,45422
38130224,39000,393,39393
38130226,60000,91463,151463
38130229,68000,360,68360
38130230,178000,20706,198706
38130233,31450,52303,83753
38130234,57746,0,57746
38130236,42000,1399,43399
38130237,30670,3,30673
38130238,100000,89678,189678
38130239,105000,5416,110416
38130240,158000,99,158099
38130242,23000,262,23262
38130246,70000,516,70516
38130250,100000,10383,110383
38130254,39530,1183,40713
38130256,120290,8860,129150
38130257,55000,39215,94215
38130258,197000,315246,512246
38130267,52000,82118,134118
38130268,38000,1227,39227
38130269,46000,32230,78230
38130275,53000,40384,93384
38130276,48000,3333,51333
38130277,55000,342,55342
38130278,25000,351,25351
38130279,55142,10552,65694
38130280,55500,156,55656
38130281,50000,824,50824
38130300,72000,1154,73154
38130301,24000,38558,62558
38130302,54000,261,54261
38130304,36700,54854,91554
38130305,43343,1400,44743
38130306,60417,278,60695
38130307,31882,30000,61882
38130308,120000,1085,121085
38130309,65000,46,65046
38130310,49000,4780,53780
38130319,25000,719,25719
38130320,0,55747,55747
38130321,22000,362,22362
38130322,53000,1780,54780
38140001,225245,1109609,1334854
38140002,249999,361366,611365
38140004,334272,1862,336134
38140007,86500,350,86850
38140017,0,173042,173042
38140019,0,250099,250099
38140025,395447,823668,1219115
38140026,92470,145912,238382
38140028,0,1174,1174
38140029,0,0,0
38140030,23000,73078,96078
38140032,167500,342,167842
38140034,302447,697786,1000233
38140035,141606,348,141954
38140037,96,2816,2912
38140043,157453,1184,158637
38140044,0,131930,131930
38140045,108853,1686,110539
38140046,274675,73081,347756
38140047,150000,245753,395753
38140048,195000,17981,212981
38140065,138000,121022,259022
38140066,0,0,0
38140067,34290,387,34677
38140076,180000,24578,204578
38140081,113500,2037,115537
38140082,50000,303423,353423
38140092,248000,50410,298410
38140093,180003,0,180003
38140094,276000,105799,381799
38140095,13461,250000,263461
38140096,0,108758,108758
38140097,150978,92750,243728
38140098,164510,434557,599067
38140113,150000,165000,315000
38140114,67000,1154,68154
38140116,50000,6294,56294
38140117,40000,10501,50501
38140118,22000,0,22000
38140119,39000,500,39500
38140120,49000,800,49800
38140121,50000,6000,56000
38140122,21000,1482,22482
38140123,30000,34848,64848
38140125,0,74500,74500
38140126,41000,1259,42259
38140127,0,0,0
38140128,50000,25696,75696
38140129,0,23260,23260
38140130,0,0,0
38140131,0,0,0
38140132,0,0,0
38140135,0,0,0
38140136,63000,655,63655
38140137,39000,631,39631
38140138,0,99573,99573
38140139,40000,500,40500
38140203,189666,272016,461682
38140204,31800,53326,85126
38140205,25000,5550,30550
38140206,58000,1664,59664
38140207,40290,70806,111096
38140208,23000,37794,60794
38140209,22000,500,22500
38140210,24500,237,24737
38140211,52000,5000,57000
38140212,82000,3268,85268
38140214,99130,917080,1016210
38140215,27000,850,27850
38140216,46000,867,46867
38140217,45000,44242,89242
38140218,0,99989,99989
38140219,50000,44734,94734
38140220,0,64782,64782
38140221,50000,6108,56108
38140222,0,238803,238803
38140224,34000,2419,36419
38140225,42760,474,43234
38140226,68000,46848,114848
38140227,67035,1231,68266
38140230,33000,700,33700
38140231,57000,420,57420
38140233,30000,37470,67470
38140234,76500,211,76711
38140235,40105,108230,148335
38140238,49000,593,49593
38140239,94000,1830,95830
38140241,56638,196,56834
38140243,51000,50344,101344
38140244,18000,35184,53184
38140245,30000,10231,40231
38140246,22000,46200,68200
38140247,30000,25320,55320
38140248,49000,162,49162
38140249,97000,74306,171306
38140250,111000,1686,112686
38140251,119000,846,119846
38140252,70000,1626,71626
38140253,40471,312,40783
38140254,66800,47,66847
38140255,35000,641,35641
38140257,161000,1084,162084
38140258,100000,12633,112633
38140260,41000,3377,44377
38140263,115000,3076,118076
38140264,49000,158907,207907
38140265,47000,37000,84000
38140267,35000,12391,47391
38140268,100000,55789,155789
38140269,129000,542,129542
38140283,65000,1006,66006
38140287,0,0,0
38140288,0,43816,43816
38140289,25021,31561,56582
38140290,50000,36600,86600
38140291,0,0,0
38140292,0,300,300
38140293,29000,685,29685
38140296,0,0,0
38140297,0,0,0
38140298,146700,447,147147
38140300,272262,36000,308262
38140301,133505,12701,146206
38140302,66774,725,67499
38140303,21000,25585,46585
38140304,59300,613,59913
38140305,2,1220,1222
38140337,93000,311,93311
38140338,0,0,0
38140339,27000,25,27025
38140340,0,0,0
38140341,0,398,398
38140342,0,0,0
38140343,0,0,0
38140345,0,0,0
38140361,50000,3897,53897
38140362,35100,10995,46095
38140363,36000,784,36784
38140364,60000,34000,94000
38140365,48000,1600,49600
38140366,35000,35121,70121
38140367,49000,128825,177825
38140368,66616,384,67000
38140369,58000,1495,59495
38140370,87000,149,87149
38140372,20000,525,20525
38140373,0,0,0
38140374,50000,93093,143093
38140375,0,0,69
38140376,36500,489,36989
38140392,0,32536,32536
38140400,20000,126953,146953
38140404,10000,15655,25655
38140405,50000,94563,144563
38140406,35000,51062,86062
38140407,22000,833,22833
38140420,30000,10785,40785
38140424,0,0,0
38140473,237176,51748,288924
38140512,100127,12045,112172
38140612,0,91702,91702
38140613,80000,23252,103252
38140615,35000,32200,67200
38140616,30000,82913,112913
38140617,150000,239874,389874
38140618,50000,307,50307
38140621,34008,50215,84223
38140622,47000,105000,152000
38140623,25000,2976,27976
38140624,140228,1502,141730
38140625,44000,5000,49000
38140626,50000,105112,155112
38140627,100000,102801,202801
38140628,23000,15571,38571
38140629,127563,18457,146020
38140630,89204,30046,119250
38140631,50000,23693,73693
38140632,25000,5151,30151
38140633,70000,274,70274
38140634,40000,66178,106178
38140636,96000,0,96000
38140638,51500,4403,55903
38140639,233214,4500,237714
38140640,41347,147389,188736
38140641,0,159319,159319
38140642,0,70019,70019
38140643,120000,500,120500
38140644,140000,91216,231216
38140645,0,96170,96170
38140646,200000,1000,201000
38140648,0,90500,90500
38140649,56000,35018,91018
38140650,25000,50608,75608
38140651,103500,1323,104823
38140652,53400,0,53400
38140653,0,80086,80086
38140654,28000,43,28043
38140656,88000,900,88900
38140657,31026,170,31196
38140658,350000,237994,587994
38140659,100000,64493,164493
38140660,0,159566,159566
38140661,100000,45683,145683
38140662,147500,85225,232725
38140664,40000,1000,41000
38140665,98564,368197,466761
38140666,100000,31609,131609
38140667,0,0,0
38140668,140000,139000,279000
38140669,53700,66,53766
38140670,96500,49355,145855
38140671,120000,242,120242
38140672,60000,35000,95000
38140673,50000,75163,125163
38140675,41000,939,41939
38140676,30000,1646,31646
38140677,89103,508100,597203
38140678,125572,93428,219000
38140679,122000,992,122992
38140680,140000,100714,240714
38140681,91240,654,91894
38140682,89000,68152,157152
38140683,147000,70000,217000
38140684,100000,47000,147000
38140685,55946,518776,574722
38140686,110000,966,110966
38140687,0,545,545
38140688,52000,826,52826
38140689,50341,13562,63903
38140690,4750,42750,47500
38140691,100000,121565,221565
38140692,50000,600,50600
38140693,0,0,0
38140694,50400,0,50400
38140695,0,44637,44637
38140696,80000,93806,173806
38140699,50000,11783,61783
38140700,90000,129705,219705
38140701,85000,15,85015
38140702,95000,71032,166032
38140703,210027,71035,281062
38140704,93000,389,93389
38140711,0,55812,55812
38140831,50000,79178,129178
38140835,84000,1101,85101
38140836,50000,84,50084
38140844,0,0,0
38140845,23000,1192,24192
38140846,54000,809,54809
38140849,40000,1006,41006
38140853,60000,64344,124344
38140854,120500,222,120722
38140856,34000,769,34769
38140857,48000,510,48510
38140859,30000,37643,67643
38140861,72000,485,72485
38140862,30000,2412,32412
38140865,121000,529,121529
38140866,54000,1126,55126
38140867,30000,1050,31050
38140868,59000,3927,62927
38140872,63000,1281,64281
38140873,62000,837,62837
38140875,100000,78931,178931
38140876,43500,6620,50120
38140877,0,0,0
38140880,32000,54591,86591
38140883,65000,22000,87000
38140884,0,123166,123166
38140885,45000,14957,59957
38140887,45000,14235,59235
38140902,46000,1282,47282
38140903,0,400,400
38140904,28000,61418,89418
38140915,0,0,0
38140916,21500,189,21689
38140917,84097,81369,165466
38140918,51948,586,52534
38140930,76774,114838,191612
38210008,0,37492,37492
38210063,0,10,10
38210070,0,712,712
38210099,0,2317,2317
38210102,0,1000,1000
38210110,0,280,280
38210113,0,2917,2917
38210116,0,4195,4195
38210121,0,569,569
38210122,0,1202,1202
38210123,0,61,61
38210124,0,527,527
38210127,0,983,983
38210129,27000,348,27348
38210130,4000,593,4593
38210131,45000,13702,58702
38210136,0,31154,31154
38210137,0,283,283
38210138,0,254,254
38210146,0,12815,12815
38210149,0,64132,64132
38210154,0,128610,128610
38210156,40,46220,46260
38210157,0,8726,8726
38210159,0,31701,31701
38210161,0,570,570
38210162,0,0,810
38210164,0,59293,59293
38210165,11,27686,27697
38210166,0,0,0
38210168,0,2099,2099
38210169,2,20205,20207
38210170,0,1889,1889
38210172,30820,17717,48537
38210173,46146,2043,48189
38210174,0,2600,2600
38210175,0,976,976
38210176,0,1776,1776
38210177,0,36,36
38210178,0,872,872
38210180,0,1399,1399
38210182,0,2870,2870
38210183,0,1156,1156
38210184,0,1519,1519
38210185,0,875,875
38210186,0,745,745
38210187,0,7433,7433
38210188,0,22967,22967
38210189,0,556,556
38210190,12000,3876,15876
38210191,0,2253,2253
38210192,0,1046,1046
38210193,0,1265,1265
38210195,0,1214,1214
38210197,0,112,112
38210198,0,462,462
38210200,0,1181,1181
38210253,7500,483,7983
38210254,50000,20677,70677
38210255,0,27873,27873
38210256,0,7800,7800
38210257,100000,11724,111724
38210258,49618,41650,91268
38210259,129500,270757,400257
38210260,0,42375,42375
38210261,12000,363,12363
38210262,50000,28331,78331
38210263,189000,967,189967
38210264,8371,601,8972
38210265,0,99,99
38210266,0,177,177
38210268,0,1235,1235
38210269,0,44,44
38210270,0,41288,41288
38210271,35290,27603,62893
38210272,8800,58,8858
38210274,0,1271,1271
38210276,48000,994,48994
38210278,0,1133,1133
38210280,3832,212,4044
38210281,0,536,536
38210282,0,3859,3859
38210283,0,1131,1131
38210284,0,4370,4370
38210285,0,2076,2076
38210286,0,1399,1399
38210287,0,423,423
38210289,0,143,143
38210290,0,329,329
38210292,0,853,853
38210295,0,635,635
38210296,55000,8076,63076
38210297,38000,953,38953
38210298,0,409,409
38210299,0,383,383
38210301,10000,541,10541
38210302,0,20615,20615
38210303,45000,10779,55779
38210304,0,5,5
38210369,0,669,669
38210370,0,3753,3753
38210371,55000,60261,115261
38210372,0,335,335
38210373,0,689,689
38210374,0,1759,1759
38210375,8000,861,8861
38210377,0,567,567
38210378,0,1113,1113
38210379,0,552,552
38210380,1400,47613,49013
38210381,0,11095,11095
38210382,0,556,556
38210383,60000,1498,61498
38210384,0,51269,51269
38210385,0,199298,199298
38210386,0,2691,2691
38210387,10000,20296,30296
38210389,0,1935,1935
38210390,0,0,5239
38210391,0,542,542
38210392,0,1452,1452
38210393,0,0,699
38210394,0,29114,29114
38210396,0,684,684
38210397,0,135,135
38210399,0,76655,76655
38210400,0,50721,50721
38210401,0,854,854
38210402,0,42201,42201
38210403,0,1407,1407
38210405,0,199,199
38210407,0,1343,1343
38210408,0,50923,50923
38210410,0,936,936
38210411,0,914,914
38210412,0,5775,5775
38210413,0,66945,66945
38210414,0,5343,5343
38210415,0,12105,12105
38210416,0,973,973
38210417,0,480,480
38210418,0,958,958
38210419,0,4264,4264
38210420,0,2019,2019
38210423,0,1472,1472
38210424,0,1310,1310
38210425,33841,564,34405
38210426,0,542,542
38210427,0,89807,89807
38210428,0,1000,1000
38210429,0,3891,3891
38210430,0,61500,61500
38210431,0,456,456
38210432,0,5754,5754
38210433,8685,7716,16401
38210434,0,310,310
38210435,0,2112,2112
38210436,0,50137,50137
38210437,0,105,105
38210440,0,70258,70258
38210441,0,572,572
38210442,0,52086,52086
38210443,0,991,991
38210444,0,1718,1718
38210447,0,42484,42484
38210448,0,21389,21389
38210449,0,1423,1423
38210450,0,3794,3794
38210451,0,1241,1241
38210452,0,363,363
38210455,40000,2630,42630
38210456,0,3332,3332
38210457,0,33,33
38210458,0,956,956
38210459,0,1025,1025
38210460,114092,11457,125549
38210461,34035,24579,58614
38210463,0,229,229
38210464,55000,16545,71545
38210465,0,728,728
38210467,1400,2017,3417
38210490,0,22175,22175
38210491,0,19,19
38210492,0,2844,2844
38210493,0,974,974
38210494,0,210,210
38210495,0,1184,1184
38210496,0,920,920
38210497,0,688,688
38210498,0,74329,74329
38210502,0,399,399
38210504,0,3371,3371
38210505,0,330,330
38210509,0,601,601
38210510,0,2159,2159
38210511,27000,649,27649
38210513,0,74000,74000
38210514,0,1386,1386
38210516,0,3076,3076
38210517,0,62,62
38210518,0,309,309
38210519,0,4026,4026
38210521,0,1310,1310
38210523,0,1136,1136
38210525,0,735,735
38210526,0,473,473
38210528,0,839,839
38210530,0,20182,20182
38210531,0,10598,10598
38210533,0,502,502
38210536,0,1760,1760
38210537,0,27,27
38210539,0,1445,1445
38210540,0,568,568
38210541,0,412,412
38210542,0,390,390
38210544,0,749,749
38210545,0,55,55
38210546,0,691,691
38210547,0,742,742
38210582,0,705,705
38210589,82460,540,83000
38210590,0,678,678
38210591,0,1031,1031
38210592,0,979,979
38210593,0,819,819
38210594,0,94,94
38210595,0,0,2761
38210596,190580,40484,231064
38210597,15000,26357,41357
38210599,0,292,292
38210600,0,6379,6379
38210603,0,271,271
38210604,10000,11023,21023
38210605,0,2560,2560
38210606,0,1000,1000
38210607,0,1509,1509
38210608,4800,32,4832
38210609,0,50,50
38210610,20000,1300,21300
38210611,0,0,10
38210614,0,663,663
38210616,0,43,43
38210617,0,6693,6693
38210618,0,1397,1397
38210619,0,250,250
38210620,0,1500,1500
38210621,0,390,390
38210622,0,540,540
38210623,0,8000,8000
38210624,0,10,10
38210625,20000,4398,24398
38210626,0,146,146
38210627,0,5726,5726
38210628,0,749,749
38210631,0,2003,2003
38210634,0,1663,1663
38210635,0,994,994
38210636,0,28343,28343
38210637,0,2968,2968
38210638,0,1291,1291
38210639,0,0,0
38210641,0,1133,1133
38210642,4000,882,4882
38210644,0,1313,1313
38210645,0,1340,1340
38210646,13739,4298,18037
38210647,0,4547,4547
38210651,0,5560,5560
38210652,0,7593,7593
38210715,0,1412,1412
38210716,0,2376,2376
38210718,0,332,332
38210720,0,988,988
38210721,0,1026,1026
38210723,0,25,25
38210725,0,108,108
38210726,0,107,107
38210727,0,406,406
38210728,0,529,529
38210729,0,674,674
38210730,0,990,990
38210731,0,46,46
38210732,0,6793,6793
38210734,98,1500,1598
38210735,0,422,422
38210736,0,0,83
38210737,0,863,863
38210739,0,623,623
38210741,0,330,330
38210742,0,290,290
38210743,0,1049,1049
38210744,0,67,67
38210746,0,37834,37834
38210747,0,510,510
38210748,0,1341,1341
38210763,0,67400,67400
38210764,0,5019,5019
38210765,0,70,70
38210766,0,69,69
38210769,0,2727,2727
38210770,0,839,839
38210772,0,0,0
38210773,8500,409,8909
38210775,0,783,783
38210776,0,2000,2000
38210778,0,1525,1525
38210780,0,60,60
38210781,0,889,889
38210782,0,0,0
38210783,0,1411,1411
38210784,0,0,0
38210785,0,1531,1531
38210786,0,428,428
38210787,0,85,85
38210788,0,344,344
38210789,0,1597,1597
38210790,0,20,20
38210791,0,41700,41700
38210792,0,10062,10062
38210793,0,4212,4212
38210794,200348,26384,226732
38210807,0,100,100
38210808,13500,11184,24684
38210809,0,59,59
38210810,0,124291,124291
38210811,0,769,769
38210812,5122,138164,143286
38210813,30000,207797,237797
38210814,7690,222,7912
38210815,0,599,599
38210827,0,760,760
38210828,0,3760,3760
38210829,0,3486,3486
38210830,52000,12859,64859
38210831,0,1172,1172
38210832,0,9481,9481
38210833,0,1452,1452
38210834,112574,134598,247172
38210835,0,0,0
38210838,0,4263,4263
38210839,0,1105,1105
38210840,57050,227236,284286
38210841,153680,69163,222843
38210842,0,4131,4131
38210843,0,22269,22269
38210844,200000,90000,290000
38210850,40000,192356,232356
38210851,413377,1741,415118
38210853,250000,223591,473591
38210854,0,1416,1416
38210855,120000,14459,134459
38210856,0,152954,152954
38210857,150100,204407,354507
38210858,238513,1227,239740
38210859,0,511,511
38210869,83000,173771,256771
38210870,259362,56000,315362
38210871,0,109919,109919
38210872,100000,320662,420662
38210873,0,1710,1710
38210874,0,410,410
38210875,0,0,0
38210876,0,211409,211409
38210878,0,1106,1106
38210881,0,1266,1266
38210882,0,0,0
38210883,125680,193583,319263
38210887,280000,498828,778828
38210890,378210,61430,439640
38210891,366537,285186,651723
38210892,0,195398,195398
38210893,938353,758384,1696737
38210895,70000,48673,118673
38210897,0,0,0
38210898,0,374,374
38210900,104000,8000,112000
38210902,0,153118,153118
38210905,0,11,11
38210906,0,14280,14280
38210909,50000,64593,114593
38210910,0,336,336
38210911,0,40154,40154
38210912,185670,386517,572187
38210915,325000,169739,494739
38210919,0,0,0
38210920,252236,212000,464236
38210921,262000,514,262514
38210923,0,0,319
38210924,0,67328,67328
38210925,122396,356099,478495
38210926,192435,440383,632818
38210928,98471,489538,588009
38210929,334603,1427000,1761603
38210930,263835,306105,569940
38210932,55158,348726,403884
38210935,160598,845175,1005773
38210936,0,197,197
38210937,0,442,442
38210938,20000,222500,242500
38210939,0,746777,746777
38210941,218736,1048875,1267611
38210949,0,51678,51678
38210950,0,1133,1133
38210951,0,326,326
38210960,10000,3316,13316
38210962,0,1421,1421
38210963,0,355,355
38210964,0,1571,1571
38210965,0,426,426
38210967,0,403,403
38210968,0,244,244
38210969,0,24307,24307
38210970,0,41188,41188
38210972,0,34,34
38220003,0,134890,134890
38220005,85000,6689,91689
38220006,42001,15396,57397
38220007,40000,14496,54496
38220008,27500,41869,69369
38220009,42035,773,42808
38220011,50000,2698,52698
38220015,70455,2132,72587
38220017,0,27247,27247
38220018,35,18488,18523
38220019,23035,1152,24187
38220021,53318,214,53532
38220022,40035,46105,86140
38220023,47035,487,47522
38220025,49000,2207,51207
38220027,0,69484,69484
38220029,50000,94678,144678
38220032,100651,63929,164580
38220033,58070,74,58144
38220034,30000,15045,45045
38220035,40000,72401,112401
38220036,35,73300,73335
38220037,45000,76621,121621
38220038,0,64320,64320
38220039,66101,717,66818
38220040,33000,472,33472
38220041,26000,1705,27705
38220042,0,51493,51493
38220043,19000,531,19531
38220044,25035,3472,28507
38220045,70420,16908,87328
38220046,42500,24700,67200
38220047,46035,320,46355
38220048,50000,9700,59700
38220049,21535,315,21850
38220050,20000,3382,23382
38220051,20035,2608,22643
38220052,40000,22279,62279
38220053,0,198091,198091
38220054,97035,2087,99122
38220055,30000,7218,37218
38220056,42700,2252,44952
38220057,15035,7966,23001
38220058,50000,79159,129159
38220059,0,61616,61616
38220060,0,54389,54389
38220061,50000,878,50878
38220062,35,24016,24051
38220063,24000,23700,47700
38220064,55375,327,55702
38220065,40035,26075,66110
38220066,0,0,0
38220067,39016,417,39433
38220068,0,21118,21118
38220069,0,32544,32544
38220071,30000,4594,34594
38220072,50000,818,50818
38220073,0,5201,5201
38220074,100000,2491,102491
38220075,45000,2074,47074
38220076,58000,1379,59379
38220077,130000,7558,137558
38220078,24000,41782,65782
38220079,28000,190,28190
38220080,100000,36323,136323
38220081,85510,12100,97610
38220082,0,84364,84364
38220083,65000,1310,66310
38220084,219104,110700,329804
38220085,38035,1721,39756
38220086,80573,3808,84381
38220087,0,52696,52696
38220088,69449,106324,175773
38220089,490,21278,21768
38220090,241475,26079,267554
38220091,0,37211,37211
38220092,20035,100,20135
38220093,28000,1828,29828
38220094,68408,65,68473
38220095,37000,63,37063
38220096,34000,280,34280
38220097,33000,609,33609
38220098,0,104092,104092
38220099,0,187738,187738
38220100,120867,1335,122202
38220101,45035,545,45580
38220102,0,136425,136425
38220103,0,25590,25590
38220104,225000,5249,230249
38220106,0,9315,9315
38220107,35,106323,106358
38220109,0,36325,36325
38220110,37035,37330,74365
38220111,0,75878,75878
38220112,29186,29860,59046
38220113,168995,575066,744061
38220115,97000,1767,98767
38220116,38000,4115,42115
38220118,26000,400,26400
38220119,0,91521,91521
38220120,25696,317,26013
38220121,0,0,0
38220122,0,109737,109737
38220124,74000,1241,75241
38220126,30000,25943,55943
38220127,50070,77011,127081
38220129,42000,4397,46397
38220130,15000,13118,28118
38220131,48000,1014,49014
38220132,42035,1231,43266
38220133,45000,1256,46256
38220134,80000,9568,89568
38220135,24000,486,24486
38220136,70500,831,71331
38220137,27000,2272,29272
38220138,44500,958,45458
38220139,24000,604,24604
38220140,33000,757,33757
38220141,41000,105,41105
38220142,40535,1044,41579
38220143,90385,41606,131991
38220144,27000,565,27565
38220145,20000,3801,23801
38220146,45000,71775,116775
38220147,32000,948,32948
38220148,118000,22927,140927
38220149,0,0,0
38220150,20000,18398,38398
38220151,7000,822,7822
38220152,51570,1832,53402
38220154,60395,302,60697
38220155,60360,15249,75609
38220156,0,0,0
38220157,90000,20441,110441
38220158,0,281993,281993
38220159,0,0,0
38220160,0,116322,116322
38220162,0,21529,21529
38220163,75035,134976,210011
38220164,18000,1438,19438
38220165,0,2716,2716
38220166,38500,100,38600
38220167,58000,11396,69396
38220168,0,0,0
38220169,50522,88814,139336
38220170,99400,94,99494
38220171,62000,4507,66507
38220172,0,331,331
38220173,25035,194419,219454
38220174,31000,880,31880
38220175,49759,42506,92265
38220176,111545,1707,113252
38220177,20000,40000,60000
38220178,43000,1323,44323
38220179,24000,668,24668
38220180,23500,353,23853
38220181,0,21068,21068
38220182,65496,23626,89122
38220183,0,63972,63972
38220184,0,0,0
38220185,25000,2566,27566
38220186,19000,886,19886
38220187,95035,49471,144506
38220188,78000,558,78558
38220189,120035,51252,171287
38220192,40000,4063,44063
38220193,0,133708,133708
38220194,35000,24644,59644
38220195,0,29069,29069
38220196,450,88984,89434
38220198,0,44117,44117
38220200,60000,5126,65126
38220201,75000,16780,91780
38220202,64820,17946,82766
38220203,120120,998,121118
38220207,70000,83053,153053
38220208,30000,13835,43835
38220209,50000,31901,81901
38220210,23000,680,23680
38220211,0,1386,1386
38220212,0,81502,81502
38220213,62000,647,62647
38220214,36000,1477,37477
38220215,0,45235,45235
38220216,106000,419,106419
38220217,60360,55202,115562
38220219,0,972,972
38220221,0,20986,20986
38220222,30000,53382,83382
38220223,147070,2539,149609
38220224,100035,155700,255735
38220225,190395,5298,195693
38220226,0,91312,91312
38220227,174,154761,154935
38220228,50058,78173,128231
38220229,256855,5623,262478
38220230,99035,53050,152085
38220231,0,831,831
38220232,100000,25342,125342
38220233,318169,53814,371983
38220234,50000,113943,163943
38220235,119211,468,119679
38220236,60645,2970,63615
38220237,30000,3494,33494
38220238,100000,209876,309876
38220239,126000,983,126983
38220240,0,0,0
38220241,50035,66202,116237
38220242,171000,166,171166
38220243,60000,3000,63000
38220244,131000,47047,178047
38220245,0,2704,2704
38220246,100000,298277,398277
38220247,199600,372165,571765
38220248,227124,14,227138
38220249,0,4707,4707
38220250,0,449,449
38220251,199990,183208,383198
38220252,0,1446,1446
38220253,86070,1391,87461
38220254,148888,1211,150099
38220255,93000,293,93293
38220256,92709,52822,145531
38220257,100058,90272,190330
38220258,45000,135248,180248
38220259,0,775,775
38220260,153903,2465,156368
38220261,200425,36000,236425
38220262,0,248571,248571
38220263,300070,1306813,1606883
38220264,50058,162060,212118
38220265,0,143744,143744
38220266,83025,20887,103912
38220267,143000,19108,162108
38220280,0,68293,68293
38220281,0,0,0
38220282,0,3505,3505
38220300,0,27871,27871
38220302,49000,83197,132197
38220305,0,28982,28982
38220306,54359,1038,55397
38220307,30035,580,30615
38230022,0,3226,3226
38230024,0,1127,1127
38230025,70000,33599,103599
38230027,10000,23999,33999
38230029,0,45329,45329
38230032,0,799,799
38230033,0,180,180
38230034,0,349,349
38230037,0,400,400
38230039,0,1594,1594
38230040,50000,252,50252
38230047,0,406,406
38230048,0,509,509
38230050,0,5521,5521
38230055,45000,5,45005
38230056,0,901,901
38230057,0,323,323
38230140,0,945,945
38230142,0,50247,50247
38230143,0,4958,4958
38230144,0,87,87
38230202,0,4272,4272
38230203,0,729,729
38230204,0,572,572
38230205,0,1260,1260
38230206,0,3070,3070
38230207,0,1628,1628
38230208,0,68423,68423
38230209,0,1705,1705
38230210,0,243,243
38230211,0,403,403
38230212,0,633,633
38230213,0,20,20
38230214,0,61,61
38230215,0,437,437
38230216,0,1019,1019
38230217,0,871,871
38230218,0,702,702
38230220,0,7202,7202
38230221,0,2925,2925
38230222,21000,140,21140
38230223,0,530,530
38230224,0,619,619
38230225,0,78,78
38230226,0,823,823
38230228,0,148,148
38230229,0,11,11
38230230,0,852,852
38230231,0,1752,1752
38230232,0,275,275
38230233,0,889,889
38230234,0,173398,173398
38230236,205290,21744,227034
38230237,0,38194,38194
38230238,0,11300,11300
38230239,0,740,740
38230240,0,700,700
38230241,0,244,244
38230242,0,262,262
38230243,0,593,593
38230244,18344,31493,49837
38230245,0,168788,168788
38230246,26790,40533,67323
38230247,0,867,867
38230248,0,977,977
38230249,0,12641,12641
38230250,0,448,448
38230251,0,469,469
38230466,0,49,49
38230468,0,434,434
38230469,10000,914,10914
38230470,0,1050,1050
38230471,0,1277,1277
38230472,0,1187,1187
38230473,0,1329,1329
38230474,0,140,140
38230475,0,6744,6744
38230476,0,777,777
38230477,0,493,493
38230479,0,1380,1380
38230480,0,1068,1068
38230481,34000,75,34075
38230482,0,421,421
38230484,0,295,295
38230485,0,73508,73508
38230486,0,2026,2026
38230487,0,720,720
38230488,0,569,569
38230489,0,1021,1021
38230501,0,0,0
38230503,0,119,119
38230506,0,65751,65751
38230507,0,79,79
38230515,0,808,808
38230548,0,177,177
38230549,0,98,98
38230550,0,639,639
38230551,0,174769,174769
38230552,0,90,90
38230553,0,388,388
38230556,0,615,615
38230557,155000,23028,178028
38230558,0,79169,79169
38230559,0,543,543
38230561,0,1494,1494
38230562,0,898,898
38230563,0,1751,1751
38230564,250000,67462,317462
38230565,150000,13117,163117
38230566,0,117098,117098
38230567,0,185,185
38230568,0,17,17
38230569,0,37779,37779
38230570,0,479,479
38230571,0,887,887
38230572,0,322,322
38230573,43400,27,43427
38230575,0,67917,67917
38230576,0,155,155
38230578,0,552,552
38230579,0,117,117
38230580,0,38,38
38230581,0,82,82
38230583,0,1266,1266
38230584,0,440,440
38230586,179000,47,179047
38230587,0,279,279
38230588,0,495,495
38230745,0,1583,1583
38230749,215290,319,215609
38230750,62000,700,62700
38230751,0,247,247
38230752,8,2518,2526
38230753,45035,2613,47648
38230755,100,3986,4086
38230756,26000,283,26283
38230757,0,1504,1504
38230758,0,203517,203517
38230759,0,45,45
38230760,97600,324,97924
38230761,50000,41014,91014
38230762,0,511,511
38230768,0,746,746
38230795,76177,156198,232375
38230796,0,218,218
38230797,139000,2242,141242
38230798,4204,11783,15987
38230799,158000,225,158225
38230800,0,2656,2656
38230801,0,2718,2718
38230802,0,1174,1174
38230803,0,968,968
38230804,150000,100659,250659
38230805,29700,52371,82071
38230806,21000,1418,22418
38230836,0,11923,11923
38230837,150000,52092,202092
38230845,210000,11200,221200
38230846,0,5000,5000
38230847,0,0,0
38230848,0,0,0
38230849,0,981,981
38230879,135000,1806,136806
38230880,200000,0,200000
38230885,0,168,168
38230886,0,441,441
38230888,0,800000,800000
38230889,475636,198636,674272
38230894,0,277216,277216
38230908,322471,3425,325896
38230913,0,1853,1853
38230916,219662,21657,241319
38230927,325600,263262,588862
38230940,328525,328718,657243
38230943,115400,1478463,1593863
38230953,84000,495,84495
38230954,116000,145,116145
38230955,0,290,290
38240307,0,743,743
38240308,0,750,750
38240309,0,1061,1061
38240311,0,1204,1204
38240312,0,1275,1275
38240313,0,2425,2425
38240314,0,3168,3168
38240315,0,1022,1022
38240316,0,759,759
38240319,0,362,362
38240322,0,792,792
38240324,0,958,958
38240325,0,538,538
38240327,0,170,170
38240328,24000,515,24515
38240329,0,763,763
38240330,0,1929,1929
38240331,0,500,500
38240333,0,3277,3277
38240334,0,49,49
38240336,0,432,432
38240337,0,1333,1333
38240339,0,2403,2403
38240341,0,309,309
38240342,0,900,900
38240343,80000,464,80464
38240345,0,449,449
38240346,0,342,342
38240347,53139,5757,58896
38240348,0,420,420
38240349,185,216,401
38240352,0,305,305
38240353,0,844,844
38240354,0,1477,1477
38240355,0,1420,1420
38240356,0,200,200
38240357,174,51383,51557
38240359,0,660,660
38240362,0,5535,5535
38240363,0,1201,1201
38240364,0,32271,32271
38240365,0,1166,1166
38240366,0,441,441
38240367,21151,2268,23419
38240656,30000,7004,37004
38240657,0,1500,1500
38240658,7000,557,7557
38240659,0,100,100
38240660,0,688,688
38240661,0,345,345
38240662,0,493,493
38240663,0,33847,33847
38240664,0,10077,10077
38240665,0,0,0
38240670,0,5021,5021
38240671,0,529,529
38240673,0,0,0
38240675,0,1861,1861
38240676,0,2824,2824
38240677,0,338,338
38240678,4000,931,4931
38240679,0,1655,1655
38240685,0,2334,2334
38240687,209,39244,39453
38240688,0,1484,1484
38240689,0,399,399
38240691,0,1144,1144
38240692,0,2001,2001
38240695,0,278,278
38240697,0,744,744
38240698,0,1091,1091
38240699,0,414,414
38240702,0,38362,38362
38240703,0,2651,2651
38240705,0,90,90
38240707,0,3280,3280
38240709,0,541,541
38240710,0,854,854
38240711,22500,671,23171
38240712,0,833,833
38240714,0,145500,145500
38240816,0,100,100
38240817,0,2400,2400
38240818,110745,5449,116194
38240819,0,462,462
38240820,0,606,606
38240821,0,226000,226000
38240822,0,1085,1085
38240823,0,1489,1489
38240824,0,1502,1502
38240825,15000,2214,17214
38240826,0,21930,21930
38240860,0,2635,2635
38240861,0,1000,1000
38240862,209,297,506
38240863,0,99425,99425
38240864,0,33000,33000
38240865,0,151581,151581
38240867,0,5791,5791
38240868,0,1583,1583
38240884,0,198385,198385
38240896,0,559,559
38240899,145070,98989,244059
38240901,0,89,89
38240903,0,206171,206171
38240904,0,1594,1594
38240907,49380,80892,130272
38240917,0,484,484
38240918,0,89854,89854
38240922,0,386,386
38240931,160070,1483,161553
38240933,0,192,192
38240934,0,265871,265871
38240942,50105,130758,180863
38240955,0,39652,39652
38240966,0,600,600
38310001,141300,0,141300
38310002,0,2813,2813
38310003,163000,203121,366121
38310004,0,317,317
38310005,60000,594512,654512
38310006,30000,19499,49499
38310007,0,0,0
38310008,170893,480,171373
38310009,0,1454,1454
38310010,118133,340602,458735
38310011,0,335359,335359
38310012,90000,223597,313597
38310013,0,0,0
38310014,0,269757,269757
38310015,0,373000,373000
38310016,606657,0,606657
38310017,234707,377000,611707
38310018,43000,3434,46434
38310019,0,514,514
38310020,77000,153120,230120
38310021,406565,9939,416504
38310022,0,5000,5000
38310023,177109,205000,382109
38310024,169662,0,169662
38310025,10600,115953,126553
38310026,119230,175630,294860
38310027,58000,433,58433
38310028,50000,23713,73713
38310029,50000,62990,112990
38310030,0,735,735
38310031,64140,518,64658
38310032,0,56673,56673
38310033,150070,92404,242474
38310034,0,79730,79730
38310035,74000,297,74297
38310036,0,370945,370945
38310037,0,404865,404865
38310038,221170,122672,343842
38310039,200720,743780,944500
38310040,62000,28136,90136
38310041,0,95317,95317
38310042,4000,921,4921
38310043,36982,165856,202838
38310044,0,0,0
38310045,176013,0,176013
38310046,211600,29,211629
38310047,124860,81796,206656
38310048,100000,455000,555000
38310049,123266,88450,211716
38310050,125000,156959,281959
38310051,33102,0,33102
38310052,135000,175794,310794
38310053,77000,166,77166
38310054,0,1216,1216
38310055,60000,62632,122632
38310056,45788,74181,119969
38310057,136000,304432,440432
38310058,393000,209472,602472
38310059,55000,2122,57122
38310060,93000,1000,94000
38310061,0,91000,91000
38310062,0,118939,118939
38310063,0,0,0
38310064,40000,74567,114567
38310066,11888,757,12645
38310068,21253,947,22200
38310069,40000,6361,46361
38310072,20000,478,20478
38310075,22000,33517,55517
38310077,42000,105389,147389
38310079,15535,44563,60098
38310080,8000,17568,25568
38310082,19400,241,19641
38310084,50000,109708,159708
38310086,70000,33547,103547
38310087,30035,70300,100335
38310089,64500,65315,129815
38310091,48070,899,48969
38310092,0,66278,66278
38310093,0,100661,100661
38310096,0,876,876
38310098,0,19662,19662
38310099,0,30772,30772
38310100,50000,30595,80595
38310101,0,20970,20970
38310103,50000,27,50027
38310104,0,44200,44200
38310105,0,91595,91595
38310108,31000,25,31025
38310111,69024,0,69024
38310112,6000,28000,34000
38310113,0,434086,434086
38310115,130000,77673,207673
38310116,210000,8250,218250
38310117,0,329773,329773
38310118,0,18653,18653
38310119,24000,375,24375
38310120,0,36000,36000
38310121,30957,0,30957
38310122,0,1348,1348
38310123,131000,1598,132598
38310124,0,0,0
38310125,0,46597,46597
38310126,60325,10673,70998
38310127,0,31185,31185
38310128,0,72143,72143
38310129,22965,1163,24128
38310130,87806,128410,216216
38310131,18000,144000,162000
38310132,53553,198353,251906
38310133,10000,3016,13016
38310136,50000,29308,79308
38310137,0,34903,34903
38310138,100000,59485,159485
38310139,30233,150,30383
38310140,40000,26588,66588
38310141,70,56,126
38310142,0,661,661
38310143,0,139,139
38310144,0,406,406
38310147,25000,101000,126000
38310148,30395,62777,93172
38310150,188155,5057,193212
38310152,0,101,101
38310153,55500,148754,204254
38310154,17000,27720,44720
38310155,3380,142790,146170
38310156,21500,362,21862
38310157,75000,83749,158749
38310158,0,192299,192299
38310161,75000,3792,78792
38310162,30000,16032,46032
38310163,21500,57905,79405
38310165,0,81705,81705
38310166,11075,60199,71274
38310168,131000,243,131243
38310169,62000,58452,120452
38310170,0,272000,272000
38310171,0,29000,29000
38310172,50000,117087,167087
38310175,0,47072,47072
38310176,216501,284272,500773
38310177,35000,25965,60965
38310178,33000,4486,37486
38310181,34000,0,34000
38310182,49662,58592,108254
38310183,0,21424,21424
38310186,0,348218,348218
38310187,0,44000,44000
38310188,0,12,12
38310190,0,20732,20732
38310191,36111,54200,90311
38310192,118155,57325,175480
38310193,23111,90000,113111
38310194,45376,7802,53178
38310195,0,49090,49090
38310196,0,67008,67008
38310198,86374,1392,87766
38310199,36000,147,36147
38310202,28500,380,28880
38310203,0,71973,71973
38310204,0,64824,64824
38310206,5000,17229,22229
38310207,50000,1375,51375
38310209,24000,57244,81244
38310210,81500,802,82302
38310211,40000,65815,105815
38310212,65000,5281,70281
38310213,20000,7572,27572
38310214,20000,1304,21304
38310215,0,815,815
38310217,50000,494,50494
38310218,0,26577,26577
38310219,10000,76296,86296
38310220,45070,7169,52239
38310221,30000,10432,40432
38310222,31000,402,31402
38310223,10000,9006,19006
38310224,16000,13712,29712
38310225,35105,46951,82056
38310226,51000,7148,58148
38310227,50000,8000,58000
38310228,66116,6456,72572
38310230,30000,18243,48243
38310231,80000,30498,110498
38310232,0,833,833
38310233,50000,24114,74114
38310235,35000,25067,60067
38310236,0,109112,109112
38310238,0,733,733
38310240,45000,993,45993
38310241,55000,11031,66031
38310243,0,145168,145168
38310244,42000,218,42218
38310245,4000,32491,36491
38310246,0,0,0
38310248,50000,260014,310014
38310249,0,44836,44836
38310250,0,1037,1037
38310252,35000,49576,84576
38310253,30000,5530,35530
38310254,16000,3095,19095
38310255,0,32695,32695
38310256,0,56577,56577
38310257,60000,77195,137195
38310258,100116,4079,104195
38310259,65035,1026,66061
38310261,0,23834,23834
38310262,0,40121,40121
38310263,0,1817,1817
38310273,0,2462,2462
38310274,95000,233611,328611
38310275,0,100127,100127
38310277,64500,90979,155479
38310278,20000,25191,45191
38310279,0,0,0
38310280,75000,3933,78933
38310281,20000,83172,103172
38310283,0,56718,56718
38310284,18000,1074,19074
38310285,60000,5400,65400
38310286,0,0,0
38310287,0,149,149
38310288,50000,14668,64668
38310291,45000,4773,49773
38310292,0,39164,39164
38310294,30000,70191,100191
38310295,48000,60000,108000
38310297,0,9995,9995
38310298,0,551,551
38310301,0,292689,292689
38310303,75585,14894,90479
38310304,0,7008,7008
38310306,33028,25703,58731
38310307,58228,500,58728
38310308,0,225918,225918
38310309,0,56841,56841
38310310,40000,659,40659
38310311,24700,40966,65666
38310312,0,42708,42708
38310313,57000,33207,90207
38310314,44000,6665,50665
38310315,110000,4000,114000
38310316,7500,77260,84760
38310318,0,0,0
38310319,0,3812,3812
38310320,15000,7282,22282
38310324,39000,3652,42652
38310325,45324,0,45324
38310326,0,0,0
38310327,26000,40358,66358
38310332,27000,188123,215123
38310333,0,66770,66770
38310335,25000,39210,64210
38310336,40000,27785,67785
38310337,47000,2281,49281
38310339,0,51000,51000
38310340,0,4000,4000
38310341,0,74834,74834
38310342,0,8072,8072
38310343,0,288693,288693
38310344,0,50000,50000
38310345,0,19941,19941
38310346,0,25420,25420
38310347,0,73000,73000
38310348,0,4314,4314
38310349,20000,125340,145340
38310350,19000,810,19810
38310351,0,20691,20691
38310352,50000,42466,92466
38310353,0,15999,15999
38310354,0,64921,64921
38310355,0,6000,6000
38310356,0,163727,163727
38310357,0,7300,7300
38310358,19000,73137,92137
38310359,0,5000,5000
38310360,0,102683,102683
38310361,25000,61944,86944
38310362,58000,955,58955
38310363,8601,0,8601
38310364,0,2265,2265
38310365,58000,3919,61919
38310366,0,543,543
38310367,20000,1628,21628
38310368,70000,40817,110817
38310369,29000,500,29500
38310370,0,40280,40280
38310371,10000,37820,47820
38310372,0,24534,24534
38310374,0,136000,136000
38310375,0,500,500
38310377,0,7827,7827
38310378,0,3000,3000
38310379,0,0,49500
38310380,140000,69964,209964
38310381,0,6810,6810
38310383,5200,59340,64540
38310384,0,57935,57935
38310385,6000,50313,56313
38310386,0,0,6583
38310387,0,32224,32224
38310388,19000,5621,24621
38310389,22000,41463,63463
38310390,0,110284,110284
38310391,55000,27000,82000
38310392,22000,5792,27792
38310393,25000,673,25673
38310394,15000,48714,63714
38310395,67000,56457,123457
38310396,0,199000,199000
38310397,0,2800,2800
38310398,23721,0,23721
38310399,3000,279,3279
38310400,70000,181000,251000
38310401,0,0,0
38310402,10000,3580,13580
38310403,20000,80000,100000
38310404,0,2400,2400
38310405,0,34163,34163
38310406,19000,109932,128932
38310407,31000,25188,56188
38310408,0,47381,47381
38310409,0,1655,1655
38310410,0,0,0
38310411,0,106078,106078
38310412,0,46213,46213
38310413,18075,0,18075
38310414,24000,893,24893
38310418,0,0,0
38310420,4000,67756,71756
38310423,4100,91093,95193
38310427,0,0,2530
38310428,0,38140,38140
38310429,0,0,0
38310430,40190,69112,109302
38310436,0,0,41945
38310437,0,0,0
38310439,50000,2000,52000
38310440,0,0,0
38310442,23786,29144,52930
38310443,0,200,200
38310444,0,39982,39982
38310445,0,41942,41942
38310448,100000,76041,176041
38310449,0,444,444
38310450,432490,24530,457020
38310451,70000,37000,107000
38310453,0,1353,1353
38310454,14000,20171,34171
38310455,106800,107688,214488
38310456,0,0,0
38310457,9000,21773,30773
38320001,0,2165,2165
38320002,376376,134418,510794
38320003,0,218,218
38320004,0,450,450
38320005,94750,531,95281
38320008,101229,114358,215587
38320009,0,3388,3388
38320010,371067,89539,460606
38320011,323000,1090,324090
38320012,27480,250051,277531
38320013,0,46000,46000
38320014,24382,73992,98374
38320015,0,2571,2571
38320016,218000,666,218666
38320017,0,339591,339591
38320018,70000,8733,78733
38320019,433515,60007,493522
38320020,0,0,0
38320021,0,226,226
38320022,0,0,0
38320034,0,415000,415000
38320035,352100,2049,354149
38320036,0,92895,92895
38320037,100300,1440,101740
38320038,0,118,118
38320039,0,662,662
38320040,118000,146729,264729
38320041,149100,838,149938
38320042,0,2751,2751
38320043,44000,109301,153301
38320044,0,928,928
38320045,0,0,0
38320048,257896,519030,776926
38320049,214858,108444,323302
38320050,0,0,0
38320051,0,120199,120199
38320052,0,251000,251000
38320053,0,0,0
38320054,82552,334656,417208
38320055,0,2000,2000
38320062,0,476552,476552
38320063,0,5100,5100
38320064,198757,1858,200615
38320066,40870,133004,173874
38320067,30000,120110,150110
38320068,82020,240052,322072
38320069,146000,6091,152091
38320070,50000,34704,84704
38320071,7000,57203,64203
38320072,0,598,598
38320073,49000,3357,52357
38320074,13655,6429,20084
38320075,250000,122481,372481
38320076,0,2921,2921
38320077,0,700,700
38320078,175300,538775,714075
38320079,60000,205649,265649
38320080,49000,90112,139112
38320081,50000,168867,218867
38320082,0,5629,5629
38320083,102450,88738,191188
38320084,3000,6083,9083
38320085,84185,6100,90285
38320086,400000,294000,694000
38320100,68468,12042,80510
38320101,110000,64744,174744
38320102,250719,98919,349638
38320103,0,5000,5000
38320104,0,81,81
38320105,63000,1102,64102
38320106,0,100421,100421
38320107,165000,30043,195043
38320108,66000,98783,164783
38320109,110000,180635,290635
38320110,0,440606,440606
38320111,50000,38,50038
38320112,75000,46968,121968
38320113,45105,70300,115405
38320114,0,2458,2458
38320115,50000,160600,210600
38320116,29000,35127,64127
38320117,55000,2310,57310
38320118,95000,322649,417649
38320119,0,79615,79615
38320120,194500,997,195497
38320130,42323,106114,148437
38320131,52432,117120,169552
38320132,0,131219,131219
38320133,77302,1540,78842
38320134,0,9080,9080
38320135,0,328451,328451
38320136,50121,379379,429500
38320137,54000,0,54000
38320139,94292,0,94292
38320140,78000,966,78966
38320141,0,0,0
38320160,100000,164331,264331
38320161,167750,121574,289324
38320162,58000,65743,123743
38320163,87682,37642,125324
38320164,95000,76325,171325
38320165,15070,1575,16645
38320166,0,0,0
38320167,210000,46,210046
38320168,88335,35665,124000
38320169,50000,40821,90821
38320170,136000,71686,207686
38320171,223400,600,224000
38320172,39000,27674,66674
38320178,33335,362,33697
38320179,35,2114,2149
38320180,50000,40414,90414
38320181,15000,35380,50380
38320182,50000,37224,87224
38320183,23800,69,23869
38320184,40000,72367,112367
38320185,16612,1740,18352
38320186,20000,1704,21704
38320187,0,255,255
38320188,20000,25511,45511
38320190,0,165334,165334
38320191,0,34560,34560
38320192,118700,31193,149893
38320194,0,51365,51365
38320195,32237,845,33082
38320198,70000,74000,144000
38320199,37000,121,37121
38320200,50000,136974,186974
38320201,0,28500,28500
38320202,0,1443,1443
38320204,0,497,497
38320205,0,4429,4429
38320206,130000,1027,131027
38320207,49000,300,49300
38320208,0,697,697
38320209,31000,3760,34760
38320210,0,918,918
38320211,32000,19033,51033
38320212,50000,3017,53017
38320213,45000,4000,49000
38320214,0,500,500
38320215,70000,12187,82187
38320216,125000,3243,128243
38320217,0,517,517
38320218,107500,75773,183273
38320219,60000,29234,89234
38320220,87200,15794,102994
38320221,51550,10,51560
38320222,63000,341,63341
38320223,50000,18374,68374
38320224,30000,60596,90596
38320225,0,43444,43444
38320226,0,174854,174854
38320228,3586,0,3586
38320229,75000,1976,76976
38320230,0,0,0
38320231,50000,83241,133241
38320232,0,27780,27780
38320233,0,1000,1000
38320235,29500,399,29899
38320237,0,77919,77919
38320239,0,23,23
38320241,58600,864,59464
38320242,50000,8313,58313
38320243,35000,436,35436
38320246,147720,1293,149013
38320247,63500,449,63949
38320250,128000,99242,227242
38320251,90000,26411,116411
38320252,30000,8117,38117
38320253,25200,89330,114530
38320255,0,186994,186994
38320256,50000,26563,76563
38320257,0,0,0
38320258,0,100935,100935
38320259,0,0,0
38320260,0,540,540
38320263,89500,100,89600
38320264,0,118257,118257
38320266,0,0,0
38320268,0,0,0
38320269,0,0,0
38320270,0,0,0
38320271,0,0,0
38320272,0,972,972
38320273,0,40000,40000
38320274,0,116851,116851
38320277,0,0,0
38320279,0,256404,256404
38320281,0,26651,26651
38320282,0,0,0
38320283,0,0,0
38320284,0,0,0
38320285,0,0,0
38320286,0,0,0
38320287,0,158590,158590
38320288,0,2000,2000
38320289,0,192624,192624
38320290,0,54879,54879
38320291,131000,934,131934
38320293,0,40101,40101
38320294,53952,4239,58191
38320295,74000,0,74000
38320296,43507,46238,89745
38320297,63000,18783,81783
38320327,0,26313,26313
38320329,0,116886,116886
38320330,0,217140,217140
38320331,30000,53173,83173
38320332,35500,326,35826
38320333,65000,1442,66442
38320334,0,30600,30600
38320336,10000,10087,20087
38320337,41913,0,41913
38320338,0,71850,71850
38320339,60000,818,60818
38320341,30000,85999,115999
38320342,20000,78392,98392
38320343,34200,45539,79739
38320344,14300,100682,114982
38320364,15000,105892,120892
38320365,10000,56377,66377
38320366,91500,84314,175814
38320367,119300,214,119514
38320368,46000,42055,88055
38320369,100000,76276,176276
38320371,9600,95499,105099
38320373,33000,746,33746
38320374,0,57426,57426
38320375,11250,27316,38566
38320376,29000,872,29872
38320377,27000,350,27350
38320379,0,1700,1700
38320380,20000,16396,36396
38320381,0,2283,2283
38320382,455,10401,10856
38320383,115850,3083,118933
38320384,30000,116735,146735
38320386,0,60101,60101
38320387,0,79012,79012
38320388,0,139606,139606
38320390,10000,69003,79003
38320391,0,1259,1259
38320392,17450,13588,31038
38320393,15000,16600,31600
38320394,5000,26527,31527
38320395,0,25674,25674
38320400,0,688,688
38320402,90000,3325,93325
38320403,0,0,0
38320404,55830,90192,146022
38320405,64000,229,64229
38320406,33000,314,33314
38320407,50000,39258,89258
38320408,258000,241,258241
38320409,0,40400,40400
38320410,92456,2346,94802
38320415,20000,1180,21180
38320416,20000,676,20676
38320418,1700,340,2040
38320419,81000,44862,125862
38320420,100000,2428,102428
38320422,107100,70753,177853
38320424,0,53460,53460
38320426,10000,51623,61623
38320427,42670,55603,98273
38320428,0,69687,69687
38320430,50000,10158,60158
38320433,16000,836,16836
38320434,0,141592,141592
38320435,7000,34012,41012
38320436,80000,97905,177905
38320437,60262,74562,134824
38320438,49000,766,49766
38320439,50000,24054,74054
38320440,0,412,412
38320441,0,79329,79329
38320442,0,3745,3745
38320443,0,60191,60191
38320444,0,1898,1898
38320445,59000,490,59490
38320446,0,95600,95600
38320448,70000,53156,123156
38320449,30000,2311,32311
38320450,0,43056,43056
38320451,11500,2328,13828
38320452,30000,1706,31706
38320453,10000,54641,64641
38320454,0,97115,97115
38320521,28000,941,28941
38320524,32000,7874,39874
38320525,10000,120796,130796
38320527,75000,728,75728
38320528,0,74796,74796
38320529,115000,12298,127298
38320530,60000,29870,89870
38320532,12000,101,12101
38320533,30000,52342,82342
38320536,30000,88,30088
38320537,41000,62757,103757
38320538,40083,80700,120783
38320539,30000,28443,58443
38320540,37000,35149,72149
38320541,32506,1839,34345
38320542,60000,33466,93466
38320543,36785,37405,74190
38320546,50000,41133,91133
38320547,0,56314,56314
38320548,0,24949,24949
38320549,9000,40191,49191
38320552,59000,64553,123553
38320553,0,4220,4220
38320555,50000,85348,135348
38320556,0,0,0
38320557,50000,28254,78254
38320558,27000,473,27473
38320565,20081,69337,89418
38320566,101000,224,101224
38320567,0,2840,2840
38320568,0,48289,48289
38320570,0,434,434
38320571,20000,7373,27373
38320573,0,143271,143271
38320574,30000,46424,76424
38320575,21000,187,21187
38320576,30000,42000,72000
38320577,40000,35110,75110
38320578,9000,311,9311
38320579,14058,52988,67046
38320580,0,118867,118867
38320581,70000,127000,197000
38320582,12000,58421,70421
38320583,20000,12349,32349
38320585,20000,95216,115216
38320586,8000,35011,43011
38320587,25000,16835,41835
38320588,0,91727,91727
38320589,40000,8414,48414
38320590,5000,190000,195000
38320591,0,30457,30457
38320592,0,38000,38000
38320593,30500,37495,67995
38320594,50000,25209,75209
38320595,28000,39735,67735
38320600,0,552,552
38320601,27000,91,27091
38320611,42000,9149,51149
38320613,50000,152300,202300
38320615,36,39190,39226
38320617,96320,58569,154889
38320618,30000,45447,75447
38320619,0,8745,8745
38320620,90300,66601,156901
38320621,82000,62869,144869
38320622,40000,60143,100143
38320623,0,241742,241742
38320624,28345,42644,70989
38320625,120000,2050,122050
38320628,18000,77959,95959
38320629,0,38801,38801
38320630,45398,77000,122398
38320631,15000,111839,126839
38320632,60000,16508,76508
38320633,40000,2712,42712
38320634,10035,119028,129063
38320635,0,7833,7833
38320636,34000,90000,124000
38320638,0,184,184
38320639,20000,6681,26681
38320640,0,99000,99000
38320641,0,146,146
38320642,29800,15975,45775
38320643,0,4966,4966
38320644,50000,50968,100968
38320645,20000,36053,56053
38320646,0,0,0
38320647,13200,123847,137047
38320648,0,900,900
38320649,93000,49896,142896
38320650,70000,8884,78884
38320651,0,68754,68754
38320652,70,153151,153221
38320653,0,0,0
38320655,0,2445,2445
38320656,55365,87358,142723
38320658,30000,33415,63415
38320659,0,184376,184376
38320660,60100,275,60375
38320661,89000,2056,91056
38320663,37035,18,37053
38320664,217000,108956,325956
38320665,0,12805,12805
38320666,143821,50146,193967
38320667,13000,39953,52953
38320668,249000,228636,477636
38320669,0,97445,97445
38320673,0,50000,50000
38320674,50000,47408,97408
38320677,0,120462,120462
38320678,100000,19590,119590
38320680,54070,61478,115548
38320681,0,271,271
38320682,42000,55000,97000
38320683,0,38600,38600
38320684,70000,19570,89570
38320686,0,0,0
38320687,0,0,0
38320689,0,0,0
38320691,0,0,0
38320692,0,0,0
38320694,0,32477,32477
38320695,7000,369,7369
38320697,0,0,0
38320698,0,0,0
38320699,0,145694,145694
38320700,0,0,0
38320701,0,0,0
38320702,0,0,0
38320704,20000,170369,190369
38320705,13000,48381,61381
38320707,32000,31445,63445
38320708,20000,92417,112417
38320709,70000,36587,106587
38320710,49000,0,49000
38320711,61620,53380,115000
38320712,0,0,0
38320713,0,0,0
38320716,0,0,0
38320717,0,75722,75722
38320718,24000,732,24732
38320719,3000,56832,59832
38320720,0,0,0
38320721,74898,0,74898
38320722,0,0,0
38320725,32000,32678,64678
38320726,0,0,0
38320727,55000,18808,73808
38320728,0,54000,54000
38320729,0,96291,96291
38320730,31000,1453,32453
38320732,0,34728,34728
38320733,0,0,0
38320734,69000,232,69232
38320735,47000,185,47185
38320736,0,85218,85218
38320738,0,0,0
38320744,0,52313,52313
38320745,55000,46979,101979
38320746,130000,86516,216516
38320749,0,0,0
38320750,0,66887,66887
38320752,0,0,0
38320869,0,93363,93363
38320870,15035,103043,118078
38320872,60360,116230,176590
38320874,253548,263928,517476
38320875,21000,18414,39414
38320876,65000,149995,214995
38320877,126600,1945,128545
38320878,310000,242000,552000
38320879,0,56084,56084
38320880,50000,22995,72995
38320881,20000,215563,235563
38320883,52686,56000,108686
38320884,70000,71919,141919
38320885,0,45557,45557
38320886,73000,635,73635
38320887,41000,773,41773
38320889,35000,18835,53835
38320890,35000,109504,144504
38320891,20000,15132,35132
38320892,30000,36841,66841
38320893,20000,2555,22555
38320895,24714,23853,48567
38320896,0,28000,28000
38320897,13000,12030,25030
38320899,20000,19890,39890
38320900,85000,111549,196549
38320901,40000,4586,44586
38320903,49000,1385,50385
38320904,37700,27755,65455
38320905,0,45115,45115
38320907,0,413,413
38320908,17000,256,17256
38320910,10000,93788,103788
38320912,0,76296,76296
38320916,19000,39932,58932
38320917,25000,69800,94800
38320918,40000,7061,47061
38320919,0,33996,33996
38320920,0,42493,42493
38320921,0,38317,38317
38320923,20000,30931,50931
38320924,32000,67396,99396
38320926,20000,2248,22248
38320928,0,107256,107256
38320929,27000,11732,38732
38320931,25000,16858,41858
38320932,38070,1743,39813
38320934,82000,322,82322
38320935,81000,711,81711
38320936,0,79,79
38320937,0,87676,87676
38320938,0,75192,75192
38320941,21000,33711,54711
38320942,48000,804,48804
38320944,30000,502,30502
38320946,0,160,160
38320947,70,554,624
38320948,0,1447,1447
38320950,35000,7811,42811
38320953,0,35714,35714
38320954,23000,454,23454
38320956,20000,6227,26227
38320957,0,121858,121858
38320958,55000,46304,101304
38320959,0,113948,113948
38320960,50000,134703,184703
38320961,15000,33959,48959
38320962,38000,56854,94854
38320963,20000,6391,26391
38320964,0,42267,42267
38320967,26000,473,26473
38320973,31035,725,31760
38320974,8000,125633,133633
38320975,14000,35810,49810
38320976,0,54482,54482
38320977,0,0,0
38320978,0,161251,161251
38320979,65000,60949,125949
38320980,25000,564,25564
38320981,11000,132766,143766
38320982,20000,57442,77442
38320983,38900,1066,39966
38320984,0,0,0
38320985,0,5800,5800
38320986,84738,137182,221920
38320987,17000,67000,84000
38320988,1200,100,1300
38320989,10000,47186,57186
38320991,42000,50440,92440
38320992,16000,8161,24161
38320993,0,106794,106794
38320995,0,0,0
38320996,31290,17900,49190
38320997,19800,100,19900
38320998,23500,415,23915
38320999,46700,60361,107061
38321000,0,18930,18930
38321001,20000,36354,56354
38321002,17000,1507,18507
38321003,20000,34415,54415
38321004,0,36000,36000
38321005,0,5319,5319
38321006,0,218684,218684
38321008,30000,157770,187770
38321009,0,0,0
38321010,0,0,0
38321011,70000,61377,131377
38321012,0,25124,25124
38321014,17000,11000,28000
38321018,24995,60075,85070
38321019,13739,878,14617
38321020,40000,704,40704
38321021,0,0,0
38321022,15000,84965,99965
38321023,26000,10676,36676
38321025,48000,3092,51092
38321027,0,911,911
38321028,75000,40000,115000
38321029,0,0,0
38321030,0,105629,105629
38321031,30000,44620,74620
38321032,0,21647,21647
38321034,0,0,0
38321035,30000,11828,41828
38321038,22000,111019,133019
38321040,22125,133177,155302
38321041,25000,938,25938
38321107,0,351,351
38321115,15000,151982,166982
38321118,0,6000,6000
38321123,0,17800,17800
38321128,0,56778,56778
38321129,48000,6375,54375
38321133,0,137874,137874
38321134,0,90806,90806
38321140,0,48243,48243
38321142,0,139064,139064
38321178,8485,22702,31187
38321180,26404,112274,138678
38321183,0,3456,3456
38321184,22000,72756,94756
38321185,0,27000,27000
38321188,20000,30200,50200
38321190,77000,99807,176807
38321200,0,39369,39369
38321205,0,47570,47570
38321207,0,0,0
38321208,0,0,0
38321211,0,0,0
38321217,0,0,0
38321219,0,0,0
38321243,0,0,0
38321248,28000,934,28934
38321250,97818,138620,236438
38321251,0,43736,43736
38321252,35035,28612,63647
38321254,0,0,0
38321255,0,0,0
38321256,0,0,0
38321259,40000,49015,89015
38321261,49000,86715,135715
38321265,0,18741,18741
38321266,20000,3274,23274
38321267,0,82000,82000
38321269,0,40,40
38330006,85557,258897,344454
38330007,536000,1506,537506
38330023,0,119,119
38330024,476402,309259,785661
38330025,92060,220042,312102
38330026,160000,733,160733
38330027,0,283932,283932
38330028,147690,6163,153853
38330029,0,422,422
38330030,0,0,0
38330031,0,0,0
38330032,150000,79910,229910
38330033,0,17976,17976
38330046,373000,556,373556
38330047,0,190347,190347
38330056,0,224303,224303
38330057,0,645,645
38330058,0,320687,320687
38330059,0,102068,102068
38330060,90000,232918,322918
38330061,350000,114847,464847
38330065,100000,196602,296602
38330087,133011,18607,151618
38330088,25000,3692,28692
38330089,0,666,666
38330090,187000,139166,326166
38330091,0,65,65
38330092,12000,84658,96658
38330093,70035,23219,93254
38330094,0,222,222
38330095,77000,225,77225
38330096,0,0,0
38330097,67705,2240,69945
38330098,97000,5681,102681
38330099,100000,10020,110020
38330121,50000,67470,117470
38330122,84500,299,84799
38330123,40035,54328,94363
38330124,235284,60000,295284
38330125,89325,47025,136350
38330126,9697,182,9879
38330127,20000,76334,96334
38330128,80000,1852,81852
38330129,401835,19332,421167
38330142,0,432,432
38330143,24500,398,24898
38330144,60000,31094,91094
38330145,119090,196,119286
38330146,48735,39,48774
38330147,176000,259033,435033
38330148,30035,57241,87276
38330149,118856,153713,272569
38330150,236400,138,236538
38330151,41435,492,41927
38330152,55000,39977,94977
38330153,110235,539,110774
38330154,0,4982,4982
38330156,50000,36244,86244
38330157,93509,173,93682
38330158,0,201690,201690
38330159,126000,2159,128159
38330173,100000,247824,347824
38330174,0,0,0
38330175,115924,0,115924
38330176,148706,529288,677994
38330177,150000,165000,315000
38330298,8000,855,8855
38330299,0,0,4000
38330301,20000,18972,38972
38330304,0,457,457
38330306,15000,10097,25097
38330310,15000,115,15115
38330311,46320,6189,52509
38330312,30000,180,30180
38330314,30035,44017,74052
38330316,70000,361106,431106
38330319,0,20267,20267
38330321,48000,796,48796
38330325,52783,86045,138828
38330326,64918,3711,68629
38330345,67700,100099,167799
38330346,0,50734,50734
38330347,29270,6237,35507
38330348,171000,25484,196484
38330353,0,0,0
38330354,139000,14987,153987
38330357,41000,948,41948
38330360,19000,897,19897
38330361,51000,2953,53953
38330456,0,81950,81950
38330458,35000,5500,40500
38330460,22000,59917,81917
38330462,25000,308,25308
38330463,65319,33997,99316
38330464,159000,25827,184827
38330465,100000,11444,111444
38330468,25000,62490,87490
38330470,45000,44918,89918
38330471,35000,0,35000
38330473,59256,21834,81090
38330474,0,25166,25166
38330476,24000,52090,76090
38330477,60000,32932,92932
38330481,0,68000,68000
38330486,0,30194,30194
38330487,45816,701,46517
38330488,0,939,939
38330489,33000,52280,85280
38330490,55000,14188,69188
38330491,35442,23558,59000
38330492,60000,18859,78859
38330494,0,109068,109068
38330499,15000,161934,176934
38330500,45000,33237,78237
38330504,26000,492,26492
38330506,116000,4429,120429
38330509,25000,793,25793
38330510,22664,134,22798
38330515,15302,23664,38966
38330516,109378,8200,117578
38330517,44000,240,44240
38330518,8900,42601,51501
38330520,23000,663,23663
38330604,26000,39361,65361
38330605,72554,8884,81438
38330606,16000,77,16077
38330607,48000,513,48513
38330608,40000,8373,48373
38330755,0,168,168
38330757,162000,27,162027
38330758,85116,537,85653
38330759,214000,285,214285
38330760,83000,7428,90428
38330762,50000,82,50082
38330763,23000,16461,39461
38330765,11000,774,11774
38330766,60000,11796,71796
38330767,30000,5253,35253
38330768,10000,18501,28501
38330769,33800,97816,131616
38330774,84000,1884,85884
38330775,30000,21400,51400
38330776,19000,20403,39403
38330777,45000,44775,89775
38330778,110450,3440,113890
38330779,71000,373,71373
38330782,36000,1783,37783
38330784,43000,1436,44436
38330785,40000,73,40073
38330787,53362,15000,68362
38330788,40000,59854,99854
38330789,90000,67425,157425
38330790,72000,495,72495
38330791,29000,170,29170
38330793,0,758,758
38330796,28000,69437,97437
38330799,55000,50952,105952
38330800,32000,15159,47159
38330801,24000,41439,65439
38330804,94000,249,94249
38330810,89022,25000,114022
38330811,14000,9000,23000
38330812,39500,300,39800
38330813,33000,0,33000
38330815,30000,23233,53233
38330817,43000,943,43943
38330818,0,120201,120201
38330821,33000,34000,67000
38330822,0,950,950
38330823,80000,13656,93656
38330824,114499,4158,118657
38330825,0,6,6
38330826,0,12776,12776
38330828,0,406,406
38330830,33000,51808,84808
38330832,0,174483,174483
38330834,19908,15178,35086
38330835,25000,0,25000
38330837,50000,31043,81043
38330840,0,44531,44531
38330842,10000,481460,491460
38330843,32000,205,32205
38330844,20000,10000,30000
38330845,20000,719,20719
38330846,68000,501,68501
38330847,82000,15147,97147
38330848,100000,102455,202455
38330850,76000,53010,129010
38330851,24000,16,24016
38330853,21000,7514,28514
38330854,0,0,0
38330855,0,179,179
38330856,38000,998,38998
38330857,40000,72000,112000
38330861,65000,8420,73420
38330862,10000,18685,28685
38330864,144835,44679,189514
38330865,35000,40000,75000
38330868,165000,158095,323095
38331043,36000,18200,54200
38331044,135000,370,135370
38331045,50000,106188,156188
38331046,94000,55204,149204
38331047,110000,223800,333800
38331048,85000,84000,169000
38331049,100000,107901,207901
38331050,83000,60000,143000
38331051,50000,176920,226920
38331052,19400,2600,22000
38331053,150000,4317,154317
38331054,39947,52000,91947
38331055,80000,1794,81794
38331056,0,789300,789300
38331057,0,152111,152111
38331059,28000,10000,38000
38331060,94759,1000,95759
38331061,69000,51000,120000
38331062,17000,181028,198028
38331063,10000,35491,45491
38331064,11670,108086,119756
38331065,0,41500,41500
38331066,90000,58272,148272
38331068,50000,7835,57835
38331069,0,122050,122050
38331071,56000,44929,100929
38331072,0,0,0
38331073,100000,24000,124000
38331074,50000,36000,86000
38331076,50000,192378,242378
38331077,100000,25754,125754
38331078,112000,1887,113887
38331079,82000,0,82000
38331080,95000,2887,97887
38331081,80000,96000,176000
38331082,50000,29000,79000
38331083,20000,75678,95678
38331084,146000,42734,188734
38331085,100000,66411,166411
38331087,24569,37000,61569
38331088,55000,13000,68000
38331089,23000,37138,60138
38331092,0,82940,82940
38331125,0,81352,81352
38331147,55500,37473,92973
38331158,0,274,274
38331171,0,57000,57000
38331223,0,1769,1769
38331224,0,324,324
38331227,22000,1681,23681
38331229,44000,36000,80000
38331230,0,26000,26000
38331235,0,29000,29000
38331236,0,578,578
38331237,0,362,362
38331238,12035,9435,21470
38331240,0,82,82
38331241,29300,0,29300
38331247,0,486,486
38331264,0,49312,49312
38331267,61000,727,61727
38331268,18000,130,18130
38410001,190586,778740,969326
38410008,258241,52063,310304
38410009,0,95153,95153
38410010,130000,280015,410015
38410011,0,0,0
38410012,0,0,413
38410013,0,1171,1171
38410024,342298,260974,603272
38410035,0,0,0
38410037,320750,139388,460138
38410038,0,367,367
38410040,0,0,0
38410041,91472,132776,224248
38410042,0,698,698
38410046,471134,329828,800962
38410047,256730,290010,546740
38410048,0,119660,119660
38410049,0,444986,444986
38410050,0,591,591
38410051,124000,968,124968
38410052,105,1250,1355
38410068,0,0,0
38410069,0,0,0
38410070,0,216,216
38410081,214000,35,214035
38410082,265000,199938,464938
38410083,425712,152569,578281
38410084,0,347,347
38410085,0,956,956
38410086,0,0,0
38410087,0,0,1327
38410088,0,44,44
38410089,132800,1658,134458
38410094,0,9000,9000
38410095,72000,137490,209490
38410099,0,1134,1134
38410104,0,2398,2398
38410112,85998,65,86063
38410113,92035,379,92414
38410114,0,0,0
38410115,232,226,458
38410116,100000,40294,140294
38410128,0,1389,1389
38410129,41,60162,60203
38410130,19535,392,19927
38410131,35,61999,62034
38410132,105,4027,4132
38410133,0,1876,1876
38410134,0,2541,2541
38410135,50314,22311,72625
38410136,0,858,858
38410137,0,0,0
38410138,0,599,599
38410139,0,1608,1608
38410140,554,6,560
38410141,0,1403,1403
38410142,70,73317,73387
38410144,35,98593,98628
38410145,85246,411024,496270
38410146,0,51,51
38410147,15892,53107,68999
38410149,4900,29,4929
38410150,93,83710,83803
38410151,64971,1045,66016
38410152,19000,29349,48349
38410153,91570,64287,155857
38410156,0,330,330
38410157,0,305,305
38410158,0,78403,78403
38410162,0,37499,37499
38410163,0,90,90
38410164,0,601,601
38410166,0,83,83
38410167,8,222,230
38410169,103840,986,104826
38410171,70,155257,155327
38410172,90000,24279,114279
38410173,2200,216,2416
38410174,0,58844,58844
38410175,22000,834,22834
38410176,41985,2177,44162
38410177,52068,607,52675
38410178,0,821,821
38410180,0,702,702
38410181,0,116,116
38410182,104479,38,104517
38410183,0,1054,1054
38410184,0,894,894
38410185,0,2710,2710
38410187,62000,1041,63041
38410188,0,544,544
38410325,78636,102814,181450
38410326,42198,30521,72719
38410327,0,161,161
38410329,0,352,352
38410330,0,0,0
38410331,125000,3922,128922
38410332,0,0,0
38410334,0,1802,1802
38410336,0,2105,2105
38410338,0,1020,1020
38410340,69000,705,69705
38410342,0,309,309
38410343,0,3343,3343
38410344,0,598,598
38410345,85000,103834,188834
38410346,60000,1074,61074
38410347,0,372,372
38410348,131744,152,131896
38410349,0,0,0
38410350,36000,28028,64028
38410351,155000,4590,159590
38410352,0,0,0
38410353,0,612,612
38410354,37924,542,38466
38410355,0,873,873
38410356,0,172,172
38410357,39000,970,39970
38410358,0,201,201
38410484,2748,41081,43829
38410485,923,1075,1998
38410486,0,859,859
38410489,0,58,58
38410490,3300,378,3678
38410491,0,588,588
38410492,0,67780,67780
38410493,10380,242,10622
38410494,30000,235919,265919
38410495,64060,681,64741
38410496,0,121555,121555
38410497,132730,361,133091
38410498,0,449,449
38410499,94125,495,94620
38410500,0,922,922
38410502,86000,64375,150375
38410503,0,855,855
38410504,150000,1298,151298
38410505,0,1905,1905
38410507,0,652,652
38410509,0,1,1
38410510,139900,98,139998
38410511,0,0,0
38410512,145326,100,145426
38410513,0,132,132
38410515,0,151832,151832
38410516,83800,1419,85219
38410517,0,54073,54073
38410518,0,643,643
38410519,99000,1501,100501
38410520,635,2330,2965
38410521,41500,273,41773
38410522,5000,331,5331
38410523,0,398,398
38410524,158758,0,158758
38410525,0,51300,51300
38410526,0,419,419
38410527,0,2282,2282
38410528,0,1899,1899
38410530,60800,465,61265
38410531,142659,31888,174547
38410532,35,630,665
38410568,0,99,99
38410581,63979,0,63979
38410583,0,6,6
38410601,0,3671,3671
38410656,0,245,245
38410657,32976,50408,83384
38410659,0,119,119
38410660,0,460,460
38410661,140476,113677,254153
38410664,0,58675,58675
38410666,0,862,862
38410668,0,268,268
38410670,13003,193,13196
38410671,0,186,186
38410672,0,252,252
38410675,0,1208,1208
38410677,9035,577,9612
38410678,105116,1173,106289
38410681,48000,862,48862
38410683,0,746,746
38410686,0,746,746
38410797,0,599,599
38410842,0,465,465
38410843,28000,38767,66767
38410852,40000,64954,104954
38410853,0,434,434
38410903,0,439,439
38420001,0,0,0
38420002,58141,213184,271325
38420003,0,273201,273201
38420004,305930,1008,306938
38420005,12247,292514,304761
38420006,0,89990,89990
38420007,49805,459024,508829
38420008,0,23698,23698
38420009,0,277672,277672
38420010,0,700,700
38420011,0,319636,319636
38420012,0,1880,1880
38420013,0,0,0
38420014,50000,108000,158000
38420015,0,500,500
38420016,0,180000,180000
38420018,0,351,351
38420019,0,131726,131726
38420020,100000,107971,207971
38420021,0,271,271
38420022,0,0,0
38420023,194000,940,194940
38420024,81000,647,81647
38420025,0,243,243
38420026,398733,1274,400007
38420027,0,13861,13861
38420028,0,567936,567936
38420029,0,109729,109729
38420030,0,782,782
38420031,0,1260162,1260162
38420032,422376,310538,732914
38420033,406952,258,407210
38420034,0,0,0
38420035,0,1169,1169
38420036,0,50,50
38420037,0,313893,313893
38420038,0,657,657
38420039,0,2000,2000
38420040,134230,614156,748386
38420041,56360,97082,153442
38420042,49246,37471,86717
38420043,0,150,150
38420044,254246,3254,257500
38420045,603288,96251,699539
38420046,0,404,404
38420047,0,2813,2813
38420049,0,804,804
38420050,43750,155796,199546
38420051,0,0,0
38420052,0,544085,544085
38420053,0,2000,2000
38420054,0,362,362
38420055,0,1172,1172
38420056,0,647,647
38420057,79200,300,79500
38420058,0,735,735
38420059,0,0,0
38420060,0,0,0
38420061,0,1249,1249
38420062,0,1382,1382
38420063,84000,265,84265
38420064,3000,355,3355
38420065,0,0,0
38420066,4672,328,5000
38420067,0,21522,21522
38420068,481428,531050,1012478
38420069,0,3780,3780
38420070,150000,280000,430000
38420071,200000,37410,237410
38420072,0,3913,3913
38420073,0,116425,116425
38420074,0,3408,3408
38420075,0,234878,234878
38420076,0,2768,2768
38420077,0,22233,22233
38420078,89016,394268,483284
38420079,0,500,500
38420080,290000,69053,359053
38420081,0,360,360
38420082,0,0,0
38420083,0,488898,488898
38420084,0,0,0
38420085,0,2589,2589
38420086,0,659,659
38420087,0,342429,342429
38420088,422072,119279,541351
38420089,0,282340,282340
38420091,247446,470976,718422
38420092,100000,45739,145739
38420093,0,63803,63803
38420096,0,145,145
38420097,0,18483,18483
38420098,195000,107646,302646
38420100,0,0,0
38420101,45080,95920,141000
38420102,0,2031,2031
38420103,0,239788,239788
38420104,0,530,530
38420105,0,6377,6377
38420106,0,28762,28762
38420107,0,136016,136016
38420108,134000,336,134336
38420109,0,404,404
38420110,165000,119678,284678
38420111,0,1238,1238
38420112,46610,60357,106967
38420113,35000,16000,51000
38420114,0,139700,139700
38420115,0,701,701
38420116,0,1088,1088
38420118,23869,60003,83872
38420119,0,118,118
38420120,150000,302,150302
38420121,0,543,543
38420122,0,148,148
38420123,101300,323901,425201
38420124,111496,148973,260469
38420125,270456,204973,475429
38420126,0,689,689
38420127,0,44834,44834
38420128,0,507,507
38420129,0,2191,2191
38420130,0,91076,91076
38420131,0,180,180
38420133,0,21415,21415
38420138,0,113007,113007
38420139,208398,27451,235849
38420140,12000,3076,15076
38420141,0,3677,3677
38420142,0,1092,1092
38420143,0,2654,2654
38420144,0,135597,135597
38420145,93915,25,93940
38420146,0,101225,101225
38420147,0,1422,1422
38420148,0,4919,4919
38420149,45000,379,45379
38420150,0,30000,30000
38420151,0,4782,4782
38420152,255000,4884,259884
38420153,106000,4051,110051
38420154,133714,59882,193596
38420155,0,467,467
38420156,0,274731,274731
38420157,0,652,652
38420158,106000,2250,108250
38420159,200,1155,1355
38420160,0,298,298
38420161,0,519,519
38420162,0,0,0
38420163,64000,889,64889
38420164,0,17995,17995
38420165,72375,1474,73849
38420166,0,258,258
38420167,0,1429,1429
38420168,0,0,0
38420169,0,53,53
38420170,66000,563,66563
38420171,0,88744,88744
38420172,0,89456,89456
38420173,0,1055,1055
38420174,2000,172,2172
38420175,75070,2028,77098
38420176,0,749,749
38420177,0,162061,162061
38420178,149945,4322,154267
38420179,0,64000,64000
38420180,0,104,104
38420181,0,708,708
38420182,725000,0,725000
38420183,0,2857,2857
38420184,342000,535,342535
38420185,63000,912,63912
38420186,0,148,148
38420187,0,0,0
38420188,0,348399,348399
38420189,133499,272,133771
38420190,0,79,79
38420191,0,9633,9633
38420192,0,696,696
38420193,0,150,150
38420194,0,9301,9301
38420195,0,325307,325307
38420196,0,1291,1291
38420197,0,379,379
38420198,0,209,209
38420199,0,50000,50000
38420200,0,372899,372899
38420201,0,0,0
38420202,0,29800,29800
38420203,0,441,441
38420204,0,307519,307519
38420205,0,342,342
38420206,115000,1399,116399
38420207,129000,622,129622
38420208,0,833,833
38420209,68000,1232,69232
38420210,0,224216,224216
38420211,559717,46073,605790
38420212,0,404,404
38420213,433612,779,434391
38420214,0,1079,1079
38420215,0,0,0
38420216,0,1487,1487
38420217,72000,130326,202326
38420218,0,308,308
38420219,0,618,618
38420220,33070,232,33302
38420221,0,150177,150177
38420222,298600,32,298632
38420223,0,5500,5500
38420225,0,992,992
38420226,0,61899,61899
38420227,364375,96239,460614
38420228,0,1646,1646
38420229,0,416788,416788
38420230,0,100,100
38420231,0,0,0
38420232,0,207725,207725
38420233,0,1114,1114
38420236,0,481,481
38420237,0,28980,28980
38420241,0,929,929
38420243,0,61841,61841
38420247,0,470,470
38420248,70400,1144,71544
38420254,0,342,342
38420258,0,31550,31550
38420259,50000,43663,93663
38420260,4000,108585,112585
38420261,0,0,0
38420263,47000,33993,80993
38420265,5000,36293,41293
38420269,0,31107,31107
38420273,0,86504,86504
38420275,86551,592,87143
38420276,0,19976,19976
38420277,0,63383,63383
38420279,0,0,0
38420282,197570,5,197575
38420283,0,0,0
38420284,0,76580,76580
38420286,32200,597,32797
38420287,9571,69584,79155
38420288,54000,470,54470
38420290,0,8300,8300
38420291,64000,110,64110
38420293,114885,115,115000
38420294,0,75469,75469
38420296,40250,0,40250
38420298,0,300,300
38420299,78807,0,78807
38420300,55268,900,56168
38420301,38000,254,38254
38420302,0,252,252
38420303,84000,875,84875
38420305,51000,17180,68180
38420306,51816,8288,60104
38420307,30000,10438,40438
38420308,0,927,927
38420310,0,813,813
38420312,39070,114,39184
38420313,215000,11722,226722
38420315,0,536,536
38420316,40615,342,40957
38420317,33800,52354,86154
38420319,0,661,661
38420320,43000,35664,78664
38420321,0,100,100
38420322,0,133165,133165
38420323,0,122,122
38420324,0,411,411
38420325,215595,2798,218393
38420327,7000,69274,76274
38420329,0,565,565
38420330,0,3581,3581
38420331,0,286,286
38420332,70000,73943,143943
38420333,96500,496,96996
38420334,0,1266,1266
38420335,0,217,217
38420336,0,344927,344927
38420340,0,17,17
38420341,33200,88,33288
38420342,34500,258,34758
38420343,0,536,536
38420344,0,503,503
38420345,0,432,432
38420346,141677,529,142206
38420347,800,447364,448164
38420348,0,0,37220
38420349,57600,910,58510
38420350,200000,23535,223535
38420351,64480,3788,68268
38420353,0,22,22
38420354,0,54,54
38420356,0,980,980
38420357,0,685,685
38420359,0,1097,1097
38420361,0,69059,69059
38420362,0,426,426
38420363,8000,298,8298
38420365,0,232,232
38420366,6000,146653,152653
38420367,0,219,219
38420368,43000,577,43577
38420370,0,199,199
38420372,0,220,220
38420373,0,446,446
38420374,0,563,563
38420376,0,1480,1480
38420377,0,241,241
38420378,0,62704,62704
38420379,0,286,286
38420381,0,575,575
38420382,0,820,820
38420383,93,26266,26359
38420385,185000,59913,244913
38420386,0,623,623
38420387,62000,855,62855
38420388,0,468,468
38420389,200000,118589,318589
38420390,0,326,326
38420391,80000,25343,105343
38420393,0,18,18
38420394,0,30635,30635
38420396,0,159486,159486
38420397,0,114,114
38420398,0,743,743
38420399,0,61322,61322
38420400,0,1032,1032
38420401,0,128474,128474
38420403,0,1241,1241
38420404,0,75475,75475
38420406,107000,618,107618
38420408,0,60071,60071
38420411,0,464,464
38420412,0,483,483
38420413,0,441,441
38420415,0,53196,53196
38420417,0,556,556
38420418,141,193861,194002
38420419,0,563,563
38420422,0,4467,4467
38420426,291715,405306,697021
38420427,0,282669,282669
38420428,0,457,457
38420429,0,0,466
38420430,0,44,44
38420433,0,230,230
38420434,212862,232812,445674
38420435,79,810,889
38420436,28000,8712,36712
38420437,25,1106,1131
38420438,0,359,359
38420439,0,224,224
38420440,23101,343,23444
38420441,0,122,122
38420443,0,911,911
38420444,0,6510,6510
38420446,0,7492,7492
38420450,0,117,117
38420451,0,12,12
38420452,0,699,699
38420453,75800,41308,117108
38420454,0,299,299
38420455,0,5826,5826
38420457,0,856,856
38420460,0,173569,173569
38420461,0,62,62
38420465,138035,97251,235286
38420466,0,444,444
38420467,0,1000,1000
38420468,0,456,456
38420469,0,22272,22272
38420470,0,1791,1791
38420471,0,367405,367405
38420472,0,48000,48000
38420474,0,0,647
38420475,0,706,706
38420477,0,806,806
38420478,52051,6926,58977
38420479,0,29228,29228
38420480,0,891,891
38420484,47500,40006,87506
38420486,0,5985,5985
38420487,0,1116,1116
38420490,0,399,399
38420492,0,50599,50599
38420494,0,928,928
38420495,0,109,109
38420497,0,29300,29300
38420499,0,1183,1183
38420500,87000,976,87976
38420501,0,2273,2273
38420502,0,1038,1038
38420504,745,0,745
38420505,0,6361,6361
38420506,0,464,464
38420507,82527,446,82973
38420508,0,573,573
38420509,52000,169,52169
38420510,0,58000,58000
38420511,0,4788,4788
38420512,0,1750,1750
38420513,0,353,353
38420514,0,67424,67424
38420515,0,47900,47900
38420516,12064,610,12674
38420517,92000,182,92182
38420518,0,1000,1000
38420519,0,3833,3833
38420521,33,2593,2626
38420522,0,637,637
38420523,50000,2568,52568
38420524,126752,0,126752
38420525,0,99675,99675
38420527,0,39,39
38420528,0,390,390
38420529,0,664,664
38420530,800,84550,85350
38420531,0,100,100
38420532,0,187500,187500
38420533,70000,1589,71589
38420535,0,86708,86708
38420536,60300,90,60390
38420540,0,53692,53692
38420543,0,144,144
38420545,0,100000,100000
38420546,0,56098,56098
38420551,0,138075,138075
38420552,10300,332391,342691
38420553,23875,240,24115
38420554,0,173014,173014
38420555,0,174,174
38420558,0,240,240
38420559,134000,95,134095
38420560,0,2800,2800
38420564,80315,1466,81781
38420565,2000,23,2023
38420566,0,204,204
38420567,0,104,104
38420568,0,117300,117300
38420569,123000,587,123587
38420573,0,761,761
38420574,0,34143,34143
38420575,115600,581,116181
38420577,0,36,36
38420578,0,473,473
38420579,0,907,907
38420580,0,414,414
38420581,124000,249,124249
38420583,0,1183,1183
38420584,132900,915,133815
38420585,0,92,92
38420586,0,332,332
38420587,0,849,849
38420588,0,92,92
38420590,0,0,0
38420591,0,0,0
38420594,0,247,247
38420595,0,86,86
38420596,0,4390,4390
38420597,0,0,0
38420598,0,458,458
38420599,0,325,325
38420602,19000,345,19345
38420603,0,111743,111743
38420604,46000,22,46022
38420605,0,1775,1775
38420606,0,786,786
38420607,0,594,594
38420608,0,359,359
38420609,0,115698,115698
38420610,0,669,669
38420611,57000,689,57689
38420613,30500,1485,31985
38420614,0,490,490
38420615,0,292,292
38420616,0,208,208
38420619,50920,402,51322
38420622,0,1148,1148
38420624,0,311,311
38420625,64000,380,64380
38420626,0,336,336
38420627,0,1262,1262
38420628,0,81,81
38420629,0,352,352
38420630,0,151,151
38420631,5000,813,5813
38420632,0,407,407
38420633,0,112,112
38420638,0,44,44
38420640,0,123,123
38420641,0,296,296
38420642,0,42635,42635
38420643,0,844,844
38420644,0,228,228
38420649,0,104,104
38420651,0,385,385
38420652,0,209,209
38420653,0,489,489
38420654,30770,0,30770
38420656,0,761,761
38420657,0,370,370
38420658,25640,377,26017
38420660,0,36,36
38420661,0,903,903
38420662,0,283,283
38420663,0,356,356
38420664,0,77,77
38420665,0,308,308
38420666,0,88,88
38420667,0,847,847
38420669,0,462,462
38420670,0,125,125
38420671,0,722,722
38420672,0,26,26
38420673,0,301,301
38420674,0,848,848
38420676,0,76042,76042
38420677,0,920,920
38420678,0,156,156
38420679,0,172,172
38420680,66000,812,66812
38420684,40033,569,40602
38420686,0,583,583
38420687,0,425,425
38420691,0,388,388
38420692,0,35300,35300
38420693,0,3750,3750
38420696,0,3055,3055
38420697,0,934,934
38420698,0,572,572
38420699,186500,139993,326493
38420701,44000,430,44430
38420703,0,852,852
38420705,0,1198,1198
38420707,1035,21,1056
38420708,0,1015,1015
38420709,0,985,985
38420710,0,599,599
38420714,141800,13,141813
38420715,0,0,0
38420719,1595,137,1732
38420720,0,75,75
38420721,158135,5112,163247
38420722,31000,836,31836
38420727,19400,101,19501
38420728,0,649,649
38420729,84504,775,85279
38420730,0,254,254
38420731,0,49912,49912
38420732,125844,141,125985
38420733,0,16,16
38420734,85035,628,85663
38420737,108000,150,108150
38420738,0,83,83
38420739,45272,54959,100231
38420741,17015,60327,77342
38420742,0,225,225
38420743,0,133,133
38420745,41000,462,41462
38420746,0,722,722
38420749,0,2355,2355
38420751,85300,12,85312
38420752,0,448,448
38420753,24266,772,25038
38420754,0,0,0
38420755,0,0,0
38420756,88528,82,88610
38420757,0,60,60
38420758,0,424,424
38420759,4000,57,4057
38420760,0,38104,38104
38420761,0,256,256
38420762,56928,34323,91251
38420763,0,390,390
38420764,48000,34987,82987
38420766,59000,729,59729
38420767,87649,74,87723
38420768,0,26020,26020
38420775,0,69902,69902
38420797,0,218,218
38420812,4600,7067,11667
38420816,0,0,0
38420818,0,0,0
38420819,0,0,0
38420820,0,908,908
38420822,0,382,382
38420823,0,39165,39165
38420826,0,0,0
38430001,439207,5133,444340
38430006,0,318616,318616
38430007,0,327,327
38430009,8,1204,1212
38430012,0,72938,72938
38430013,0,0,0
38430014,0,368716,368716
38430015,12000,1197,13197
38430016,28116,24034,52150
38430017,55428,321078,376506
38430018,480940,156174,637114
38430025,108833,449631,558464
38430026,535734,21216,556950
38430032,155623,300289,455912
38430033,98000,7518,105518
38430034,422599,64209,486808
38430035,0,399012,399012
38430037,0,488163,488163
38430038,0,44177,44177
38430040,301173,151841,453014
38430046,0,227654,227654
38430047,0,12589,12589
38430048,0,1142,1142
38430049,144035,19087,163122
38430050,151780,552,152332
38430051,153472,66976,220448
38430052,0,2405,2405
38430053,0,93169,93169
38430054,19313,1650,20963
38430055,0,6098,6098
38430066,0,59358,59358
38430067,207836,254157,461993
38430068,0,597,597
38430069,0,703,703
38430070,0,5000,5000
38430071,0,264,264
38430072,0,36088,36088
38430073,17000,896,17896
38430074,0,171353,171353
38430075,0,83,83
38430076,0,2700,2700
38430077,342267,232,342499
38430078,0,725,725
38430079,0,1308,1308
38430080,282190,153,282343
38430081,466534,1078,467612
38430082,34035,476,34511
38430086,150750,183325,334075
38430087,58,240,298
38430090,100670,1310,101980
38430100,0,153,153
38430102,0,8852,8852
38430103,60,1248,1308
38430104,0,460,460
38430107,0,40263,40263
38430108,0,17109,17109
38430111,0,127311,127311
38430112,0,469,469
38430117,0,101,101
38430119,0,1603,1603
38430121,0,15446,15446
38430122,0,321,321
38430123,0,771,771
38430124,0,45128,45128
38430125,0,2355,2355
38430126,0,749,749
38430127,0,66879,66879
38430130,0,192,192
38430135,0,33235,33235
38430136,0,73916,73916
38430137,0,2022,2022
38430138,35,1318,1353
38430139,35,1151,1186
38430140,70,38097,38167
38430141,151,895,1046
38430144,35000,328,35328
38430146,35,2118,2153
38430147,0,43,43
38430148,195105,162023,357128
38430152,19035,30961,49996
38430153,0,393,393
38430154,0,210,210
38430156,0,627,627
38430157,0,40248,40248
38430158,0,94,94
38430161,0,1464,1464
38430162,20000,142,20142
38430163,0,376,376
38430165,0,9,9
38430166,0,545,545
38430167,0,110,110
38430168,0,47904,47904
38430169,576931,442,577373
38430170,0,249,249
38430172,148035,1988,150023
38430173,0,764,764
38430174,0,1052,1052
38430178,104665,1,104666
38430179,111323,305,111628
38430187,97570,272,97842
38430189,417479,9810,427289
38430190,80429,1276,81705
38430192,172267,10273,182540
38430193,510936,1410,512346
38430195,187325,570,187895
38430196,151359,152,151511
38430197,151144,1259,152403
38430199,110410,697,111107
38430200,0,242,242
38430201,0,468,468
38430202,3000,4060,7060
38430206,0,1281,1281
38430208,0,142391,142391
38430209,0,849,849
38430222,198,2543,2741
38430247,10000,838,10838
38430248,0,874,874
38430254,0,734,734
38430344,0,1090,1090
38430345,0,44,44
38430346,0,70167,70167
38430348,0,1870,1870
38430349,0,394,394
38430350,0,122,122
38430351,0,2417,2417
38430352,0,130,130
38430353,0,117,117
38430354,0,204,204
38430358,0,410,410
38430359,0,1075,1075
38430360,0,99007,99007
38430361,0,203,203
38430362,0,526,526
38430363,0,290,290
38430364,0,1863,1863
38430366,0,75630,75630
38430368,0,146379,146379
38430369,0,108599,108599
38430370,0,75,75
38430371,0,683,683
38430372,0,412,412
38430373,0,2671,2671
38430374,0,195000,195000
38430375,0,838,838
38430376,0,14,14
38430377,0,704,704
38430378,0,475,475
38430379,0,666,666
38430380,0,1105,1105
38430381,0,809,809
38430382,0,887,887
38430383,70,434,504
38430384,0,3990,3990
38430385,106,1316,1422
38430386,70,205,275
38430387,25000,40,25040
38430388,0,465,465
38430389,0,35,35
38430390,0,465,465
38430391,0,294,294
38430393,0,379,379
38430394,0,22,22
38430395,0,405,405
38430396,0,444,444
38430397,0,1231,1231
38430398,0,2041,2041
38430399,0,181,181
38430400,0,239,239
38430401,0,454,454
38430402,0,1109,1109
38430403,0,14,14
38430404,0,654,654
38430405,0,13,13
38430406,0,1589,1589
38430407,0,814,814
38430408,0,220,220
38430409,60432,288661,349093
38430410,0,123521,123521
38430411,0,0,0
38430412,26500,423,26923
38430413,127000,446,127446
38430414,58,68422,68480
38430415,0,715,715
38430416,0,49892,49892
38430417,0,2642,2642
38430418,89,0,89
38430419,75560,689,76249
38430420,32070,846,32916
38430421,0,344,344
38430422,127930,425,128355
38430423,286290,754,287044
38430424,215554,370,215924
38430425,115847,1104,116951
38430426,107602,1445,109047
38430427,128383,1546,129929
38430428,300000,183,300183
38430429,36000,385,36385
38430430,180489,2162,182651
38430431,224000,782,224782
38430432,210000,1072,211072
38430433,101035,549,101584
38430434,179034,508,179542
38430435,150225,489,150714
38430436,93135,141,93276
38430437,125105,1567,126672
38430438,334256,679,334935
38430439,184093,851,184944
38430440,295000,921,295921
38430441,274325,997,275322
38430442,11200,101555,112755
38430443,97535,327,97862
38430444,72000,478,72478
38430445,97825,658,98483
38430452,0,32835,32835
38430484,0,346,346
38430485,0,80311,80311
38430498,0,1167,1167
38430509,0,131,131
38430513,35,866,901
38430569,0,0,0
38430579,0,15,15
38430581,54500,405,54905
38430593,128000,822,128822
38430596,0,533,533
38430598,0,0,0
38440001,0,0,0
38440002,200000,271711,471711
38440003,97066,186013,283079
38440004,0,7347,7347
38440005,0,463790,463790
38440006,0,103,103
38440007,0,211938,211938
38440008,127350,4465,131815
38440009,0,148,148
38440010,0,455,455
38440011,96000,504,96504
38440012,189070,262,189332
38440013,0,227,227
38440014,99000,168047,267047
38440015,193050,211,193261
38440016,0,0,0
38440017,0,1086,1086
38440018,0,26,26
38440019,0,90,90
38440020,0,804,804
38440021,0,1911,1911
38440022,0,68244,68244
38440023,0,2560,2560
38440024,0,135426,135426
38440025,114785,119717,234502
38440026,794786,72214,867000
38440027,200000,107477,307477
38440028,0,1647,1647
38440029,0,189190,189190
38440030,0,1186,1186
38440031,0,153000,153000
38440032,0,0,0
38440033,0,199262,199262
38440034,103000,411,103411
38440035,0,176824,176824
38440036,227904,10653,238557
38440037,68045,107650,175695
38440038,0,2059,2059
38440039,0,19283,19283
38440040,30041,8093,38134
38440041,0,1102,1102
38440042,0,1055,1055
38440043,0,18107,18107
38440044,60000,66000,126000
38440045,27164,62674,89838
38440046,0,4304,4304
38440047,0,230,230
38440048,39930,13074,53004
38440049,0,14420,14420
38440050,31280,4911,36191
38440051,100035,64429,164464
38440052,120290,11334,131624
38440053,84000,139,84139
38440054,0,648,648
38440055,171794,357915,529709
38440056,0,9414,9414
38440057,52000,902,52902
38440058,106000,684,106684
38440059,62500,295,62795
38440060,0,10,10
38440061,109,101946,102055
38440062,24882,607,25489
38440063,95000,2606,97606
38440064,83000,2486,85486
38440065,71423,2745,74168
38440066,0,22354,22354
38440067,54000,3082,57082
38440068,69000,820,69820
38440069,181391,33878,215269
38440070,0,306884,306884
38440071,55926,1235,57161
38440072,59000,955,59955
38440073,58000,593,58593
38440074,0,102233,102233
38440075,0,332,332
38440076,0,132,132
38440077,0,2533,2533
38440078,0,1795,1795
38440079,0,407,407
38440080,99000,1454,100454
38440081,9164,1823,10987
38440082,158000,1265,159265
38440083,0,730,730
38440084,0,286,286
38440085,30000,50787,80787
38440086,103888,519,104407
38440087,100185,106126,206311
38440088,88000,100802,188802
38440089,59972,13398,73370
38440090,69290,727,70017
38440091,125000,842,125842
38440092,106000,2174,108174
38440093,65806,128465,194271
38440094,0,463,463
38440095,81000,770,81770
38440096,0,955,955
38440098,15000,1936,16936
38440099,18970,1823,20793
38440100,0,194965,194965
38440101,113738,74343,188081
38440102,5563,1449,7012
38440103,0,48700,48700
38440104,44000,15731,59731
38440107,6000,136,6136
38440109,3947,1592,5539
38440110,0,522,522
38440111,0,0,0
38440112,0,707,707
38440113,0,73933,73933
38440114,0,4566,4566
38440115,0,41074,41074
38440116,0,63601,63601
38440117,0,37243,37243
38440118,45000,2711,47711
38440120,99865,9000,108865
38440121,0,109134,109134
38440122,0,105593,105593
38440123,158000,49438,207438
38440124,6000,67817,73817
38440125,12000,86594,98594
38440126,30000,59498,89498
38440127,0,385,385
38440128,30070,23919,53989
38440129,0,115271,115271
38440130,0,20792,20792
38440131,0,315,315
38440135,17000,742,17742
38440136,0,1836,1836
38440137,0,39714,39714
38440138,0,27483,27483
38440140,0,129478,129478
38440142,0,85163,85163
38440143,0,489,489
38440144,81690,122181,203871
38440145,0,913,913
38440146,0,1960,1960
38440147,0,0,0
38440148,35000,21640,56640
38440149,0,11143,11143
38440150,0,1097,1097
38440151,111650,1602,113252
38440154,15000,14318,29318
38440156,90000,4133,94133
38440157,0,86027,86027
38440158,18000,1387,19387
38440160,0,28010,28010
38440161,0,1808,1808
38440163,0,457,457
38440164,0,2272,2272
38440165,0,430,430
38440166,0,27048,27048
38440167,0,765,765
38440168,0,383,383
38440169,0,54,54
38440170,0,377,377
38440171,0,1250,1250
38440172,0,100965,100965
38440174,0,207,207
38440176,0,3200,3200
38440177,0,0,0
38440179,0,86194,86194
38440181,45000,757,45757
38440182,96300,12484,108784
38440184,0,48991,48991
38440185,187958,266948,454906
38440186,44000,623,44623
38440187,0,38614,38614
38440188,31000,352,31352
38440189,65000,620,65620
38440192,36800,2098,38898
38440193,0,16821,16821
38440194,42000,1786,43786
38440195,17500,608,18108
38440196,20840,67,20907
38440197,27000,602,27602
38440198,40500,213,40713
38440202,138000,11706,149706
38440203,79000,298,79298
38440205,0,60000,60000
38440207,139000,933,139933
38440208,110783,1521,112304
38440209,0,45785,45785
38440210,0,38716,38716
38440211,10000,44026,54026
38440212,0,33007,33007
38440213,0,92701,92701
38440214,0,194,194
38440215,0,16,16
38440216,0,68159,68159
38440218,0,78,78
38440220,0,4009,4009
38440222,0,552,552
38440223,0,11339,11339
38440224,0,59689,59689
38440226,0,64,64
38440229,3000,203,3203
38440230,0,38078,38078
38440232,63300,1180,64480
38440235,0,1255,1255
38440236,0,1362,1362
38440237,30000,92721,122721
38440238,0,177974,177974
38440240,0,68118,68118
38440241,19900,572,20472
38440243,138000,212,138212
38440245,0,32115,32115
38440246,30000,31116,61116
38440256,0,10774,10774
38440265,0,156393,156393
38440273,0,205166,205166
38450002,140218,5202,145420
38450003,161417,440752,602169
38450004,213000,1107,214107
38450005,152021,522230,674251
38450008,18000,3716,21716
38450010,0,288,288
38450011,0,0,0
38450019,185383,1922,187305
38450020,0,0,0
38450021,403,1517,1920
38450022,137430,8155,145585
38450023,0,1649,1649
38450024,95562,191796,287358
38450027,145936,31000,176936
38450028,38161,103765,141926
38450029,79000,614,79614
38450030,100035,138902,238937
38450031,221160,3039,224199
38450036,56000,300601,356601
38450039,66108,235,66343
38450041,505236,196808,702044
38450042,0,30,30
38450043,732966,30944,763910
38450044,71450,728441,799891
38450045,0,6496,6496
38450056,100000,165393,265393
38450057,0,22172,22172
38450058,204081,37984,242065
38450059,152999,14686,167685
38450060,180000,83944,263944
38450061,90000,36006,126006
38450062,0,356,356
38450063,100635,101813,202448
38450064,0,0,0
38450065,118535,3439,121974
38450083,0,229,229
38450084,67500,67263,134763
38450085,0,0,0
38450088,134535,813,135348
38450089,0,255,255
38450091,0,8891,8891
38450092,52070,388,52458
38450093,0,0,0
38450094,160000,1069,161069
38450095,175035,1442,176477
38450096,50500,30038,80538
38450097,56000,654,56654
38450098,107105,649,107754
38450099,0,0,0
38450210,85035,21599,106634
38450211,0,559,559
38450212,0,501,501
38450213,32035,702,32737
38450214,45535,563,46098
38450215,14935,33311,48246
38450216,45070,37268,82338
38450217,93000,38509,131509
38450218,34200,56208,90408
38450219,130070,95859,225929
38450223,125000,38422,163422
38450227,0,1416,1416
38450228,0,92273,92273
38450229,25400,11015,36415
38450231,50000,5690,55690
38450232,76937,893,77830
38450234,30290,202,30492
38450236,48225,6406,54631
38450237,81790,799,82589
38450240,12000,24522,36522
38450244,76500,513,77013
38450245,0,163908,163908
38450255,0,81731,81731
38450256,73000,60622,133622
38450258,30035,101842,131877
38450264,0,241731,241731
38450265,14810,52760,67570
38450269,30035,23400,53435
38450270,17522,965,18487
38450271,46500,8283,54783
38450272,57000,632,57632
38450273,20035,48439,68474
38450275,10000,127885,137885
38450276,125120,260,125380
38450278,0,0,0
38450279,0,173,173
38450280,0,105,105
38450283,65035,3866,68901
38450285,125035,36968,162003
38450286,0,76291,76291
38450287,0,0,0
38450288,31235,59,31294
38450289,23812,327,24139
38450290,0,113049,113049
38450291,64035,153,64188
38450292,53000,5593,58593
38450293,0,496,496
38450295,0,83733,83733
38450296,89500,229,89729
38450298,54000,593,54593
38450299,540673,7439,548112
38450303,56735,17180,73915
38450304,78582,247,78829
38450306,66290,368,66658
38450307,10058,5759,15817
38450308,0,384,384
38450309,142000,1897,143897
38450310,0,0,0
38450311,10035,64108,74143
38450316,60558,17906,78464
38450318,0,0,0
38450319,0,0,0
38450320,33070,25722,58792
38450321,0,0,0
38450325,103614,6736,110350
38450326,153500,406,153906
38450327,25000,3095,28095
38450328,0,127164,127164
38450330,49305,5124,54429
38450332,0,52297,52297
38450333,20000,18200,38200
38450334,25000,4972,29972
38450338,0,107,107
38450341,15035,13475,28510
38450343,44635,44,44679
38450446,77965,199,78164
38450447,50008,569,50577
38450448,35170,43,35213
38450449,40070,58265,98335
38450450,42000,1901,43901
38450451,415801,73,415874
38450453,140000,3963,143963
38450454,70465,57163,127628
38450456,122035,1127,123162
38450457,56970,118,57088
38450458,0,137,137
38450459,0,0,0
38450460,20000,5000,25000
38450462,50000,8493,58493
38450463,99000,508,99508
38450464,40000,2992,42992
38450465,78395,25398,103793
38450466,63951,182,64133
38450467,55651,43756,99407
38450468,230163,487,230650
38450469,0,413,413
38450470,43500,329,43829
38450471,45000,45130,90130
38450472,30532,144,30676
38450473,141070,16543,157613
38450474,28035,608,28643
38450475,0,36515,36515
38450476,60000,72269,132269
38450477,83600,516,84116
38450478,90000,23317,113317
38450480,60000,1289,61289
38450481,83535,521,84056
38450482,124031,82983,207014
38450487,0,35923,35923
38450488,77035,219,77254
38450489,40325,32808,73133
38450490,68390,0,68390
38450491,56000,755,56755
38450492,95535,72157,167692
38450493,20000,58164,78164
38450494,75000,1228,76228
38450495,166706,0,166706
38450496,28035,3,28038
38450497,0,926,926
38450499,37000,946,37946
38450500,134035,392,134427
38450501,47035,156,47191
38450502,71844,156,72000
38450503,95000,801,95801
38450504,0,117,117
38450506,52200,22,52222
38450507,28535,236,28771
38450508,35035,432,35467
38450511,3037,236,3273
38450514,0,0,0
38450515,40325,915,41240
38450516,32043,360,32403
38450517,10070,1540,11610
38450518,42535,286,42821
38450519,0,337,337
38450520,30000,41189,71189
38450521,85424,357,85781
38450522,53035,11681,64716
38450523,0,158,158
38450524,35,264,299
38450525,45035,68289,113324
38450526,0,0,0
38450527,0,0,0
38450528,50035,22526,72561
38450529,85035,1346,86381
38450530,58825,36,58861
38450531,0,0,0
38450532,326,2299,2625
38450533,84328,97838,182166
38450534,66139,158,66297
38450535,0,0,0
38450536,8,450,458
38450537,28500,334,28834
38450538,0,0,0
38450539,0,0,0
38450540,76000,120,76120
38450541,0,0,0
38450542,0,0,0
38450543,120000,778,120778
38450545,26900,5,26905
38450546,0,0,0
38450547,0,0,0
38450549,25000,948,25948
38450550,59500,331,59831
38450552,188935,11,188946
38450553,113200,283,113483
38450554,0,344,344
38450555,41500,285,41785
38450556,0,525,525
38450557,6035,657,6692
38450558,139000,214,139214
38450559,0,157,157
38450560,28035,195,28230
38450561,0,515,515
38450609,89000,9563,98563
38450610,62000,1756,63756
38450627,0,0,0
38450628,35035,18591,53626
38450629,83000,182,83182
38450631,89035,645,89680
38450632,13661,302,13963
38460003,0,818,818
38460004,0,0,0
38460007,100000,188569,288569
38460014,0,0,0
38460015,0,1552,1552
38460016,0,569600,569600
38460017,0,35,35
38460018,50000,241650,291650
38460019,0,37,37
38460020,600000,105889,705889
38460021,150000,174495,324495
38460022,0,0,0
38460023,0,1487,1487
38460034,0,0,0
38460043,0,0,0
38460044,0,0,0
38460045,0,2037,2037
38460053,0,0,0
38460054,0,563,563
38460058,0,1695,1695
38460059,0,216,216
38460060,0,538,538
38460061,0,65,65
38460062,0,37,37
38460063,0,771,771
38460064,0,98,98
38460065,0,66,66
38460066,129000,861,129861
38460067,0,238470,238470
38460090,0,1075,1075
38460091,41440,500,41940
38460092,0,0,0
38460096,50000,108070,158070
38460097,0,648,648
38460098,0,156,156
38460100,0,762,762
38460101,0,481,481
38460102,0,148017,148017
38460103,106600,1130,107730
38460105,75000,194648,269648
38460106,24053,176703,200756
38460107,0,529,529
38460108,0,176508,176508
38460109,0,536,536
38460110,0,158055,158055
38460111,67268,1582,68850
38460192,118500,44254,162754
38460193,0,89107,89107
38460194,0,129628,129628
38460196,0,137,137
38460197,96604,1111,97715
38460198,0,7000,7000
38460199,31500,61784,93284
38460200,9070,52837,61907
38460202,0,496,496
38460204,50000,59217,109217
38460205,0,3218,3218
38460206,0,0,0
38460207,0,558,558
38460208,0,534,534
38460209,0,836,836
38460210,30000,27296,57296
38460211,0,514,514
38460212,0,165,165
38460213,0,1379,1379
38460214,0,144,144
38460216,0,5120,5120
38460218,0,187,187
38460224,0,239,239
38460225,40000,207832,247832
38460227,0,63,63
38460229,0,52,52
38460230,0,183,183
38460231,0,199,199
38460232,0,65,65
38460233,0,133,133
38460234,0,7818,7818
38460235,35500,315,35815
38460237,0,511,511
38460238,0,87,87
38460239,0,92,92
38460240,0,128,128
38460241,0,218,218
38460242,89874,126909,216783
38460243,0,74,74
38460244,0,75,75
38460246,0,469,469
38460249,0,66,66
38460250,0,17,17
38460251,0,119,119
38460254,0,534,534
38460255,0,587,587
38460256,0,200,200
38460259,0,187,187
38460260,36000,788,36788
38460261,0,158,158
38460262,24723,83638,108361
38460263,0,32,32
38460264,148093,45,148138
38460265,0,334,334
38460266,0,34659,34659
38460267,0,492,492
38460268,0,494,494
38460269,0,69,69
38460270,0,437,437
38460271,63023,400,63423
38460272,0,294,294
38460273,0,50,50
38460276,0,248,248
38460277,0,46,46
38460278,0,0,0
38460279,0,255,255
38460280,0,67,67
38460281,0,461,461
38460282,0,2541,2541
38460283,0,258,258
38460284,0,542,542
38460285,0,467,467
38460286,0,678,678
38460287,24900,134,25034
38460292,0,988,988
38460293,0,171147,171147
38460294,30000,1286,31286
38460295,60035,46,60081
38460296,0,141,141
38460298,0,25570,25570
38460301,0,915,915
38460302,0,749,749
38460303,720,789,1509
38460304,0,655,655
38460305,0,1905,1905
38460306,0,36,36
38460307,0,3,3
38460308,0,62,62
38460309,0,1596,1596
38460311,0,4,4
38460313,0,1351,1351
38460316,0,146893,146893
38460317,40500,171821,212321
38460318,17400,213,17613
38460319,0,746,746
38460320,50000,149635,199635
38460321,0,80,80
38460322,0,693,693
38460323,0,86,86
38460324,0,31,31
38460536,0,90905,90905
38460538,0,10996,10996
38460539,0,391,391
38460540,0,731,731
38460541,8000,453,8453
38460543,0,770,770
38460548,0,45,45
38460549,0,0,0
38460552,0,394,394
38460553,0,0,0
38460554,0,691,691
38460555,0,0,0
38460560,0,49,49
38460561,0,1309,1309
38460562,0,924,924
38460563,57659,200,57859
38460566,0,258,258
38460567,0,0,0
38460570,27982,121,28103
38460572,0,58329,58329
38460573,0,55,55
38460574,0,64,64
38460576,0,293,293
38460578,0,600,600
38460579,0,500,500
38460580,0,0,0
38460584,0,239,239
38460586,0,41,41
38460587,25131,858,25989
38460588,0,200,200
38460589,0,792,792
38460591,86700,16,86716
38460592,0,136,136
38460594,0,18,18
38460595,0,0,0
38460597,0,119,119
38460598,0,1080,1080
38460602,0,224,224
38460603,0,740,740
38460604,81000,114,81114
38460605,0,173,173
38460607,0,1,1
38460608,61869,850,62719
38460609,0,661,661
38460610,0,1134,1134
38460613,0,98,98
38460618,0,50934,50934
38460619,0,369,369
38460620,0,27961,27961
38460621,0,2684,2684
38460624,0,62,62
38460625,0,1800,1800
38460627,2800,32,2832
38460628,0,49785,49785
38460629,0,41000,41000
38460630,0,337,337
38460631,95000,1360,96360
38460632,0,41,41
38460635,0,838,838
38460636,94604,291,94895
38460637,0,432,432
38460639,118806,1449,120255
38460641,0,480,480
38460643,0,63710,63710
38460646,30054,1250,31304
38460804,0,40864,40864
38460807,29000,55635,84635
38460821,25000,55259,80259
38460826,0,291,291
38460829,0,780,780
38460832,0,524,524
38460833,0,208,208
38460835,0,208084,208084
38460840,0,324,324
38460895,0,264,264
38460897,31500,429,31929
38460898,0,738,738
38460899,0,241,241
38460900,0,0,0
38470005,1180944,9,1180953
38470025,353723,260940,614663
38470026,100000,113317,213317
38470027,0,0,0
38470028,0,744,744
38470029,58465,206132,264597
38470030,0,2445,2445
38470031,167432,246005,413437
38470032,479920,44143,524063
38470033,0,10764,10764
38470036,0,106,106
38470039,235140,566361,801501
38470071,0,312,312
38470072,126039,58978,185017
38470073,153140,189296,342436
38470074,0,47,47
38470075,16000,9783,25783
38470076,0,610,610
38470077,0,125766,125766
38470078,130000,115796,245796
38470079,0,1313,1313
38470080,15000,94321,109321
38470117,0,1231,1231
38470118,0,756,756
38470119,138,116974,117112
38470120,63000,244,63244
38470121,148,139412,139560
38470122,64712,19070,83782
38470123,0,0,0
38470124,0,89486,89486
38470125,0,2029,2029
38470126,51000,71556,122556
38470127,55684,20,55704
38470360,8039,65700,73739
38470361,60000,1132,61132
38470364,0,41250,41250
38470370,51070,90476,141546
38470371,40000,47127,87127
38470372,55000,48286,103286
38470373,77116,2625,79741
38470375,19510,312,19822
38470376,45000,20851,65851
38470378,20000,58264,78264
38470379,39070,10236,49306
38470381,3093,1713,4806
38470383,20000,3019,23019
38470385,0,1352,1352
38470386,50000,62259,112259
38470387,0,95276,95276
38470388,52805,14642,67447
38470389,0,656,656
38470390,30000,7288,37288
38470392,50000,39140,89140
38470396,30000,113391,143391
38470397,32700,241,32941
38470398,10000,17961,27961
38470399,31000,59794,90794
38470400,62000,4313,66313
38470401,157000,3151,160151
38470403,30000,28488,58488
38470404,0,0,0
38470405,20000,41257,61257
38470407,0,0,0
38470408,27580,69349,96929
38470411,45000,17807,62807
38470412,32528,43295,75823
38470413,0,5230,5230
38470414,46000,205,46205
38470416,0,1068,1068
38470417,0,1160,1160
38470418,11984,110033,122017
38470420,0,462,462
38470421,60000,6806,66806
38470422,119395,43941,163336
38470423,0,60479,60479
38470424,0,1942,1942
38470425,0,1384,1384
38470426,0,1130,1130
38470427,0,106597,106597
38470429,0,1846,1846
38470430,0,46412,46412
38470433,0,755,755
38470434,0,668,668
38470435,0,82223,82223
38470436,0,659,659
38470437,0,2418,2418
38470438,0,314,314
38470440,0,2119,2119
38470441,0,0,0
38470442,0,3399,3399
38470443,75500,590,76090
38470444,0,121,121
38470445,0,587,587
38470446,0,62240,62240
38470447,0,962,962
38470448,0,1563,1563
38470450,0,506,506
38470451,0,565,565
38470452,0,201,201
38470453,5000,912,5912
38470454,30000,3049,33049
38470455,0,11485,11485
38470457,0,73026,73026
38470458,100000,28297,128297
38470459,0,462,462
38470460,107265,9000,116265
38470461,25000,49475,74475
38470462,0,1045,1045
38470463,0,95695,95695
38470464,9741,15213,24954
38470465,39500,20583,60083
38470466,50000,47417,97417
38470470,119000,31115,150115
38470471,53000,61849,114849
38470473,9500,24,9524
38470474,25000,114239,139239
38470475,0,442,442
38470478,145000,6548,151548
38470479,30126,44462,74588
38470482,65000,859,65859
38470687,40170,174420,214590
38470688,10418,86263,96681
38470689,170000,214747,384747
38470690,0,115872,115872
38470691,8000,779,8779
38470692,108050,27673,135723
38470693,70093,29443,99536
38470694,107,16448,16555
38470695,36000,56909,92909
38470696,56,52804,52860
38470697,0,72884,72884
38470698,0,2806,2806
38470699,67,11424,11491
38470700,70,39730,39800
38470702,171,204176,204347
38470703,24000,757,24757
38470704,30098,15629,45727
38470705,0,116848,116848
38470706,10000,38116,48116
38470707,0,33033,33033
38470708,151,1735,1886
38470710,80435,40727,121162
38470711,0,76081,76081
38470712,18810,339,19149
38470713,550,79361,79911
38470714,0,411,411
38470715,35,86148,86183
38470716,0,499,499
38470717,0,1063,1063
38470718,0,0,0
38470719,0,850,850
38470720,70000,2486,72486
38470722,0,445,445
38470724,72000,159,72159
38470725,0,460,460
38470726,33000,668,33668
38470728,64000,268,64268
38470729,0,568,568
38470732,46000,518,46518
38470733,51000,304987,355987
38470734,0,500,500
38470735,57500,65324,122824
38470736,0,1035,1035
38470737,4000,30251,34251
38470738,74000,510,74510
38470739,20500,31066,51566
38470742,0,2625,2625
38470743,32000,101961,133961
38470744,4000,29869,33869
38470745,0,194,194
38470747,1,86240,86241
38470748,0,38400,38400
38470752,0,247,247
38470754,0,422,422
38470755,0,27,27
38470756,0,15313,15313
38470758,0,715,715
38470759,0,752,752
38470760,0,847,847
38470761,0,86116,86116
38470762,92680,4,92684
38470763,49500,23,49523
38470764,0,2765,2765
38470767,0,9,9
38470768,8,751,759
38470769,5000,504,5504
38470770,0,605,605
38470771,7000,4707,11707
38470773,50000,106689,156689
38470774,35500,36521,72021
38470776,10000,7747,17747
38470777,0,1838,1838
38470778,0,0,0
38470786,0,495,495
38470787,0,67547,67547
38470790,0,946,946
38470792,0,33341,33341
38470864,60000,222,60222
38470865,70000,17915,87915
38470869,30421,26300,56721
38470875,50035,51615,101650
38470876,0,745,745
38470896,0,834,834
38470898,15082,73382,88464
39110001,114137,288129,402266
39110002,250563,562026,812589
39110004,250070,59519,309589
39110005,517572,0,517572
39110006,143000,134314,277314
39110007,136101,168467,304568
39110008,216744,168822,385566
39110009,738380,308877,1047257
39110010,128800,497559,626359
39110011,220191,2079,222270
39110012,41,192438,192479
39110013,100000,184761,284761
39110014,162530,238298,400828
39110015,0,155500,155500
39110016,0,220971,220971
39110017,402133,181633,583766
39110018,107825,190493,298318
39110019,746244,494,746738
39110020,168000,831,168831
39110021,66505,342889,409394
39110022,297636,1643,299279
39110023,334916,73147,408063
39110024,322832,87440,410272
39110025,89235,156673,245908
39110026,277934,272151,550085
39110027,42153,250791,292944
39110028,269251,2779,272030
39110029,0,221037,221037
39110030,331000,179215,510215
39110031,203286,233,203519
39110032,145000,339791,484791
39110033,103842,271754,375596
39110034,266844,3283,270127
39110035,137612,68305,205917
39110036,140452,2711,143163
39110037,0,0,0
39110038,160890,150538,311428
39110040,0,826,826
39110041,204415,372403,576818
39110042,139590,142762,282352
39110043,0,474478,474478
39110044,129000,48866,177866
39110045,115588,95549,211137
39110046,168904,1018,169922
39110047,78687,227914,306601
39110048,262443,41936,304379
39110049,80000,95525,175525
39110050,0,347879,347879
39110051,319335,55896,375231
39110052,82000,114033,196033
39110053,525500,17240,542740
39110054,0,349646,349646
39110055,163000,165730,328730
39110056,134800,838780,973580
39110057,192815,509223,702038
39110058,38000,324914,362914
39110059,304068,41679,345747
39110060,212003,402982,614985
39110061,0,312999,312999
39110062,218,422510,422728
39110063,0,429862,429862
39110064,413409,394393,807802
39110065,133000,250209,383209
39110066,180820,3728,184548
39110067,236468,193742,430210
39110068,183,431595,431778
39110069,57222,595125,652347
39110070,344135,818041,1162176
39110071,123000,126434,249434
39110072,169186,227289,396475
39110073,0,311494,311494
39110074,0,221353,221353
39110075,35,355878,355913
39110076,0,267869,267869
39110077,284054,519,284573
39110078,0,107235,107235
39110079,89884,104660,194544
39110080,5060,158150,163210
39110081,126600,11419,138019
39110082,100000,88554,188554
39110083,55026,80469,135495
39110084,34804,306216,341020
39110085,83110,25172,108282
39110086,0,193336,193336
39110087,0,94891,94891
39110088,260782,194193,454975
39110089,0,167482,167482
39110090,190000,9223,199223
39110091,100000,82998,182998
39110092,130200,46915,177115
39110093,0,418467,418467
39110094,115000,107393,222393
39110095,226622,17323,243945
39110096,17530,240897,258427
39110097,117000,61671,178671
39110098,108652,54390,163042
39110099,50000,195056,245056
39110100,0,0,0
39110101,100000,8224,108224
39110102,194662,611,195273
39110103,110000,1943,111943
39110104,34448,114470,148918
39110105,0,0,0
39110106,100000,65287,165287
39110107,99000,175008,274008
39110108,75,266328,266403
39110109,12059,217858,229917
39110110,100000,45356,145356
39110111,78,318573,318651
39110112,34650,191207,225857
39110113,308890,3294,312184
39110114,50000,132052,182052
39110115,46268,605331,651599
39110116,223533,0,223533
39110117,114000,46893,160893
39110119,125046,52160,177206
39110120,75000,118613,193613
39110121,108362,13731,122093
39110122,128000,321,128321
39110123,200000,13450,213450
39110124,0,317363,317363
39110125,178573,402,178975
39110126,0,294235,294235
39110127,0,0,0
39110128,207355,0,207355
39110129,157000,541,157541
39110130,10000,201455,211455
39110131,102444,1245,103689
39110132,55527,146126,201653
39110133,116566,222305,338871
39110135,0,163410,163410
39110136,0,177447,177447
39110137,129108,30604,159712
39110138,0,0,0
39110139,119000,195209,314209
39110140,150000,43565,193565
39110142,0,360111,360111
39110143,30000,289648,319648
39110144,321303,147336,468639
39110145,100056,33995,134051
39110146,66813,94785,161598
39110147,100000,76880,176880
39110148,39138,99865,139003
39110149,114950,206787,321737
39110150,193210,167970,361180
39110151,120000,6730,126730
39110152,154678,53905,208583
39110153,150000,87134,237134
39110154,143023,26529,169552
39110155,0,518997,518997
39110156,50076,192460,242536
39110157,88850,480338,569188
39110158,110000,83691,193691
39110159,100000,19616,119616
39110160,50000,365526,415526
39110161,180076,1129,181205
39110162,241245,2557,243802
39110163,145000,42416,187416
39110164,82000,354,82354
39110165,70000,7743,77743
39110166,83350,649681,733031
39110167,0,326498,326498
39110168,0,249065,249065
39110171,447829,29705,477534
39110172,82000,111317,193317
39110174,50216,350683,400899
39110176,183,375243,375426
39110177,160000,1139,161139
39110178,169300,147,169447
39110179,60942,206735,267677
39110180,203724,38442,242166
39110181,150000,247,150247
39110182,150000,860,150860
39110183,23570,133287,156857
39110184,63070,24262,87332
39110185,192251,101212,293463
39110186,50000,186716,236716
39110187,106447,15335,121782
39110188,153030,1675,154705
39110189,195844,466,196310
39110190,177000,3312,180312
39110191,40035,149814,189849
39110192,128111,4987,133098
39110193,89000,169,89169
39110194,77035,165926,242961
39110195,172091,1,172092
39110196,80728,117083,197811
39110197,41000,49689,90689
39110198,100000,221650,321650
39110199,230000,6150,236150
39110200,500870,154685,655555
39110201,290035,1573,291608
39110202,150099,6630,156729
39110204,79998,32372,112370
39110205,80033,740,80773
39110206,148554,91,148645
39110207,145,213652,213797
39110208,96000,1085,97085
39110209,64000,321,64321
39110210,81911,883,82794
39110211,50000,257216,307216
39110212,115933,248610,364543
39110213,4,147559,147563
39110214,70000,139680,209680
39110215,68729,2436,71165
39110216,70000,1549,71549
39110217,50000,68474,118474
39110218,31359,84972,116331
39110219,120727,55143,175870
39110220,57296,41458,98754
39110221,145000,31860,176860
39110224,30000,41292,71292
39110225,150000,114121,264121
39110226,92088,913,93001
39110227,120000,20796,140796
39110229,45000,20294,65294
39110231,66809,14057,80866
39110232,50000,57770,107770
39110233,40019,26487,66506
39110234,40000,81163,121163
39110236,50000,55064,105064
39110238,20,118263,118283
39110239,66400,201,66601
39110241,179427,2137,181564
39110242,0,172940,172940
39110244,0,47925,47925
39110245,35000,21890,56890
39110246,68783,4973,73756
39110247,84362,1371,85733
39110248,30000,10567,40567
39110249,68525,83045,151570
39110250,20000,107637,127637
39110251,65156,60256,125412
39110252,0,76255,76255
39110253,45000,28794,73794
39110254,40000,19704,59704
39110255,0,0,0
39110256,60000,12026,72026
39110257,63300,5049,68349
39110258,250274,9436,259710
39110259,0,68098,68098
39110260,43045,59885,102930
39110265,35820,70677,106497
39110268,37800,18700,56500
39110269,33467,115743,149210
39110270,65016,10549,75565
39110271,0,69865,69865
39110272,30000,83277,113277
39110273,50034,27930,77964
39110274,130000,660,130660
39110276,57550,58258,115808
39110277,50000,9508,59508
39110278,20012,33881,53893
39110279,92000,221,92221
39110281,133000,49353,182353
39110283,86000,175537,261537
39110284,10000,31522,41522
39110285,40000,46800,86800
39110286,50000,240002,290002
39110287,6000,45415,51415
39110288,175000,65492,240492
39110289,82050,33176,115226
39110290,17500,37385,54885
39110291,70000,75202,145202
39110292,0,0,0
39110293,51000,144377,195377
39110297,12011,39077,51088
39110299,30000,35522,65522
39110300,0,0,0
39110301,50023,67030,117053
39110302,41617,111634,153251
39110303,31,138364,138395
39110304,32000,35430,67430
39110305,90000,1921,91921
39110306,0,47467,47467
39110307,60000,66155,126155
39110308,0,96600,96600
39110309,71293,142119,213412
39110310,40000,102117,142117
39110311,156000,483,156483
39110312,138775,275,139050
39110313,0,0,0
39110314,39,154475,154514
39110316,50000,18686,68686
39110317,0,52955,52955
39110318,50000,30559,80559
39110319,85268,135,85403
39110320,5904,57713,63617
39110321,87000,16098,103098
39110322,0,0,0
39110323,61984,203,62187
39110324,40016,42518,82534
39110325,0,0,0
39110326,25096,210384,235480
39110327,108522,565,109087
39110328,36030,40764,76794
39110329,30500,15338,45838
39110330,50000,15135,65135
39110331,85000,11826,96826
39110333,79015,371,79386
39110334,147000,26262,173262
39110335,40000,142193,182193
39110337,30000,53569,83569
39110338,30000,159963,189963
39110339,78000,392,78392
39110340,60000,37867,97867
39110341,50000,132508,182508
39110343,94000,627,94627
39110344,200000,92792,292792
39110345,0,114410,114410
39110346,107280,23511,130791
39110349,70001,1427,71428
39110350,116000,44536,160536
39110351,0,210893,210893
39110352,20000,60810,80810
39110353,48600,5351,53951
39110355,59,137923,137982
39110356,98123,174650,272773
39110357,130078,55438,185516
39110359,100218,38892,139110
39110361,35000,37634,72634
39110363,85500,39453,124953
39110364,120000,3151,123151
39110365,140000,16456,156456
39110367,50000,119,50119
39110368,65000,43822,108822
39110373,90022,148181,238203
39110374,86000,164,86164
39110375,87000,292,87292
39110376,150000,94250,244250
39110377,40000,54361,94361
39110379,0,117168,117168
39110380,200325,29844,230169
39110382,69000,964,69964
39110383,38000,20840,58840
39110384,50000,16521,66521
39110385,85000,149462,234462
39110388,38000,18191,56191
39110389,48000,2993,50993
39110390,20000,66595,86595
39110392,50000,40906,90906
39110394,0,242288,242288
39110395,57500,1293,58793
39110396,0,265160,265160
39110397,65043,0,65043
39110398,90000,852,90852
39110399,50000,90460,140460
39110400,105000,4939,109939
39110401,0,0,0
39110402,53900,79,53979
39110403,50000,10400,60400
39110405,119741,20683,140424
39110407,75000,17844,92844
39110408,10040,430,10470
39110409,86611,1990,88601
39110410,50000,82582,132582
39110411,40000,68758,108758
39110413,14320,119902,134222
39110414,70500,18026,88526
39110416,44894,16083,60977
39110418,88000,1172,89172
39110419,115584,95,115679
39110420,150000,68797,218797
39110421,70062,86445,156507
39110422,42000,396,42396
39110423,169894,378,170272
39110424,63200,400,63600
39110425,205575,10,205585
39110426,15000,79865,94865
39110427,44000,6232,50232
39110428,175000,506,175506
39110429,80000,60450,140450
39110430,0,160668,160668
39110431,122500,26784,149284
39110432,99039,92402,191441
39110433,118102,137655,255757
39110434,20000,461530,481530
39110435,82000,59248,141248
39110437,45000,99372,144372
39110438,21000,116938,137938
39110439,0,140803,140803
39110440,39008,768,39776
39110441,66025,13143,79168
39110442,203000,98461,301461
39110443,5022,47119,52141
39110444,92000,1211,93211
39110447,94040,101262,195302
39110448,56500,58112,114612
39110449,101398,10451,111849
39110450,82705,1858,84563
39110451,49800,4149,53949
39110452,0,405022,405022
39110453,4000,93436,97436
39110454,84000,1435,85435
39110455,113701,33653,147354
39110456,59000,303,59303
39110457,77560,1676,79236
39110458,50000,140000,190000
39110459,30000,23433,53433
39110460,30000,19180,49180
39110461,101000,3605,104605
39110462,55848,140641,196489
39110463,93450,37,93487
39110464,150000,6217,156217
39110465,49232,403500,452732
39110467,0,60279,60279
39110469,115000,20,115020
39110470,138000,23814,161814
39110471,102000,5191,107191
39110473,60000,10326,70326
39110474,0,71492,71492
39110475,120000,1162,121162
39110477,45000,421575,466575
39110478,55032,6515,61547
39110479,57000,20504,77504
39110480,174491,436009,610500
39110482,140000,2250,142250
39110483,20000,45734,65734
39110484,96680,114246,210926
39110485,72000,242,72242
39110486,112566,77835,190401
39110487,67022,742,67764
39110488,50000,8839,58839
39110489,93016,47413,140429
39110491,56000,1106,57106
39110493,131000,809,131809
39110494,74400,1460,75860
39110495,0,0,0
39110497,101580,77857,179437
39110498,93687,52000,145687
39110499,94000,7229,101229
39110501,111000,16212,127212
39110502,170080,30729,200809
39110503,255000,1391,256391
39110504,75000,525,75525
39110506,135712,5292,141004
39110507,57500,1233,58733
39110508,110594,204901,315495
39110509,72828,173400,246228
39110510,36000,10739,46739
39110511,40072,113488,153560
39110512,58029,0,58029
39110513,72000,100332,172332
39110514,35300,58348,93648
39110515,0,0,0
39110516,41930,385601,427531
39110517,57000,133,57133
39110519,203239,129055,332294
39110520,207033,37083,244116
39110521,0,136949,136949
39110522,100000,29380,129380
39110523,50035,227299,277334
39110524,9003,385,9388
39110525,70000,97740,167740
39110526,70000,4691,74691
39110527,100000,86615,186615
39110528,69374,185,69559
39110529,49400,103668,153068
39110530,84019,233,84252
39110531,92598,1348,93946
39110533,54270,253877,308147
39110534,55010,348,55358
39110535,50020,2339,52359
39110536,50048,57428,107476
39110537,50000,410,50410
39110538,0,0,0
39110539,53800,225,54025
39110540,50000,1919,51919
39110541,100000,23771,123771
39110542,130000,2609,132609
39110543,110472,190886,301358
39110544,65000,4212,69212
39110545,152700,154,152854
39110546,71219,13494,84713
39110547,81160,244,81404
39110548,90030,8175,98205
39110549,63509,16729,80238
39110550,44000,350,44350
39110551,108000,11669,119669
39110552,221517,100271,321788
39110553,130035,22096,152131
39110554,95000,3211,98211
39110556,55290,33289,88579
39110557,70000,24372,94372
39110558,30000,28459,58459
39110559,63000,26086,89086
39110560,73566,0,73566
39110561,90055,67080,157135
39110562,62800,20581,83381
39110563,50000,168240,218240
39110564,0,98047,98047
39110565,51000,1901,52901
39110567,126426,0,126426
39110568,105000,62015,167015
39110569,60000,2580,62580
39110570,15000,29828,44828
39110571,159020,4125,163145
39110572,70325,3114,73439
39110573,75800,156,75956
39110574,60000,7119,67119
39110575,90000,17649,107649
39110576,146000,3313,149313
39110577,90000,25806,115806
39110578,70000,7637,77637
39110579,0,52946,52946
39110580,6000,61478,67478
39110581,30000,235824,265824
39110582,20000,44014,64014
39110583,85000,48195,133195
39110584,319781,59586,379367
39110585,50000,9725,59725
39110586,53000,78,53078
39110587,20000,48712,68712
39110588,120000,16597,136597
39110589,120570,812,121382
39110590,87420,4219,91639
39110591,42868,33191,76059
39110599,125479,68971,194450
39110600,46000,40673,86673
39110610,260000,86093,346093
39110611,0,187841,187841
39110613,155859,359456,515315
39110614,162252,27816,190068
39110615,114000,10920,124920
39110620,844341,500,844841
39110644,30000,36261,66261
39110645,48000,975,48975
39110646,0,58313,58313
39110647,18319,84800,103119
39110648,70000,6918,76918
39110650,60000,7205,67205
39110652,28500,24039,52539
39120001,220324,457004,677328
39120002,212133,237626,449759
39120003,612700,0,612700
39120004,783616,12461,796077
39120005,633792,622330,1256122
39120006,560970,1123538,1684508
39120007,0,894253,894253
39120008,597460,860148,1457608
39120010,304133,3314,307447
39120011,176796,222000,398796
39120012,310066,2023005,2333071
39120014,298359,66498,364857
39120015,561352,430175,991527
39120016,428035,584674,1012709
39120017,316116,74489,390605
39120018,166000,228634,394634
39120019,0,272000,272000
39120020,301498,7254,308752
39120021,451842,0,451842
39120022,99750,347247,446997
39120023,260304,297927,558231
39120024,220000,305206,525206
39120025,355702,325009,680711
39120026,135051,452255,587306
39120027,221099,2581,223680
39120028,69612,445047,514659
39120029,297108,293035,590143
39120030,406585,55825,462410
39120031,86089,938455,1024544
39120032,403663,412558,816221
39120033,258000,9000,267000
39120034,0,325698,325698
39120035,0,0,0
39120036,123189,229954,353143
39120037,289736,309411,599147
39120038,0,486297,486297
39120039,176752,12255,189007
39120040,0,4125,4125
39120041,355119,209,355328
39120042,480821,747,481568
39120043,481193,246672,727865
39120044,0,819019,819019
39120045,372339,198978,571317
39120046,200129,325341,525470
39120047,479332,122,479454
39120048,264000,428,264428
39120049,336235,6218,342453
39120050,175586,44967,220553
39120051,300098,1295,301393
39120052,123638,70391,194029
39120053,460080,240,460320
39120054,0,373559,373559
39120055,249200,108692,357892
39120056,103053,113238,216291
39120057,66164,521271,587435
39120058,450867,0,450867
39120059,149999,147429,297428
39120060,260184,4032,264216
39120061,105000,33319,138319
39120062,309990,70727,380717
39120063,1056858,5270,1062128
39120064,1017600,2860,1020460
39120065,546130,549522,1095652
39120066,10000,1879600,1889600
39120067,281150,18495,299645
39120068,0,415010,415010
39120069,0,867226,867226
39120070,478858,361,479219
39120071,446735,1236736,1683471
39120072,159370,612415,771785
39120073,244306,522192,766498
39120074,133489,672900,806389
39120075,86101,207034,293135
39120076,58834,588363,647197
39120077,152461,281809,434270
39120078,358227,817653,1175880
39120079,291000,1167268,1458268
39120080,0,389431,389431
39120081,176267,371101,547368
39120082,0,213019,213019
39120083,195475,412331,607806
39120084,199557,832,200389
39120085,1052789,5502,1058291
39120086,215130,208380,423510
39120087,490065,1116130,1606195
39120088,101144,814856,916000
39120089,299258,44019,343277
39120090,3149,413160,416309
39120091,357669,94358,452027
39120092,120000,77001,197001
39120093,447164,6547,453711
39120094,133222,131775,264997
39120095,200000,17923,217923
39120096,56604,167768,224372
39120097,259425,93422,352847
39120098,57700,363350,421050
39120099,60914,285999,346913
39120100,22902,193610,216512
39120101,87721,48989,136710
39120102,247767,482166,729933
39120103,123762,145000,268762
39120104,57524,430439,487963
39120105,100000,163588,263588
39120106,231236,1305,232541
39120107,112225,358873,471098
39120108,135490,2735,138225
39120109,100000,44210,144210
39120110,100000,180321,280321
39120111,57310,87800,145110
39120112,215634,18879,234513
39120113,202320,30211,232531
39120114,0,226058,226058
39120115,0,145357,145357
39120116,0,747063,747063
39120117,0,302230,302230
39120118,32238,769466,801704
39120119,2660,318229,320889
39120120,31754,550378,582132
39120121,169037,2038,171075
39120122,59269,109285,168554
39120123,222000,5163,227163
39120124,200000,373509,573509
39120125,69750,217972,287722
39120126,15000,210057,225057
39120127,216546,176336,392882
39120128,24243,160351,184594
39120129,0,230051,230051
39120130,50000,479153,529153
39120132,31322,268388,299710
39120133,86809,256415,343224
39120134,99900,312645,412545
39120135,61955,353824,415779
39120136,97929,127716,225645
39120138,50000,689991,739991
39120140,299824,8223,308047
39120141,109503,114209,223712
39120142,119002,163958,282960
39120143,12424,427208,439632
39120144,124465,114874,239339
39120145,458990,198599,657589
39120146,274757,16893,291650
39120147,114790,165149,279939
39120148,456702,6648,463350
39120149,184944,1354,186298
39120152,80000,126778,206778
39120153,0,251413,251413
39120154,93000,104323,197323
39120156,0,124097,124097
39120157,95000,459029,554029
39120158,220342,0,220342
39120160,121000,74667,195667
39120161,119686,122062,241748
39120162,49301,300859,350160
39120164,0,611567,611567
39120165,214348,355814,570162
39120166,130000,116991,246991
39120167,311956,15899,327855
39120168,150000,39008,189008
39120169,161000,68683,229683
39120170,0,633000,633000
39120171,35,351987,352022
39120172,300319,622,300941
39120173,116143,121930,238073
39120174,182462,144750,327212
39120175,0,234678,234678
39120176,0,209907,209907
39120177,39000,413010,452010
39120178,0,549482,549482
39120179,143000,29068,172068
39120180,136242,99913,236155
39120181,232696,240492,473188
39120182,111500,143990,255490
39120183,138173,174722,312895
39120184,43630,205725,249355
39120185,349105,42424,391529
39120186,0,572177,572177
39120187,25000,553205,578205
39120188,93115,69277,162392
39120191,23750,34308,58058
39120192,130000,2191,132191
39120194,62000,2736,64736
39120195,10000,57441,67441
39120196,42000,11087,53087
39120199,44679,28557,73236
39120200,109008,12834,121842
39120201,0,0,0
39120202,69845,31977,101822
39120203,60000,9883,69883
39120204,184434,0,184434
39120206,24600,133122,157722
39120207,103643,153823,257466
39120208,101023,31028,132051
39120209,10000,142745,152745
39120210,186700,64074,250774
39120212,59479,121057,180536
39120213,65465,83462,148927
39120214,116565,10744,127309
39120215,77000,78427,155427
39120216,0,0,0
39120217,50216,63866,114082
39120218,47668,82437,130105
39120219,114485,0,114485
39120220,52350,22221,74571
39120221,151000,723,151723
39120222,66840,37384,104224
39120223,71300,643,71943
39120224,58000,1173,59173
39120227,45000,1943,46943
39120228,5000,221543,226543
39120229,130000,178354,308354
39120232,9000,86833,95833
39120233,37000,33813,70813
39120234,22400,155923,178323
39120235,60000,319,60319
39120236,15832,86144,101976
39120237,7229,121983,129212
39120239,50000,3356,53356
39120241,12137,166482,178619
39120242,113123,18083,131206
39120243,185000,46960,231960
39120244,5556,282181,287737
39120245,0,0,0
39120246,125000,23208,148208
39120247,0,77447,77447
39120248,0,299143,299143
39120249,48000,17907,65907
39120250,0,291578,291578
39120251,116052,52742,168794
39120252,50000,24427,74427
39120253,229900,1000,230900
39120254,0,161296,161296
39120255,50000,42640,92640
39120257,4715,77646,82361
39120258,87417,40688,128105
39120259,133000,104977,237977
39120262,20121,77272,97393
39120263,25000,65405,90405
39120264,32000,67217,99217
39120265,53000,18949,71949
39120266,70000,45565,115565
39120267,80019,1503,81522
39120268,64187,143008,207195
39120271,96010,13165,109175
39120272,73500,60400,133900
39120274,20688,146348,167036
39120275,7000,82152,89152
39120277,60000,62009,122009
39120278,54999,23265,78264
39120279,32000,69244,101244
39120280,64000,49814,113814
39120281,18000,75178,93178
39120282,10000,79891,89891
39120283,14000,205937,219937
39120284,77000,54786,131786
39120285,49258,23322,72580
39120286,10000,58778,68778
39120287,33000,50963,83963
39120291,0,142599,142599
39120292,47000,73923,120923
39120294,129907,100647,230554
39120295,0,0,0
39120296,164000,5700,169700
39120297,0,90911,90911
39120298,38429,36977,75406
39120299,57025,75193,132218
39120300,74552,56617,131169
39120301,109410,5060,114470
39120302,60000,2023,62023
39120304,35320,1567,36887
39120305,91300,3944,95244
39120307,0,106618,106618
39120310,125000,697,125697
39120311,66077,83210,149287
39120313,109095,11525,120620
39120315,0,110736,110736
39120316,130000,8803,138803
39120318,85026,57864,142890
39120319,14700,462872,477572
39120320,0,349554,349554
39120322,88904,24251,113155
39120323,20000,59377,79377
39120324,36709,213491,250200
39120325,0,154190,154190
39120326,60000,48640,108640
39120328,8000,206528,214528
39120330,153286,48444,201730
39120331,22390,147857,170247
39120332,20000,270429,290429
39120334,0,98870,98870
39120336,187500,66095,253595
39120339,48000,50924,98924
39120341,70000,12689,82689
39120342,100000,68265,168265
39120343,106591,15891,122482
39120344,53700,95289,148989
39120346,52000,3382,55382
39120347,76324,2324,78648
39120349,102920,23105,126025
39120350,0,65859,65859
39120351,138422,5376,143798
39120352,19600,50404,70004
39120353,47000,34495,81495
39120354,69108,115978,185086
39120355,97500,21599,119099
39120357,29495,94810,124305
39120358,35156,126032,161188
39120359,3500,106649,110149
39120360,13320,185199,198519
39120362,70000,19540,89540
39120363,70000,4215,74215
39120364,46247,74945,121192
39120366,70000,230903,300903
39120367,48430,137649,186079
39120368,0,110258,110258
39120369,0,431277,431277
39120373,70500,88263,158763
39120374,80000,4311,84311
39120375,60000,69644,129644
39120376,0,317456,317456
39120377,52000,337927,389927
39120378,76000,35042,111042
39120379,22500,137172,159672
39120380,58863,19962,78825
39120381,132264,705,132969
39120382,103481,8167,111648
39120383,67077,19907,86984
39120384,0,201571,201571
39120385,71000,145,71145
39120386,35000,98026,133026
39120387,179700,1301,181001
39120388,54912,38859,93771
39120389,1231,49550,50781
39120391,71390,15146,86536
39120392,91000,1552,92552
39120393,133118,162690,295808
39120394,0,106181,106181
39120395,0,0,0
39120397,9610,72608,82218
39120399,53035,45310,98345
39120400,61150,101109,162259
39120401,53465,48616,102081
39120402,48000,14919,62919
39120403,40000,112467,152467
39120405,4581,175979,180560
39120406,50000,111132,161132
39120407,23450,88621,112071
39120408,73522,263706,337228
39120410,0,94838,94838
39120411,30000,83134,113134
39120412,50000,186764,236764
39120413,90000,103733,193733
39120414,63363,71261,134624
39120415,50000,187433,237433
39120416,7000,147974,154974
39120417,0,161677,161677
39120418,33920,21446,55366
39120420,100000,80312,180312
39120421,161676,16577,178253
39120422,0,437554,437554
39120423,182000,21759,203759
39120424,50000,206061,256061
39120425,0,57223,57223
39120426,40000,18892,58892
39120431,150000,80292,230292
39120432,46800,142048,188848
39120433,70000,3816,73816
39120434,41000,29623,70623
39120437,100000,46363,146363
39120438,97000,53254,150254
39120439,100000,17564,117564
39120440,43505,129895,173400
39120441,112395,24775,137170
39120442,50016,33598,83614
39120443,42560,35037,77597
39120445,87327,136940,224267
39120446,62470,30788,93258
39120448,17680,41861,59541
39120449,34828,49900,84728
39120450,12000,179880,191880
39120452,18486,57757,76243
39120455,31000,104676,135676
39120456,78500,271530,350030
39120457,69625,54597,124222
39120458,70715,101734,172449
39120460,14570,100666,115236
39120461,5482,97257,102739
39120462,142240,346,142586
39120465,81100,51,81151
39120468,93330,540791,634121
39120469,17314,46906,64220
39120470,0,93117,93117
39120471,0,80000,80000
39120472,90527,68825,159352
39120473,7000,86735,93735
39120474,157133,55971,213104
39120476,0,93906,93906
39120477,107000,755,107755
39120478,75000,65359,140359
39120479,58462,7621,66083
39120480,30000,62294,92294
39120481,129000,601,129601
39120482,198504,86014,284518
39120483,130846,24000,154846
39120484,24000,0,24000
39120485,122565,10291,132856
39120486,141173,5946,147119
39120487,84000,157442,241442
39120488,136513,3014,139527
39120489,35958,185696,221654
39120490,209000,207,209207
39120492,77164,222976,300140
39120493,175000,488,175488
39120494,107000,5640,112640
39120495,0,216323,216323
39120496,40000,32000,72000
39120497,52000,226214,278214
39120498,110000,40,110040
39120499,116486,0,116486
39120500,452685,41687,494372
39120501,70000,37000,107000
39120502,98567,103203,201770
39120503,37000,213885,250885
39120504,75000,49531,124531
39120505,158000,1000,159000
39120506,40000,14140,54140
39120507,77710,51989,129699
39120508,0,137951,137951
39120509,95000,16635,111635
39120510,0,237785,237785
39120511,144713,90262,234975
39120513,85500,459692,545192
39120514,126985,111,127096
39120515,13140,118804,131944
39120516,12000,224049,236049
39120518,62570,177716,240286
39120519,285000,965,285965
39120520,100108,59040,159148
39120521,0,449344,449344
39120522,80000,47047,127047
39120523,98000,108637,206637
39120524,50000,81042,131042
39120525,54064,5815,59879
39120526,11000,59584,70584
39120527,112000,879,112879
39120528,80962,318308,399270
39120529,42000,50319,92319
39120530,35000,149000,184000
39120531,44000,90107,134107
39120532,0,0,0
39120533,135000,950,135950
39120534,0,0,132035
39120535,30000,75119,105119
39120537,22600,55426,78026
39120538,66926,15266,82192
39120539,0,0,0
39120540,25000,118846,143846
39120541,0,179276,179276
39120542,78605,133327,211932
39120543,74000,131948,205948
39120544,5500,177570,183070
39120545,359145,109,359254
39120546,141339,279274,420613
39120547,218424,244912,463336
39120548,32085,380317,412402
39120549,20000,64392,84392
39120550,31000,266085,297085
39120551,114612,324342,438954
39120553,52602,103771,156373
39120554,52500,17502,70002
39120555,13000,80500,93500
39120557,68528,26790,95318
39120558,0,278613,278613
39120559,92000,182154,274154
39120561,163811,204860,368671
39120562,74000,430,74430
39120563,32044,36103,68147
39120564,50035,294285,344320
39120565,54916,95473,150389
39120566,0,115462,115462
39120567,50000,56969,106969
39120568,97500,19304,116804
39120569,17720,96584,114304
39120570,0,155535,155535
39120571,91173,39549,130722
39120572,60000,216482,276482
39120573,44550,175498,220048
39120574,55000,6563,61563
39120575,127000,100034,227034
39120576,30000,59424,89424
39120577,30000,23897,53897
39120578,40000,36713,76713
39120579,100192,21657,121849
39120580,143070,232619,375689
39120581,0,74974,74974
39120582,45000,54966,99966
39120583,107500,23975,131475
39120584,90000,21042,111042
39120585,0,214611,214611
39120586,97428,145943,243371
39120587,98311,8549,106860
39120588,0,141817,141817
39120589,0,179859,179859
39120590,98000,239569,337569
39120591,140142,202187,342329
39120592,86998,13697,100695
39120593,4382,333051,337433
39120594,48312,34721,83033
39120595,66500,110891,177391
39120596,52500,12004,64504
39120597,24000,151000,175000
39120598,39000,140824,179824
39120599,105000,12767,117767
39120601,0,0,0
39120602,135000,92380,227380
39120603,33709,40259,73968
39120605,60431,71043,131474
39120606,98045,957,99002
39120607,65000,14839,79839
39120608,50000,119780,169780
39120609,173440,880,174320
39120610,60000,5153,65153
39120611,95000,68150,163150
39120612,65000,102465,167465
39120613,14350,210128,224478
39120614,0,97054,97054
39120615,0,0,0
39120616,66000,196231,262231
39120617,56000,538,56538
39120618,55000,78558,133558
39120619,65000,7152,72152
39120620,15772,104042,119814
39120621,48000,17832,65832
39120622,31090,102108,133198
39120623,5290,160024,165314
39120624,50000,76187,126187
39120625,248081,11047,259128
39120626,0,91523,91523
39120627,14000,8944,22944
39120628,10000,94831,104831
39120629,0,168585,168585
39120630,20000,58880,78880
39120631,5840,210999,216839
39120632,52020,16205,68225
39120633,54636,98572,153208
39120634,113580,90,113670
39120635,18568,109027,127595
39120636,23000,111847,134847
39120637,0,76527,76527
39120638,45070,137019,182089
39120639,0,243384,243384
39120640,232000,2615,234615
39120641,0,116285,116285
39120642,30000,57623,87623
39120643,24100,47180,71280
39120644,84000,62001,146001
39120645,0,0,0
39120646,23000,103610,126610
39120647,48700,68,48768
39120648,25000,82188,107188
39120649,11697,167893,179590
39120651,0,167702,167702
39120652,170700,42,170742
39120653,41967,190940,232907
39120654,131911,220942,352853
39120655,0,156326,156326
39120656,22000,97457,119457
39120657,133220,170746,303966
39120658,0,208111,208111
39120659,2500,97106,99606
39120660,4879,72101,76980
39120661,0,80268,80268
39120662,38300,139372,177672
39120663,110100,49309,159409
39120664,45503,50502,96005
39120665,0,148866,148866
39120666,117,128988,129105
39120667,107900,1882,109782
39120668,0,149166,149166
39120669,0,352640,352640
39120670,80000,153472,233472
39120671,65000,32196,97196
39120673,0,59777,59777
39120674,30000,61194,91194
39120675,25000,69035,94035
39120676,62000,6422,68422
39120677,153111,49429,202540
39120678,178000,198,178198
39120679,138000,944,138944
39120681,166643,280763,447406
39120682,305583,12228,317811
39120683,95000,1609,96609
39120684,20000,176579,196579
39120685,115000,43205,158205
39120686,16000,99661,115661
39120687,88769,364,89133
39120688,73500,28161,101661
39120719,60175,3534,63709
39120728,20000,86197,106197
39120730,26029,66301,92330
39120731,125000,7181,132181
39120733,18000,38435,56435
39120737,37500,108354,145854
39120738,43000,5194,48194
39120739,44245,31505,75750
39120740,78533,407,78940
39120757,87000,88540,175540
39120759,10000,81652,91652
39120761,42350,47024,89374
39120762,8247,164699,172946
39120764,1,111937,111938
39120801,5290,135214,140504
39120804,15055,306490,321545
39120805,31000,16530,47530
39120806,90000,79,90079
39120807,0,51592,51592
39210001,303304,575685,878989
39210002,0,2566376,2566376
39210003,0,168825,168825
39210004,0,5259,5259
39210005,0,238976,238976
39210006,101000,0,101000
39210007,0,425,425
39210008,0,619618,619618
39210009,0,0,0
39210010,0,2479,2479
39210013,0,418096,418096
39210014,50174,366449,416623
39210015,0,209711,209711
39210016,50000,222562,272562
39210017,493247,640159,1133406
39210018,463237,415181,878418
39210019,218232,49830,268062
39210020,428799,1148956,1577755
39210021,143950,191512,335462
39210022,244168,220860,465028
39210023,199435,68384,267819
39210024,26026,498425,524451
39210025,309780,116096,425876
39210026,424368,352476,776844
39210027,234252,952460,1186712
39210028,93201,589078,682279
39210029,267140,0,267140
39210030,32500,212500,245000
39210031,50000,17719,67719
39210032,19400,55504,74904
39210033,158815,293374,452189
39210034,79154,39952,119106
39210035,69843,30601,100444
39210036,75739,243810,319549
39210037,343243,75387,418630
39210038,6161,136788,142949
39210039,103870,9137,113007
39210040,45440,149599,195039
39210041,70000,301099,371099
39210042,36570,119563,156133
39210043,13113,1319,14432
39210044,101174,155533,256707
39210045,104298,341447,445745
39210046,62232,223680,285912
39210047,0,0,0
39210048,14000,37365,51365
39210049,182944,462805,645749
39210050,50000,626683,676683
39210051,179000,778,179778
39210052,152000,855,152855
39210053,45285,19651,64936
39210054,74000,290897,364897
39210055,272638,198179,470817
39210056,0,130482,130482
39210057,78463,74571,153034
39210058,73257,171893,245150
39210059,337666,168476,506142
39210060,316748,250903,567651
39210061,13200,28104,41304
39210063,0,321923,321923
39210064,101504,424262,525766
39210065,110113,472,110585
39210066,121603,155719,277322
39210067,0,54769,54769
39210068,77800,86838,164638
39210069,0,774212,774212
39210070,81392,303827,385219
39210071,47650,94801,142451
39210072,115000,23290,138290
39210073,207856,244797,452653
39210074,40442,103442,143884
39210075,34000,57552,91552
39210076,149851,44840,194691
39210078,0,394318,394318
39210081,0,89161,89161
39210082,2500,176263,178763
39210083,43395,252399,295794
39210084,110797,71112,181909
39210085,0,2047,2047
39210087,61000,126351,187351
39210088,15000,113801,128801
39210089,18045,39157,57202
39210090,43856,12744,56600
39210091,0,371847,371847
39210092,23450,2081,25531
39210094,100000,6548,106548
39210095,0,0,0
39210096,50000,11021,61021
39210097,0,1138,1138
39210098,33200,3285,36485
39210099,0,16885,16885
39210100,84237,32852,117089
39210101,0,78,78
39210102,20000,69195,89195
39210103,40000,40486,80486
39210104,24000,6192,30192
39210105,31931,81675,113606
39210106,0,454,454
39210107,10000,112,10112
39210108,24000,108358,132358
39210110,50000,131552,181552
39210112,53238,95805,149043
39210113,43569,1452,45021
39210114,88000,20476,108476
39210115,89280,25581,114861
39210116,44749,31881,76630
39210117,23160,1796,24956
39210119,77316,11789,89105
39210121,31000,972,31972
39210124,42023,65766,107789
39210125,247204,2458,249662
39210126,298318,199418,497736
39210127,135507,22769,158276
39210128,0,38634,38634
39210129,0,331,331
39210130,27740,104371,132111
39210131,84058,8020,92078
39210132,180000,64479,244479
39210133,22000,54987,76987
39210134,10000,18014,28014
39210135,17000,82333,99333
39210136,9968,301038,311006
39210137,0,134700,134700
39210138,61115,60402,121517
39210139,55000,54861,109861
39210142,10000,51109,61109
39210143,1834,48262,50096
39210144,33000,2069,35069
39210146,12000,59133,71133
39210147,131351,113837,245188
39210150,54250,85538,139788
39210151,56000,10998,66998
39210152,115000,152116,267116
39210153,45024,1426,46450
39210154,48400,36655,85055
39210157,0,94195,94195
39210159,16820,421,17241
39210160,29704,14006,43710
39210161,0,4771,4771
39210163,27000,20921,47921
39210165,8000,76348,84348
39210166,75022,76201,151223
39210167,50000,133665,183665
39210168,52000,109711,161711
39210169,13600,155306,168906
39210170,100000,62089,162089
39210171,0,0,0
39210172,19418,127,19545
39210173,52000,44446,96446
39210174,17882,71244,89126
39210176,0,23140,23140
39210178,0,310,310
39210179,50000,227405,277405
39210180,0,20168,20168
39210181,23290,110135,133425
39210182,0,108830,108830
39210183,0,58003,58003
39210184,14000,47946,61946
39210185,25000,23065,48065
39210186,0,209,209
39210187,0,7872,7872
39210188,0,0,34698
39210189,101000,34,101034
39210190,7000,111234,118234
39210191,74751,162667,237418
39210192,24484,102500,126984
39210194,206367,217118,423485
39210195,10000,44253,54253
39210196,35000,50872,85872
39210197,11500,55098,66598
39210198,0,888,888
39210199,0,1165,1165
39210200,10793,159417,170210
39210201,0,909,909
39210202,0,88225,88225
39210203,0,21021,21021
39210206,30000,61467,91467
39210207,0,190433,190433
39210208,30000,533,30533
39210209,17000,64281,81281
39210210,65000,209720,274720
39210211,20500,28341,48841
39210212,0,173263,173263
39210214,0,0,0
39210216,0,1258,1258
39210217,60000,369,60369
39210218,37000,19868,56868
39210219,26258,398198,424456
39210220,9908,32106,42014
39210221,86263,44613,130876
39210222,28895,56320,85215
39210223,46938,0,46938
39210224,50330,70000,120330
39210225,45000,145587,190587
39210226,2733,69196,71929
39210227,8482,59048,67530
39210229,50000,25775,75775
39210231,23322,124861,148183
39210233,75879,55206,131085
39210234,141800,110402,252202
39210235,3000,618,3618
39210236,0,0,0
39210237,0,96277,96277
39210238,12500,78413,90913
39210239,37000,57008,94008
39210240,0,490,490
39210241,10000,130371,140371
39210242,41300,3808,45108
39210243,24000,24060,48060
39210244,74000,51,74051
39210245,25000,653,25653
39210246,25281,32844,58125
39210247,13000,116252,129252
39210248,12600,28,12628
39210250,7000,1382,8382
39210251,3985,85066,89051
39210252,60175,11888,72063
39210253,0,36426,36426
39210254,18000,60461,78461
39210256,0,50530,50530
39210258,21250,12478,33728
39210259,33457,945,34402
39210260,61923,87448,149371
39210261,3000,68,3068
39210262,3000,72868,75868
39210263,17549,18471,36020
39210265,38000,894,38894
39210267,12000,3953,15953
39210270,0,124865,124865
39210271,60000,6450,66450
39210274,46000,572,46572
39210276,0,1784,1784
39210277,0,86450,86450
39210278,25000,106842,131842
39210281,39962,58628,98590
39210282,40000,56471,96471
39210283,32802,57506,90308
39210284,60290,30786,91076
39210285,10000,78071,88071
39210286,0,48600,48600
39210287,15000,29163,44163
39210288,31000,46247,77247
39210289,17567,64,17631
39210290,0,702,702
39210291,0,50382,50382
39210292,61381,23361,84742
39210293,7000,133527,140527
39210294,0,0,0
39210295,0,69402,69402
39210296,112367,63000,175367
39210297,6000,19303,25303
39210298,0,136943,136943
39210299,0,0,0
39210300,0,148741,148741
39210301,60000,53636,113636
39210302,108160,169,108329
39210303,158000,313,158313
39210304,0,119250,119250
39210305,15000,75838,90838
39210306,72270,85770,158040
39210308,0,0,191925
39210309,7000,50892,57892
39210310,37727,7808,45535
39210312,110000,8946,118946
39210314,16000,14676,30676
39210315,290,29425,29715
39210317,0,385,385
39210318,94266,991,95257
39210319,0,21961,21961
39210321,0,9,9
39210322,0,0,0
39210323,55000,128,55128
39210324,0,474,474
39210325,0,18768,18768
39210326,77000,10483,87483
39210327,45105,88542,133647
39210328,35290,4798,40088
39210329,0,1149,1149
39210330,75000,21112,96112
39210331,62290,16681,78971
39210332,0,159,159
39210333,42170,7801,49971
39210334,135960,56918,192878
39210335,130000,108431,238431
39210336,20000,112415,132415
39210337,0,0,0
39210338,20000,87405,107405
39210339,65000,5181,70181
39210340,26000,310,26310
39210341,66160,85459,151619
39210342,0,6010,6010
39210343,60290,8486,68776
39210344,13040,36884,49924
39210345,32132,6633,38765
39210346,130000,184831,314831
39210347,60000,107075,167075
39210348,175000,9772,184772
39210349,125000,1862,126862
39210350,0,94404,94404
39210352,95711,98445,194156
39210353,32240,180647,212887
39210354,81000,88650,169650
39210356,0,186900,186900
39210357,113000,220378,333378
39210358,13000,35165,48165
39210359,35500,68959,104459
39210360,32030,7087,39117
39210361,19000,951,19951
39210362,36000,148942,184942
39210363,50000,38578,88578
39210364,84947,4741,89688
39210365,0,752586,752586
39210367,13200,142608,155808
39210368,50500,69473,119973
39210370,20000,70665,90665
39210371,22000,960,22960
39210372,103000,38378,141378
39210373,20000,48332,68332
39210374,57000,208,57208
39210375,60439,166658,227097
39210376,0,0,552031
39210377,29500,135529,165029
39210378,18500,349,18849
39210379,15000,165958,180958
39210380,0,149030,149030
39210381,0,79231,79231
39210382,36000,1356,37356
39210383,33300,38,33338
39210385,0,0,0
39210386,64000,286,64286
39210387,65840,4635,70475
39210388,60086,98173,158259
39210389,28000,420,28420
39210390,30000,140804,170804
39210391,0,162054,162054
39210392,23000,824,23824
39210393,0,128584,128584
39210394,21140,7033,28173
39210395,89500,950,90450
39210396,50000,92069,142069
39210397,109000,435,109435
39210398,49159,71179,120338
39210399,0,151,151
39210400,62000,11730,73730
39210401,14600,160506,175106
39210402,5536,46687,52223
39210403,0,0,134068
39210404,36000,440,36440
39210406,105000,127023,232023
39210407,104096,136184,240280
39210408,0,428,428
39210409,31000,148581,179581
39210410,28580,44402,72982
39210411,42500,443,42943
39210412,49000,90646,139646
39210413,290,97746,98036
39210414,13000,10697,23697
39210415,48000,70959,118959
39210416,2500,7034,9534
39210418,18267,42130,60397
39210419,26000,569,26569
39210420,66000,14574,80574
39210421,66000,57161,123161
39210422,50000,1199,51199
39210423,0,78793,78793
39210424,35000,103,35103
39210425,25703,143002,168705
39210426,70000,73912,143912
39210427,47000,70460,117460
39210429,3170,85064,88234
39210430,231000,133740,364740
39210431,34000,71666,105666
39210432,18000,345,18345
39210433,10000,26940,36940
39210434,15000,20301,35301
39210435,1400,50315,51715
39210436,94243,66710,160953
39210438,66000,79056,145056
39210450,0,868,868
39210451,28478,4152,32630
39210452,0,0,0
39210453,2500,359,2859
39210454,26524,0,26524
39210456,0,155,155
39210457,39000,81,39081
39210462,12258,12520,24778
39210466,0,351,351
39210471,0,34854,34854
39210474,31336,69836,101172
39210476,0,265841,265841
39210477,0,852,852
39210482,63000,1523,64523
39210485,0,0,0
39210487,8900,56099,64999
39210489,32000,292,32292
39210495,51499,2368,53867
39210497,11000,289,11289
39210499,2670,114690,117360
39210500,0,87223,87223
39210504,0,0,0
39210510,0,0,0
39210513,15000,47045,62045
39210518,35000,119599,154599
39210519,40000,23460,63460
39210521,61493,6130,67623
39210523,20000,21840,41840
39210528,92000,24608,116608
39210530,25000,9061,34061
39210531,68000,103,68103
39210534,100000,101909,201909
39210535,50000,8780,58780
39210542,80290,2500,82790
39210543,25000,118190,143190
39210544,25000,41495,66495
39210545,54772,8456,63228
39210549,91044,101963,193007
39210550,41580,1302,42882
39210551,225127,456208,681335
39210552,110000,3181,113181
39210553,38000,12679,50679
39210554,43112,106180,149292
39210555,12464,91681,104145
39210556,0,1998,1998
39210557,22000,555,22555
39210558,5000,6806,11806
39210559,50327,100856,151183
39210560,95000,100265,195265
39210561,23000,111003,134003
39210562,40000,1960,41960
39210563,12000,88967,100967
39210564,30000,36207,66207
39210565,0,0,0
39210566,55000,7779,62779
39210567,95934,53063,148997
39210568,33000,80524,113524
39210570,60390,1987,62377
39210571,26000,363,26363
39210572,24443,875,25318
39210573,26500,15394,41894
39210574,47864,285290,333154
39210575,40000,18071,58071
39210577,77000,20397,97397
39210578,2800,73612,76412
39210579,0,0,0
39210580,48000,2381,50381
39210581,50000,32582,82582
39210582,16185,100,16285
39210583,57000,35194,92194
39210584,62000,91620,153620
39210585,0,0,0
39210586,40000,40219,80219
39210587,50000,31682,81682
39210588,70000,91264,161264
39210589,15316,0,15316
39220001,637096,143072,780168
39220002,290237,699965,990202
39220003,0,759054,759054
39220004,623973,2059446,2683419
39220005,327716,767561,1095277
39220006,179728,459583,639311
39220007,191673,136587,328260
39220008,133082,39413,172495
39220009,4257,176795,181052
39220010,79088,47644,126732
39220011,76376,18794,95170
39220012,383351,440250,823601
39220013,288199,410299,698498
39220014,43025,191340,234365
39220015,141944,99896,241840
39220016,0,68814,68814
39220017,316299,118589,434888
39220018,50000,63608,113608
39220019,13860,659046,672906
39220020,0,1605,1605
39220021,12000,4236,16236
39220022,153009,1056,154065
39220023,0,3880,3880
39220024,49000,392386,441386
39220025,98760,9749,108509
39220026,300000,306649,606649
39220027,299371,32768,332139
39220028,209764,275654,485418
39220029,0,1181,1181
39220030,682960,528964,1211924
39220031,400000,958769,1358769
39220032,100456,15,100471
39220033,232628,734507,967135
39220034,318041,872,318913
39220035,0,346634,346634
39220036,0,16813,16813
39220037,0,0,0
39220038,12440,99802,112242
39220039,53087,394498,447585
39220040,0,403939,403939
39220041,183756,394103,577859
39220042,10046,1954,12000
39220043,54700,1444,56144
39220044,141497,4066,145563
39220045,80193,51720,131913
39220046,49413,90814,140227
39220047,121375,101909,223284
39220048,103163,315256,418419
39220049,65630,94463,160093
39220050,100000,60356,160356
39220051,35000,26956,61956
39220052,33039,12237,45276
39220053,251590,1889,253479
39220054,25361,258701,284062
39220055,90120,36985,127105
39220056,54249,46558,100807
39220057,262988,141,263129
39220058,0,38112,38112
39220059,292184,8096,300280
39220061,3700,44,3744
39220062,24460,93557,118017
39220063,72000,290900,362900
39220064,50892,134319,185211
39220065,57251,30745,87996
39220066,0,268,268
39220067,21940,230915,252855
39220068,55298,184430,239728
39220069,23,1512,1535
39220070,35,342037,342072
39220071,0,756,756
39220072,107250,67583,174833
39220073,170155,182363,352518
39220074,72200,129358,201558
39220075,44571,20309,64880
39220076,75000,70564,145564
39220077,275696,215058,490754
39220078,9792,1503,11295
39220079,123286,20588,143874
39220080,0,2590,2590
39220081,56228,124903,181131
39220082,28386,3513,31899
39220083,23288,62134,85422
39220085,427,255816,256243
39220086,0,71810,71810
39220087,30546,349156,379702
39220088,16961,116427,133388
39220089,67652,158424,226076
39220092,38400,37243,75643
39220095,66704,5028,71732
39220096,0,252388,252388
39220097,47000,1107,48107
39220098,0,2853,2853
39220099,45000,17722,62722
39220100,0,96041,96041
39220101,55000,14529,69529
39220102,36000,70239,106239
39220103,50243,118713,168956
39220104,114558,38086,152644
39220105,208459,66985,275444
39220106,61,120055,120116
39220107,10000,65221,75221
39220112,50196,78289,128485
39220113,20000,4258,24258
39220114,120000,111959,231959
39220115,35000,216706,251706
39220116,40000,1970,41970
39220117,185730,707190,892920
39220118,3000,236,3236
39220120,4046,1414,5460
39220123,100555,0,100555
39220124,27000,18426,45426
39220125,8000,66021,74021
39220126,0,12267,12267
39220128,0,458,458
39220129,29866,6918,36784
39220130,22400,60,22460
39220132,75290,99648,174938
39220133,24798,64788,89586
39220135,8500,221,8721
39220137,22188,331256,353444
39220138,135000,138646,273646
39220139,68615,4274,72889
39220141,2244,116479,118723
39220142,3254,151,3405
39220143,9500,52500,62000
39220148,65000,158194,223194
39220149,4468,33040,37508
39220150,0,46915,46915
39220152,54070,486654,540724
39220154,0,77693,77693
39220155,39078,47765,86843
39220156,59700,108373,168073
39220158,0,13309,13309
39220160,0,5167,5167
39220162,9000,64,9064
39220163,16850,189204,206054
39220164,60732,47499,108231
39220165,49198,86542,135740
39220166,28162,80379,108541
39220167,29750,75834,105584
39220168,19994,17745,37739
39220170,0,1720,1720
39220171,31519,46607,78126
39220172,0,112720,112720
39220173,287947,207984,495931
39220174,0,0,0
39220175,196,69719,69915
39220176,8000,40897,48897
39220177,5033,88651,93684
39220178,13,49100,49113
39220179,11096,83443,94539
39220180,45145,8572,53717
39220182,0,2478,2478
39220183,0,160872,160872
39220184,11410,76050,87460
39220185,14670,161941,176611
39220186,32294,603,32897
39220187,10024,13220,23244
39220188,12819,42811,55630
39220189,46,53920,53966
39220191,34933,20579,55512
39220192,171,101808,101979
39220195,4965,37177,42142
39220197,0,600,600
39220198,97650,37079,134729
39220199,313,180817,181130
39220200,0,160566,160566
39220202,538,329467,330005
39220203,30055,15892,45947
39220205,60112,88640,148752
39220206,214,2505,2719
39220208,146238,2401,148639
39220209,0,4786,4786
39220210,20900,42478,63378
39220211,136110,23816,159926
39220212,51192,158,51350
39220213,15001,93544,108545
39220219,44901,22838,67739
39220220,64076,39201,103277
39220222,149384,89173,238557
39220223,70222,233777,303999
39220224,62000,14234,76234
39220225,1010,51944,52954
39220226,40064,8544,48608
39220228,65000,47379,112379
39220229,11000,727,11727
39220230,47000,204,47204
39220231,42353,69021,111374
39220232,0,41643,41643
39220233,49240,2406,51646
39220234,33448,59965,93413
39220235,16489,721,17210
39220237,0,81783,81783
39220239,35112,49072,84184
39220241,0,339762,339762
39220242,4250,184033,188283
39220243,3802,170671,174473
39220244,0,201949,201949
39220245,55000,79717,134717
39220246,34054,11579,45633
39220247,10000,253,10253
39220251,0,96551,96551
39220252,43605,441,44046
39220253,60156,32484,92640
39220254,109181,39890,149071
39220255,15086,48709,63795
39220256,71690,129635,201325
39220257,65490,128548,194038
39220258,47066,288,47354
39220259,19,492,511
39220261,44053,2726,46779
39220262,4500,107438,111938
39220266,189117,228600,417717
39220267,65882,158442,224324
39220268,54000,211216,265216
39220269,37264,1080,38344
39220270,76968,10299,87267
39220271,46561,889,47450
39220272,62231,312224,374455
39220274,37743,244444,282187
39220275,31200,120382,151582
39220276,16935,305837,322772
39220277,17700,83110,100810
39220278,10000,39438,49438
39220279,61791,94754,156545
39220280,0,38129,38129
39220281,0,2009,2009
39220283,35115,87109,122224
39220284,62091,209454,271545
39220285,58500,11703,70203
39220286,63664,189202,252866
39220287,170309,385608,555917
39220288,82096,191385,273481
39220289,89254,17700,106954
39220290,62793,64743,127536
39220291,30000,2491,32491
39220293,76809,120030,196839
39220294,13695,6083,19778
39220295,67579,295423,363002
39220297,66134,2071,68205
39220299,26000,7587,33587
39220300,46895,248961,295856
39220301,22030,89833,111863
39220302,15155,74463,89618
39220303,0,3419,3419
39220304,30216,138229,168445
39220305,48085,806,48891
39220306,35675,21252,56927
39220307,47075,1998,49073
39220308,30074,217,30291
39220309,25000,24962,49962
39220310,16041,13033,29074
39220311,70119,2441,72560
39220313,25053,341,25394
39220314,21045,18842,39887
39220315,26000,1489,27489
39220316,44400,121166,165566
39220319,50000,111948,161948
39220321,56168,47724,103892
39220323,18357,27831,46188
39220324,46680,95810,142490
39220325,4000,46793,50793
39220326,5053,9645,14698
39220327,11032,91649,102681
39220328,20000,63097,83097
39220329,40848,82302,123150
39220330,71080,118541,189621
39220331,33623,20439,54062
39220332,40000,26761,66761
39220333,15324,68122,83446
39220334,9000,335,9335
39220335,19519,93618,113137
39220336,40000,52909,92909
39220337,35532,104384,139916
39220338,91000,29974,120974
39220339,125000,399664,524664
39220340,2000,38216,40216
39220341,1000,264,1264
39220344,0,9311,9311
39220345,22500,19697,42197
39220346,63000,95764,158764
39220347,9644,5734,15378
39220348,25000,68953,93953
39220349,4280,233299,237579
39220351,36656,65005,101661
39220353,30000,134534,164534
39220354,37568,59639,97207
39220355,1450,90503,91953
39220356,36566,31929,68495
39220357,0,26356,26356
39220358,45000,206000,251000
39220360,0,2089,2089
39220361,17638,45995,63633
39220362,56948,23505,80453
39220363,60000,15446,75446
39220364,0,113084,113084
39220365,35000,64932,99932
39220366,30629,3,30632
39220367,20000,123758,143758
39220368,100000,142754,242754
39220369,0,869,869
39220370,15000,137014,152014
39220371,15128,288068,303196
39220372,49000,31216,80216
39220374,0,1190,1190
39220375,29000,2111,31111
39220376,6000,4808,10808
39220377,20000,35567,55567
39220378,80778,86935,167713
39220379,0,1626,1626
39220380,35033,5095,40128
39220381,75105,37103,112208
39220382,39425,2385,41810
39220383,23000,10428,33428
39220384,49613,120277,169890
39220385,9000,19901,28901
39220386,30000,25507,55507
39220387,35309,7108,42417
39220388,0,48021,48021
39220389,20715,13810,34525
39220391,15000,56618,71618
39220393,15000,116494,131494
39220394,55457,33948,89405
39220396,62454,11155,73609
39220397,22647,13658,36305
39220398,10000,53543,63543
39220399,53520,78446,131966
39220400,25622,24736,50358
39220401,71099,148249,219348
39220402,2500,110807,113307
39220403,0,88391,88391
39220404,55000,7013,62013
39220405,0,301590,301590
39220406,35000,72552,107552
39220407,16867,26888,43755
39220408,79651,76036,155687
39220411,35426,218932,254358
39220412,198,100889,101087
39220413,8700,23388,32088
39220414,0,60656,60656
39220415,3085,1201,4286
39220416,56066,1550,57616
39220417,0,3032,3032
39220418,23742,0,23742
39220419,2185,0,2185
39220421,46914,33349,80263
39220422,0,63821,63821
39220423,90830,70990,161820
39220424,70128,5335,75463
39220425,5000,222572,227572
39220426,0,114494,114494
39220427,0,49,49
39220428,84080,86056,170136
39220429,15000,465,15465
39220431,46013,124543,170556
39220432,20000,8450,28450
39220433,64986,42063,107049
39220434,19870,14374,34244
39220438,29178,32128,61306
39220445,2989,853,3842
39220454,0,3369,3369
39220464,0,58716,58716
39220468,0,0,0
39220471,0,100200,100200
39220472,0,0,0
39220473,76380,99531,175911
39220474,40000,478,40478
39220475,0,1269,1269
39220476,0,863,863
39220484,4300,54,4354
39220485,4067,91591,95658
39220490,0,0,0
39220493,0,82510,82510
39220494,14583,90076,104659
39220495,26031,268690,294721
39220497,55500,38758,94258
39220499,100271,67809,168080
39220500,29000,1196,30196
39220502,50000,7208,57208
39220503,37000,127904,164904
39220504,21036,3920,24956
39220505,30064,10113,40177
39220506,184,1847,2031
39220507,40078,19703,59781
39220508,23500,6492,29992
39220509,0,858,858
39220510,13850,96166,110016
39220549,244903,595528,840431
39220550,0,46725,46725
39220551,14000,31323,45323
39220552,28000,970,28970
39220553,0,140,140
39220555,34394,37125,71519
39220556,58660,0,58660
39220559,8660,64431,73091
39220561,0,2284,2284
39220562,0,25282,25282
39220563,31922,4116,36038
39220565,20121,139083,159204
39220566,0,184126,184126
39220567,122040,309376,431416
39220569,25000,1010,26010
39220570,53680,116979,170659
39220571,0,4659,4659
39310002,19295,116104,135399
39310004,0,1541,1541
39310005,288885,30464,319349
39310006,0,0,0
39310007,100000,345745,445745
39310009,296537,850,297387
39310010,141425,1246,142671
39310011,0,320,320
39310013,44943,135964,180907
39310014,200000,529797,729797
39310015,20000,308063,328063
39310016,0,12672,12672
39310017,468868,703381,1172249
39310018,80000,29667,109667
39310019,131179,174780,305959
39310021,459301,249287,708588
39310022,787640,1102618,1890258
39310023,0,0,0
39310024,221456,210302,431758
39310026,138707,9654,148361
39310027,0,783,783
39310028,78910,345972,424882
39310029,215961,473400,689361
39310030,170000,174243,344243
39310031,0,219,219
39310032,336536,403020,739556
39310034,93000,334,93334
39310035,50000,255498,305498
39310036,150000,478919,628919
39310041,639000,581994,1220994
39310042,51000,45821,96821
39310043,306881,518309,825190
39310044,395000,144097,539097
39310045,704258,96451,800709
39310046,408819,240097,648916
39310047,404467,586245,990712
39310048,0,806,806
39310049,450000,121041,571041
39310050,275000,541,275541
39310051,146001,509797,655798
39310052,0,837,837
39310054,21848,107819,129667
39310055,337008,107783,444791
39310057,150000,224302,374302
39310058,0,121380,121380
39310059,20000,51522,71522
39310060,100000,70716,170716
39310061,9000,156113,165113
39310062,33995,200890,234885
39310063,112000,36067,148067
39310064,91299,260146,351445
39310067,35000,97245,132245
39310068,75000,1422,76422
39310069,68142,359064,427206
39310070,284540,428566,713106
39310071,0,330990,330990
39310072,61516,166189,227705
39310073,126000,2796,128796
39310074,133000,50988,183988
39310075,69577,12634,82211
39310076,669231,553751,1222982
39310077,114632,6169,120801
39310078,240510,79560,320070
39310080,127000,398,127398
39310081,85518,99654,185172
39310082,204000,27000,231000
39310083,25000,239508,264508
39310084,139000,4876,143876
39310085,35000,190623,225623
39310086,46000,69486,115486
39310087,111623,200888,312511
39310088,0,65704,65704
39310089,43340,68327,111667
39310090,55760,114634,170394
39310091,65290,33798,99088
39310092,150000,53,150053
39310094,100000,85792,185792
39310095,106036,2492,108528
39310096,27833,0,27833
39310097,174000,28443,202443
39310098,54000,122047,176047
39310099,63860,307309,371169
39310100,87500,662,88162
39310101,13300,275841,289141
39310103,131859,409471,541330
39310104,0,10,10
39310105,116250,62437,178687
39310114,60200,115216,175416
39310115,172925,542098,715023
39310116,0,6,6
39310117,73373,46478,119851
39310118,114790,130,114920
39310119,68000,940,68940
39310120,2000,390,2390
39310121,10000,33095,43095
39310124,392195,219919,612114
39310125,20000,238355,258355
39310126,115000,31832,146832
39310127,79000,756,79756
39310128,55500,510,56010
39310130,65000,46872,111872
39310132,10000,36600,46600
39310133,0,0,0
39310134,75000,13862,88862
39310135,149000,32216,181216
39310136,0,40261,40261
39310137,60387,9000,69387
39310138,50000,6600,56600
39310139,255650,551995,807645
39310140,0,544669,544669
39310141,52000,119570,171570
39310142,20000,152784,172784
39310143,116000,16778,132778
39310144,55000,26506,81506
39310145,85000,5603,90603
39310146,0,255843,255843
39310147,64000,16877,80877
39310148,144000,593,144593
39310149,26625,66608,93233
39310150,303930,243,304173
39310151,0,31,31
39310152,61976,8000,69976
39310154,129000,351,129351
39310155,40418,8898,49316
39310156,91500,116,91616
39310158,100000,7025,107025
39310159,96635,60233,156868
39310160,40000,129928,169928
39310162,0,257,257
39310163,0,500,500
39310164,73000,181,73181
39310165,70000,139656,209656
39310166,96000,252,96252
39310167,70000,149561,219561
39310168,70164,165034,235198
39310169,0,1685,1685
39310171,0,144402,144402
39310172,172760,46,172806
39310173,0,102,102
39310174,0,561,561
39310175,0,526,526
39310181,220000,13184,233184
39310182,57000,150750,207750
39310184,50000,142750,192750
39310185,148000,367,148367
39310186,0,50812,50812
39310188,28979,45380,74359
39310189,0,87,87
39310190,20000,75891,95891
39310191,100000,29729,129729
39310192,40000,4844,44844
39310197,75000,169005,244005
39310198,23106,168193,191299
39310201,48000,5,48005
39310202,155000,1048,156048
39310203,110000,6249,116249
39310205,48000,30773,78773
39310206,80000,5000,85000
39310207,50000,28821,78821
39310208,138000,1524,139524
39310209,55000,497,55497
39310210,90000,186401,276401
39310211,65000,24738,89738
39310212,209000,332,209332
39310213,35000,17916,52916
39310214,70000,102384,172384
39310215,30000,42162,72162
39310217,40000,138304,178304
39310218,26500,361,26861
39310219,6000,117967,123967
39310220,150000,58084,208084
39310221,101000,14408,115408
39310224,15000,48180,63180
39310225,0,89769,89769
39310227,29254,42407,71661
39310228,13604,175627,189231
39310229,77290,90757,168047
39310230,53008,107620,160628
39310231,50000,15286,65286
39310232,20000,43036,63036
39310239,45000,66812,111812
39310243,20000,144245,164245
39310244,108000,90592,198592
39310245,0,72886,72886
39310248,10000,69929,79929
39310252,196500,167971,364471
39310253,35000,44944,79944
39310254,26000,145455,171455
39310255,0,174811,174811
39310256,8000,41660,49660
39310258,34382,800807,835189
39310260,90000,108946,198946
39310262,15000,149476,164476
39310264,75000,733,75733
39310265,101069,10286,111355
39310266,25000,66851,91851
39310267,11000,31201,42201
39310271,0,712124,712124
39310275,0,161096,161096
39310276,78595,10932,89527
39310277,50290,170314,220604
39310278,6297,341113,347410
39310280,0,78188,78188
39310282,165000,51597,216597
39310284,0,158301,158301
39310285,68000,112847,180847
39310288,25000,51088,76088
39310293,77000,45137,122137
39310295,0,76758,76758
39310296,0,96230,96230
39310297,20000,13865,33865
39310298,20000,124657,144657
39310301,6000,94000,100000
39310302,2500,175,2675
39310305,116000,11752,127752
39310308,48000,97661,145661
39310309,7000,291659,298659
39310310,486080,237477,723557
39310311,72500,545,73045
39310312,1000,4510,5510
39310314,140000,4371,144371
39310315,44413,87307,131720
39310316,150000,5318,155318
39310317,12703,82689,95392
39310318,127250,197978,325228
39310319,26500,153,26653
39310320,0,46192,46192
39310321,0,57605,57605
39310324,87000,38482,125482
39310325,55000,30346,85346
39310328,58500,71230,129730
39310329,36000,424,36424
39310330,34500,29,34529
39310331,0,78559,78559
39310332,37418,1150,38568
39310333,0,70236,70236
39310334,12000,75686,87686
39310335,42000,326,42326
39310336,150000,1658,151658
39310337,37000,230,37230
39310338,0,240,240
39310339,100000,42896,142896
39310340,30000,934,30934
39310342,75000,1126,76126
39310343,32770,45848,78618
39310344,74000,646,74646
39310345,145000,15101,160101
39310348,0,101993,101993
39310349,0,225,225
39310351,67210,8880,76090
39310354,172500,4014,176514
39310355,140046,160855,300901
39310356,60200,41043,101243
39310357,72500,477,72977
39310358,78500,31547,110047
39310360,50000,9721,59721
39310362,35000,264,35264
39310363,45000,8353,53353
39310364,47000,2309,49309
39310365,30000,15236,45236
39310366,30000,42847,72847
39310367,40000,2227,42227
39310368,80000,14604,94604
39310369,12000,32324,44324
39310372,24000,12,24012
39310373,19000,311,19311
39310374,22261,331261,353522
39310378,0,64683,64683
39310379,81000,376,81376
39310382,22265,37439,59704
39310385,0,75941,75941
39310386,16910,45303,62213
39310387,114800,92,114892
39310388,22300,104,22404
39310389,59000,463,59463
39310390,45055,250,45305
39310391,30600,224,30824
39310393,20804,6969,27773
39310394,26000,40163,66163
39310395,0,156162,156162
39310399,10000,28754,38754
39310400,50000,64752,114752
39310401,30000,56621,86621
39310402,86144,68,86212
39310403,50000,34329,84329
39310404,30000,19218,49218
39310405,20000,98945,118945
39310406,108000,530,108530
39310407,9000,12836,21836
39310409,24647,70695,95342
39310411,0,28909,28909
39310414,125000,945,125945
39310415,45033,148609,193642
39310417,15000,11387,26387
39310419,36000,63,36063
39310423,6467,148100,154567
39310430,33000,105386,138386
39310433,70480,57246,127726
39310434,0,2061,2061
39310436,24000,485,24485
39310442,15000,239,15239
39310443,76492,653,77145
39310444,76220,239,76459
39310446,65000,50157,115157
39310447,80000,7298,87298
39310448,15000,23726,38726
39310449,0,98868,98868
39310450,216488,84807,301295
39310451,185598,2380,187978
39310452,6000,100459,106459
39310453,15000,50193,65193
39310458,0,444,444
39310459,28000,5923,33923
39310461,23000,309,23309
39310462,23800,533436,557236
39310463,0,65621,65621
39310466,13400,1185,14585
39310469,9580,21801,31381
39310470,53000,742,53742
39310471,19000,45286,64286
39310474,0,821,821
39310478,39480,20,39500
39310480,4625,226176,230801
39310481,35000,5238,40238
39310484,100000,130219,230219
39310487,97000,158,97158
39310488,70290,996,71286
39310490,58000,668,58668
39310491,0,0,0
39310492,0,88203,88203
39310493,50000,12823,62823
39310494,0,94890,94890
39310497,86500,473,86973
39310500,98500,3999,102499
39310502,165000,10811,175811
39310503,80000,3010,83010
39310504,28500,552,29052
39310505,120000,92000,212000
39310506,0,84000,84000
39310508,165000,22886,187886
39310509,55000,73621,128621
39310511,71100,63,71163
39310515,96000,1108,97108
39310516,23000,184,23184
39310518,40000,520,40520
39310519,43900,39,43939
39310520,39000,598,39598
39310521,92000,756349,848349
39310522,33000,867225,900225
39310523,100892,285,101177
39310524,217000,181909,398909
39310526,0,707,707
39310528,30000,2803,32803
39310529,17700,689,18389
39310532,45200,168,45368
39310533,70043,500,70543
39310534,32000,95,32095
39310535,0,45406,45406
39310536,40500,257,40757
39310537,90000,109183,199183
39310538,318580,125748,444328
39310540,50000,62789,112789
39310541,45464,884,46348
39310543,40290,69776,110066
39310544,0,0,0
39310545,0,0,0
39310549,50000,808,50808
39310552,0,100711,100711
39310553,0,308,308
39310558,0,79577,79577
39310559,100000,132137,232137
39310560,40000,21811,61811
39310561,27000,393,27393
39310562,46000,311,46311
39310563,30000,868,30868
39310566,186000,59678,245678
39310567,29900,80,29980
39310568,0,350335,350335
39310569,60000,16326,76326
39310570,30290,29681,59971
39310571,54290,625,54915
39310573,130290,6285,136575
39310575,0,87775,87775
39310577,141000,684,141684
39310578,70000,3564,73564
39310580,0,75,75
39310581,79000,655,79655
39310585,0,75937,75937
39310586,0,0,0
39310589,38290,47153,85443
39310596,13000,18870,31870
39310597,0,70575,70575
39310598,0,20000,20000
39310601,75000,261,75261
39310602,35000,897,35897
39310603,50000,51513,101513
39310604,37000,95,37095
39310606,15000,39056,54056
39310607,26000,1077,27077
39310608,143000,149682,292682
39310609,0,659,659
39310610,7000,66317,73317
39310611,100000,33395,133395
39310612,65000,5135,70135
39310613,152000,42,152042
39310614,486000,246000,732000
39310615,168000,12756,180756
39310616,180000,107,180107
39310618,10000,14375,24375
39310619,0,37853,37853
39310623,85000,5923,90923
39310624,70000,74059,144059
39310626,69000,2556,71556
39310627,0,896,896
39310628,34000,415,34415
39310629,145183,39665,184848
39310630,35000,58696,93696
39310632,54000,1800,55800
39310633,40000,1150,41150
39310634,28700,28792,57492
39310635,40000,719,40719
39310636,60000,24601,84601
39310637,0,4000,4000
39310638,70000,77,70077
39310639,30080,788,30868
39310640,0,32,32
39310641,73000,935,73935
39310643,50000,13396,63396
39310644,36000,317,36317
39310645,50000,32349,82349
39310646,20000,3738,23738
39310647,30000,1112,31112
39310649,30000,18431,48431
39310650,64000,34136,98136
39310651,16000,57133,73133
39310652,27000,31953,58953
39310653,100000,134199,234199
39310654,20000,60187,80187
39310655,0,33864,33864
39310656,20000,43199,63199
39310657,0,27651,27651
39310658,40000,2314,42314
39310659,37000,56,37056
39310660,33782,1000,34782
39310662,78000,38377,116377
39310665,0,26194,26194
39310666,61000,361,61361
39310667,10000,80761,90761
39310668,30000,60658,90658
39310669,70000,21718,91718
39310670,71000,9000,80000
39310671,52767,9000,61767
39310672,10000,116644,126644
39310674,36500,301,36801
39310678,79000,236,79236
39310679,0,49015,49015
39310681,49000,47252,96252
39310682,8000,15254,23254
39310684,45000,87337,132337
39310685,22326,84,22410
39310687,70000,26617,96617
39310689,66480,39,66519
39310692,25000,40970,65970
39310693,30000,31679,61679
39310695,15000,418898,433898
39310697,67000,137,67137
39310698,0,199,199
39310699,197000,1471,198471
39310700,20000,6425,26425
39310701,0,805,805
39310702,0,79922,79922
39310703,25000,5881,30881
39310704,8000,662,8662
39310705,35000,118,35118
39310706,49500,320,49820
39310707,0,187,187
39310708,21000,42804,63804
39310710,0,500,500
39310711,200160,571,200731
39310713,29000,20414,49414
39310714,38992,411,39403
39310715,192016,49314,241330
39310716,43678,0,43678
39310717,10000,13739,23739
39310718,0,5000,5000
39310720,97825,180908,278733
39310721,25000,101709,126709
39310722,0,482,482
39310723,61934,0,61934
39310725,0,2359,2359
39310726,4000,117,4117
39310727,50,74293,74343
39310728,0,25953,25953
39310729,0,43170,43170
39310733,35700,27,35727
39310735,30000,51010,81010
39310737,0,0,0
39310738,0,53,53
39310739,26000,991,26991
39310740,11710,130372,142082
39310741,39000,5314,44314
39310744,10857,35701,46558
39310745,10000,38100,48100
39310747,50939,2420,53359
39310749,0,30,30
39310750,50000,40794,90794
39310752,69000,227,69227
39310753,72000,2155,74155
39310754,0,247,247
39310755,0,205,205
39310757,34191,0,34191
39310758,10370,170087,180457
39310759,50000,138090,188090
39310760,25000,79000,104000
39310761,48000,325,48325
39310763,0,0,0
39310766,15000,30239,45239
39310767,0,0,0
39310768,97500,113755,211255
39310769,0,0,0
39310770,0,0,0
39310771,0,0,0
39310789,0,0,0
39310807,0,0,0
39310813,0,236,236
39310814,0,100,100
39310816,0,0,0
39310833,0,0,0
39310841,48000,47870,95870
39310844,0,0,0
39310845,135000,13738,148738
39310846,20000,96445,116445
39310850,53041,19561,72602
39310851,52000,24315,76315
39310853,0,0,0
39310855,0,0,0
39310859,0,0,0
39310861,0,0,0
39310870,70,91517,91587
39310871,37000,93,37093
39310873,11628,65116,76744
39310874,0,0,0
39310875,0,0,0
39310876,0,0,0
39310879,0,0,0
39310882,0,0,0
39310883,0,0,0
39310884,0,0,0
39310887,0,0,0
39310900,27000,27,27027
39310903,0,0,0
39310913,0,0,0
39310919,0,0,0
39310926,20000,10818,30818
39310931,0,100,100
39310933,0,100,100
39310934,0,0,0
39310939,0,0,0
39310942,0,428,428
39310943,65000,77538,142538
39310946,29500,381,29881
39310949,50000,61207,111207
39310955,0,0,0
39310960,0,0,0
39310962,0,0,0
39310964,47475,487,47962
39310966,58500,760,59260
39310967,50000,22914,72914
39310968,34500,454,34954
39310970,0,21938,21938
39310971,17790,49529,67319
39310972,0,45,45
39310973,60290,165361,225651
39310974,25096,0,25096
39310975,0,275,275
39310976,25000,24833,49833
39310977,100000,15105,115105
39310978,53858,115716,169574
39310979,5000,47619,52619
39310980,0,0,0
39310981,90000,38553,128553
39310982,0,0,0
39310983,9180,44894,54074
39310985,33000,28842,61842
39310986,18500,4513,23013
39310987,0,58455,58455
39310988,5000,1074,6074
39310989,39812,283466,323278
39310992,0,139866,139866
39310993,371190,175346,546536
39310994,82000,200927,282927
39310995,0,254,254
39310999,0,11356,11356
39311001,0,368,368
39311002,0,8600,8600
39311003,0,419,419
39311005,62000,20293,82293
39311006,0,1552,1552
39311007,45000,60895,105895
39311010,0,43529,43529
39311011,0,46614,46614
39311012,0,196,196
39311013,0,906,906
39311015,24360,145070,169430
39311021,125000,701,125701
39311022,0,43736,43736
39311032,79725,316,80041
39311033,31000,23024,54024
39311034,0,0,0
39311036,0,304,304
39311037,100000,84590,184590
39311040,25000,133,25133
39311051,62000,56,62056
39311052,152995,59289,212284
39311053,0,122700,122700
39311054,25000,149,25149
39311056,9241,46207,55448
39311058,102500,248,102748
39311060,41000,902,41902
39311061,10000,52291,62291
39311063,0,46252,46252
39311065,86000,3529,89529
39311070,41000,193,41193
39311071,47600,75,47675
39311073,44100,98,44198
39311075,57000,47164,104164
39311076,30000,120,30120
39311077,0,28000,28000
39311079,0,80346,80346
39311080,24000,68201,92201
39311081,29950,32884,62834
39320001,451626,5156153,5607779
39320002,117446,409932,527378
39320003,0,4443,4443
39320006,492314,202614,694928
39320007,0,255744,255744
39320008,69993,153720,223713
39320009,304315,96084,400399
39320010,155885,1029,156914
39320011,87729,79350,167079
39320012,90000,38555,128555
39320017,185000,226889,411889
39320020,0,0,0
39320021,0,1143,1143
39320022,362127,244538,606665
39320023,200000,158281,358281
39320024,0,46,46
39320026,130561,9660,140221
39320027,125609,65185,190794
39320030,143000,930,143930
39320031,40000,2078,42078
39320033,205000,88905,293905
39320037,0,20000,20000
39320042,365574,219170,584744
39320044,0,94919,94919
39320045,0,58,58
39320053,0,242,242
39320056,50000,770418,820418
39320059,0,659,659
39320061,0,455203,455203
39320066,1885789,2046197,3931986
39320067,0,168,168
39320068,415500,6765,422265
39320069,0,298526,298526
39320070,246950,1180,248130
39320071,0,842604,842604
39320072,82717,115331,198048
39320074,342000,40783,382783
39320075,204334,250797,455131
39320076,105000,332315,437315
39320077,154009,84129,238138
39320078,200000,190152,390152
39320079,30000,69253,99253
39320080,650000,357812,1007812
39320081,178990,410460,589450
39320082,114600,447089,561689
39320083,71000,477551,548551
39320084,125174,287104,412278
39320087,0,208199,208199
39320088,75000,5117,80117
39320089,0,316561,316561
39320090,100000,359822,459822
39320091,0,223688,223688
39320092,111143,336576,447719
39320094,4000,339,4339
39320095,74000,78200,152200
39320096,596193,36357,632550
39320097,200678,258300,458978
39320098,84500,45972,130472
39320099,0,17748,17748
39320100,110000,88920,198920
39320101,175000,4042,179042
39320102,48944,52126,101070
39320106,46879,25640,72519
39320108,0,0,0
39320109,80000,527964,607964
39320110,0,93506,93506
39320111,160058,58000,218058
39320112,50000,104445,154445
39320113,150000,109167,259167
39320114,0,1285,1285
39320115,164696,318327,483023
39320117,236000,162181,398181
39320118,122477,219259,341736
39320122,184080,15920,200000
39320134,106464,189691,296155
39320135,84739,275264,360003
39320136,0,487758,487758
39320137,170000,80558,250558
39320138,0,63,63
39320139,456711,696715,1153426
39320140,80000,161625,241625
39320141,100056,0,100056
39320142,0,109,109
39320144,43215,14095,57310
39320146,48000,584,48584
39320147,55000,2417,57417
39320155,77758,0,77758
39320156,20499,13501,34000
39320159,0,210000,210000
39320160,50000,161744,211744
39320165,100000,382480,482480
39320166,0,388086,388086
39320167,33189,14572,47761
39320168,35000,128738,163738
39320169,90000,9982,99982
39320170,60000,59937,119937
39320173,0,70491,70491
39320174,240890,521,241411
39320177,41300,20282,61582
39320180,0,553,553
39320181,108030,12470,120500
39320183,582900,1605575,2188475
39320185,0,330695,330695
39320187,0,0,0
39320188,75000,18091,93091
39320189,70000,58158,128158
39320190,102031,24822,126853
39320195,100000,39781,139781
39320198,10000,74041,84041
39320199,0,647,647
39320200,0,68406,68406
39320201,171065,50253,221318
39320207,55000,342,55342
39320208,0,1015,1015
39320209,30000,87063,117063
39320210,65500,12713,78213
39320211,0,2833,2833
39320213,138290,233669,371959
39320214,100000,82257,182257
39320215,50000,1231542,1281542
39320217,49000,673,49673
39320218,334454,121631,456085
39320219,82344,6912,89256
39320220,0,100,100
39320221,168450,1550,170000
39320222,25000,35213,60213
39320223,169890,110076,279966
39320224,55000,293,55293
39320226,43175,36,43211
39320273,486692,476,487168
39320274,328454,72078,400532
39320275,0,58086,58086
39320276,0,175602,175602
39320278,534852,136987,671839
39320279,375000,153191,528191
39320280,40000,31137,71137
39320281,0,45161,45161
39320282,428453,103274,531727
39320283,328454,814,329268
39320284,90000,36191,126191
39320285,0,0,0
39320286,15000,90529,105529
39320287,58000,944,58944
39320290,0,216486,216486
39320291,0,3953,3953
39320292,0,40988,40988
39320293,0,503,503
39320294,0,63517,63517
39320297,0,127577,127577
39320298,0,273509,273509
39320299,0,0,0
39320300,0,773,773
39320301,155000,1098,156098
39320302,120000,155835,275835
39320304,61000,469,61469
39320308,42000,2429,44429
39320312,0,4189,4189
39320313,0,28260,28260
39320314,40000,504,40504
39320315,36000,274,36274
39320316,0,69597,69597
39320322,0,264,264
39320323,0,53979,53979
39320329,11000,318,11318
39320330,40000,6272,46272
39320333,0,1604,1604
39320336,0,706,706
39320337,0,88940,88940
39320338,0,2643,2643
39320342,0,60274,60274
39320343,65687,1246,66933
39320344,20000,85500,105500
39320346,0,58580,58580
39320347,0,98807,98807
39320351,60000,42278,102278
39320352,115000,196479,311479
39320353,12000,1597,13597
39320355,0,231280,231280
39320356,70000,56165,126165
39320357,173890,61418,235308
39320358,31804,36700,68504
39320362,0,491,491
39320366,0,107735,107735
39320367,419780,307863,727643
39320369,7000,424,7424
39320370,169981,200373,370354
39320372,597692,296925,894617
39320373,185890,97432,283322
39320375,0,72500,72500
39320376,399780,106453,506233
39320377,389780,115145,504925
39320379,20000,41,20041
39320380,50000,71103,121103
39320381,411780,973,412753
39320382,130000,70244,200244
39320383,8000,78999,86999
39320384,2242,119457,121699
39320385,209890,104117,314007
39320388,674844,524,675368
39320389,0,35094,35094
39320390,0,85,85
39320391,495412,72313,567725
39320398,55000,170227,225227
39320399,2639,0,2639
39320400,5200,73008,78208
39320402,48450,41495,89945
39320404,0,323,323
39320405,10000,51645,61645
39320406,35846,53474,89320
39320407,45000,13416,58416
39320408,73927,165170,239097
39320409,0,125,125
39320420,169890,296,170186
39320421,1,1257,1258
39320423,0,86332,86332
39320425,39257,42196,81453
39320428,67320,1564,68884
39320429,332454,87700,420154
39320430,169800,902,170702
39320431,130000,326727,456727
39320432,0,3135,3135
39320434,227990,83,228073
39320445,0,55589,55589
39320446,29000,49569,78569
39320447,0,363,363
39320450,74000,91864,165864
39320451,0,424,424
39320471,104500,1307,105807
39320472,80000,5576,85576
39320473,284040,35450,319490
39320474,113710,18894,132604
39320475,25300,21094,46394
39320477,0,73326,73326
39320478,30580,19000,49580
39320479,5000,0,5000
39320480,17550,70917,88467
39320482,0,0,0
39320484,70000,95502,165502
39320485,60000,113733,173733
39320487,45000,77587,122587
39320489,82050,123000,205050
39320490,40000,80481,120481
39320492,518454,21249,539703
39320493,0,0,0
39320494,30000,204711,234711
39320497,119731,477,120208
39320498,119280,55970,175250
39320499,40000,87937,127937
39320500,182000,62413,244413
39320501,45766,75904,121670
39320502,179000,41769,220769
39320503,0,44069,44069
39320504,93494,0,93494
39320508,208000,40463,248463
39320509,21000,21,21021
39320510,30000,26740,56740
39320511,0,258956,258956
39320512,100000,37180,137180
39320513,0,65464,65464
39320514,249890,34687,284577
39320515,56394,0,56394
39320516,30000,16355,46355
39320517,30000,20123,50123
39320518,0,560,560
39320520,95000,112710,207710
39320521,66911,7559,74470
39320523,85000,1449,86449
39320526,0,0,445
39320527,174000,1349499,1523499
39320528,100000,30783,130783
39320529,30350,24760,55110
39320531,120000,75235,195235
39320534,40000,20670,60670
39320538,91000,30950,121950
39320539,9000,396,9396
39320540,10000,41103,51103
39320596,0,206,206
39320597,110000,546,110546
39320601,80000,146258,226258
39320602,0,200466,200466
39320603,40000,34492,74492
39320604,0,57157,57157
39320605,0,497,497
39320606,0,149702,149702
39320607,0,79221,79221
39320608,35000,15719,50719
39320609,120000,322350,442350
39320610,98000,171770,269770
39320611,49000,658,49658
39320612,69000,169533,238533
39320613,6378,206389,212767
39320614,0,124324,124324
39320615,110000,3939409,4049409
39320616,0,0,0
39320617,339780,101412,441192
39320618,20000,80556,100556
39320619,21920,12568,34488
39320620,30000,41354,71354
39320621,13000,22,13022
39320622,0,146080,146080
39320623,339000,116810,455810
39320625,78080,107883,185963
39320626,190000,287501,477501
39320627,164113,57589,221702
39320628,47000,127839,174839
39320629,0,0,0
39320631,143000,10575,153575
39320632,0,0,0
39320633,134000,205780,339780
39320634,50000,350812,400812
39320635,23000,47817,70817
39320636,68000,148843,216843
39320637,0,0,0
39320638,110000,16068,126068
39320639,50000,41132,91132
39320640,170000,218176,388176
39320641,51620,0,51620
39320643,17080,106,17186
39320644,0,74281,74281
39320645,34000,825,34825
39320646,80000,144622,224622
39320647,0,470951,470951
39320648,20000,63000,83000
39320649,0,191749,191749
39320651,150000,166810,316810
39320652,0,0,0
39320653,0,228541,228541
39320654,118000,227050,345050
39320655,10000,111159,121159
39320656,186000,3925,189925
39320657,0,120471,120471
39320658,0,5269,5269
39320659,78000,295,78295
39320660,0,1666,1666
39320663,0,934991,934991
39320664,96560,741340,837900
39320665,290000,204985,494985
39320666,25000,15875,40875
39320667,20777,274822,295599
39320668,62933,25468,88401
39320669,19663,3899,23562
39320670,400000,511417,911417
39320671,10000,137909,147909
39320672,20000,6094,26094
39320673,65000,34396,99396
39320674,33000,184,33184
39320675,0,101,101
39320676,44812,11571,56383
39320678,71000,199,71199
39320687,13000,6684,19684
39320688,0,46,46
39320690,85000,75782,160782
39320691,76309,338,76647
39320695,21000,104272,125272
39320696,59200,299,59499
39320697,324600,385458,710058
39320698,0,183047,183047
39320699,24000,4920,28920
39320702,0,6871,6871
39320706,98521,91235,189756
39320707,0,54332,54332
39320710,57000,781,57781
39320712,25000,13770,38770
39320713,0,969,969
39320714,0,313,313
39320719,0,954,954
39320721,0,176,176
39320723,0,952,952
39320727,0,416,416
39320736,36000,308,36308
39320737,16000,250,16250
39320738,81160,18393,99553
39320739,36000,888,36888
39320740,19551,7016,26567
39320743,1500,12,1512
39320744,20000,713,20713
39320745,36424,12298,48722
39320746,81000,26680,107680
39320747,28000,81,28081
39320748,94000,247,94247
39320749,7000,46091,53091
39320750,0,0,0
39320751,80000,382197,462197
39320752,60332,27200,87532
39320765,0,55306,55306
39320771,87000,583590,670590
39320772,16000,1645,17645
39320773,0,52986,52986
39320774,80000,198434,278434
39320777,100000,39781,139781
39320781,0,42906,42906
39320782,0,42141,42141
39320784,78000,501843,579843
39320785,35000,30198,65198
39320786,40000,77648,117648
39320787,76000,320,76320
39320788,0,449,449
39320789,0,330,330
39320801,0,500,500
39320811,210065,33262,243327
39320835,0,0,0
39320843,0,558,558
39320859,0,0,0
39320863,0,0,0
39320868,0,1178,1178
39320869,0,0,1323
39320873,0,0,0
39320877,0,0,0
39320884,99500,176810,276310
39320885,0,107435,107435
39320890,0,546,546
39320892,65000,97874,162874
39320898,0,0,0
39320950,15000,81864,96864
39320953,10000,35777,45777
39320955,40000,162620,202620
39320956,77000,61423,138423
39320957,62589,369996,432585
39320958,10000,96845,106845
39320961,76000,78174,154174
39320962,60000,635,60635
39320964,197335,135593,332928
39320965,364855,619,365474
39320966,148000,92163,240163
39320967,61000,90404,151404
39320968,390000,71731,461731
39320997,51000,103572,154572
39320998,120000,3141,123141
39320999,141350,3268,144618
39321006,20000,125168,145168
39321008,69000,100936,169936
39321011,10000,20247,30247
39321014,0,71,71
39321015,191928,473526,665454
39321016,125000,73548,198548
39321021,108734,125462,234196
39321023,10000,158972,168972
39321025,50000,74646,124646
39321026,213003,1261907,1474910
39321028,311292,80049,391341
39321030,144000,46,144046
39321033,88290,457,88747
39321034,10000,339600,349600
39321035,80000,75416,155416
39321037,0,722,722
39321038,50000,347,50347
39321042,259210,152650,411860
39330001,85787,982832,1068619
39330003,0,151059,151059
39330013,135736,129601,265337
39330014,46623,153698,200321
39330015,90000,315994,405994
39330016,174922,819150,994072
39330018,160938,67116,228054
39330028,165951,584570,750521
39330029,0,385100,385100
39330032,251116,1126241,1377357
39330038,0,300,300
39330039,0,1622,1622
39330040,0,185758,185758
39330046,0,171842,171842
39330048,285495,165207,450702
39330050,0,103,103
39330051,0,0,0
39330052,0,200691,200691
39330057,267958,338564,606522
39330058,255152,72000,327152
39330060,21938,267415,289353
39330062,535000,51970,586970
39330063,4000,36000,40000
39330065,328919,0,328919
39330073,241900,243485,485385
39330085,0,42169,42169
39330086,0,20956,20956
39330093,80100,76563,156663
39330104,180000,98686,278686
39330107,0,0,0
39330119,163609,480338,643947
39330120,0,490386,490386
39330121,0,1732,1732
39330123,84500,468,84968
39330124,150000,62021,212021
39330125,1383,0,1383
39330126,101270,5564,106834
39330127,168000,347438,515438
39330128,90000,104194,194194
39330130,100000,206241,306241
39330131,185000,818,185818
39330132,0,512730,512730
39330133,97000,49918,146918
39330143,0,48,48
39330145,21637,0,21637
39330148,72800,33,72833
39330150,202500,3997,206497
39330151,35000,45731,80731
39330152,355488,0,355488
39330153,271877,324617,596494
39330154,0,70,70
39330157,166041,488463,654504
39330158,0,500,500
39330164,250000,268880,518880
39330228,74160,173388,247548
39330229,29730,706293,736023
39330230,17000,18917,35917
39330231,89000,4274,93274
39330233,53977,35813,89790
39330234,38000,2037,40037
39330235,61160,6815,67975
39330236,67000,29209,96209
39330238,17000,20497,37497
39330241,10000,647,10647
39330242,40000,21508,61508
39330243,27188,60563,87751
39330244,25000,47925,72925
39330246,40000,68706,108706
39330247,0,62240,62240
39330248,27529,8543,36072
39330249,95000,65128,160128
39330251,0,713,713
39330252,11160,65202,76362
39330253,105000,14993,119993
39330254,16000,176586,192586
39330255,54000,141775,195775
39330256,100000,86881,186881
39330257,48000,16637,64637
39330258,109155,31875,141030
39330260,23000,28493,51493
39330261,30000,41560,71560
39330263,56135,53,56188
39330264,14267,5829,20096
39330265,34695,10730,45425
39330266,45000,45703,90703
39330267,0,1362,1362
39330269,33755,24494,58249
39330270,31279,20911,52190
39330271,30000,96063,126063
39330318,0,25408,25408
39330320,60000,2680,62680
39330321,10000,75383,85383
39330325,0,331718,331718
39330327,0,482,482
39330331,50000,152332,202332
39330332,14000,142,14142
39330334,40000,861,40861
39330393,0,1974,1974
39330394,12443,58147,70590
39330395,0,85701,85701
39330411,35000,25033,60033
39330413,25000,82347,107347
39330414,50000,40760,90760
39330415,44000,633,44633
39330416,0,682,682
39330436,47900,132,48032
39330438,290,198517,198807
39330439,17668,50281,67949
39330441,90000,17209,107209
39330442,30000,41955,71955
39330452,26000,328682,354682
39330454,150000,36279,186279
39330455,25000,1022,26022
39330458,21000,60214,81214
39330461,0,264,264
39330464,0,61943,61943
39330465,31000,484,31484
39330541,47160,1371,48531
39330542,48000,19686,67686
39330545,63400,57,63457
39330546,164271,15022,179293
39330548,66000,111,66111
39330549,58000,794,58794
39330550,0,5050,5050
39330551,130000,63010,193010
39330553,41000,57804,98804
39330554,61000,132817,193817
39330555,29459,8747,38206
39330556,170360,104061,274421
39330557,65000,2625,67625
39330558,116000,699,116699
39330559,1160,3419,4579
39330560,86000,801,86801
39330561,40000,36455,76455
39330562,0,3756,3756
39330566,0,137,137
39330569,0,254,254
39330570,63000,71458,134458
39330571,4500,4762,9262
39330573,147000,212000,359000
39330574,0,0,0
39330575,73000,7244,80244
39330577,80000,1556,81556
39330578,146581,473,147054
39330579,223469,54673,278142
39330580,457130,443861,900991
39330581,0,888,888
39330583,329361,89712,419073
39330587,108000,2231,110231
39330588,24000,149029,173029
39330589,0,5111,5111
39330590,86000,1069,87069
39330591,85000,17572,102572
39330593,94362,76064,170426
39330594,13000,56957,69957
39330650,50000,1106,51106
39330662,40000,56259,96259
39330679,0,5375,5375
39330680,69000,88,69088
39330681,0,189249,189249
39330682,67000,212,67212
39330685,10500,11063,21563
39330686,0,835,835
39330716,0,478,478
39330728,93600,20214,113814
39330733,59000,305,59305
39330734,5000,14376,19376
39330735,53006,40,53046
39330756,19000,416,19416
39330757,0,547,547
39330758,0,0,0
39330759,71000,10160,81160
39330760,0,101080,101080
39330761,0,1495,1495
39330762,30000,59924,89924
39330763,56000,1342,57342
39330766,49000,707,49707
39330767,30000,5351,35351
39330768,60000,209880,269880
39330769,40000,9772,49772
39330775,25000,8188,33188
39330778,25000,34698,59698
39330783,32000,564,32564
39330847,0,0,0
39330850,0,0,0
39330857,0,454,454
39330875,0,0,0
39330881,0,0,0
39330946,24000,473,24473
39330947,0,0,0
39331002,0,0,0
39331009,85000,92773,177773
39331010,75580,7519,83099
39331012,0,63029,63029
39331018,54700,122,54822
39331019,20000,239386,259386
39331020,60000,97612,157612
39331029,7580,386,7966
39331030,15000,1327,16327